# Flexible energy resources
6781.390000
6781.390000
6781.390000
6781.390000
6781.390000
6781.390000
6781.390000
6781.390000
6781.390000
6781.390000
6781.390000
6781.390000
6781.390000
0.000000
0.000000
0.000000
0.000000
0.000000
0.000000
385.612525
2610.551296
6781.390000
6781.390000
6781.390000
6781.390000
6781.390000
0.000000
0.000000
0.000000
0.000000
0.000000
3298.090297
6070.735664
6781.390000
6781.390000
6781.390000
6781.390000
6781.390000
6781.390000
6781.390000
6781.390000
6781.390000
6781.390000
6781.390000
6781.390000
6781.390000
6781.390000
6781.390000
6781.390000
0.000000
0.000000
0.000000
0.000000
1497.409557
2290.291884
6781.390000
6781.390000
6781.390000
6781.390000
6781.390000
6781.390000
3041.920447
5850.974763
0.000000
0.000000
0.000000
0.000000
0.000000
0.000000
0.000000
0.000000
0.000000
0.000000
0.000000
0.000000
0.000000
0.000000
6781.390000
6781.390000
6781.390000
6781.390000
6781.390000
6781.390000
6781.390000
6781.390000
6781.390000
6781.390000
6781.390000
6781.390000
6781.390000
6781.390000
6781.390000
6781.390000
6781.390000
6781.390000
6781.390000
6781.390000
6781.390000
6781.390000
6781.390000
6781.390000
6781.390000
6781.390000
6781.390000
6781.390000
6781.390000
6781.390000
6781.390000
6781.390000
6781.390000
6781.390000
6781.390000
6781.390000
6781.390000
6384.137987
5443.316990
5899.066103
5833.259689
6781.390000
2996.082107
3806.642680
4006.613891
5832.406596
6781.390000
1346.313216
6781.390000
6781.390000
6781.390000
6781.390000
6781.390000
6781.390000
6781.390000
6781.390000
6781.390000
6781.390000
6781.390000
6781.390000
6781.390000
6781.390000
6781.390000
6781.390000
6781.390000
6781.390000
6781.390000
6781.390000
6781.390000
6781.390000
6781.390000
6781.390000
6781.390000
6781.390000
6781.390000
6781.390000
6781.390000
6781.390000
367.995017
1662.966452
0.000000
0.000000
0.000000
0.000000
0.000000
0.000000
0.000000
0.000000
0.000000
0.000000
0.000000
0.000000
0.000000
0.000000
439.468428
6781.390000
6055.793539
6781.390000
6781.390000
6781.390000
6781.390000
6781.390000
6781.390000
6781.390000
6781.390000
6781.390000
6781.390000
6781.390000
6781.390000
6781.390000
6781.390000
6781.390000
6781.390000
6781.390000
6781.390000
6781.390000
6781.390000
6781.390000
6781.390000
6781.390000
6781.390000
6781.390000
6781.390000
6781.390000
6781.390000
6781.390000
6781.390000
6781.390000
3230.019056
4792.235684
0.000000
1631.678594
6781.390000
6781.390000
6781.390000
6781.390000
6781.390000
6781.390000
6781.390000
6781.390000
5754.836017
6458.248091
4726.494386
679.062512
588.782289
3902.656486
6781.390000
6781.390000
6781.390000
6781.390000
6781.390000
6781.390000
6781.390000
6781.390000
6781.390000
6781.390000
6781.390000
6781.390000
6781.390000
6781.390000
6781.390000
6781.390000
6781.390000
6781.390000
6781.390000
6781.390000
6781.390000
6781.390000
6781.390000
6781.390000
6781.390000
6781.390000
6781.390000
6781.390000
6781.390000
6781.390000
5962.190928
6781.390000
3212.393939
1802.047900
0.000000
0.000000
0.000000
0.000000
165.292682
1015.561164
0.000000
0.000000
2931.436765
4692.328961
6781.390000
6781.390000
6781.390000
6781.390000
6781.390000
6781.390000
6781.390000
6781.390000
6781.390000
6781.390000
6781.390000
6781.390000
6781.390000
6781.390000
6781.390000
6781.390000
6781.390000
6781.390000
6781.390000
6781.390000
6781.390000
6781.390000
6781.390000
6781.390000
6781.390000
6781.390000
6781.390000
6781.390000
6781.390000
6781.390000
6781.390000
6781.390000
6781.390000
6781.390000
6781.390000
6781.390000
6781.390000
6781.390000
6781.390000
6781.390000
6781.390000
6781.390000
6781.390000
6781.390000
6781.390000
6781.390000
6781.390000
6781.390000
6781.390000
4306.428203
6781.390000
6781.390000
6781.390000
6781.390000
6781.390000
6781.390000
6781.390000
6781.390000
6781.390000
6781.390000
6781.390000
6781.390000
6781.390000
6781.390000
6781.390000
6781.390000
6781.390000
6781.390000
6781.390000
6781.390000
6781.390000
6781.390000
6781.390000
6781.390000
6781.390000
6781.390000
6781.390000
6781.390000
6781.390000
6781.390000
6781.390000
6781.390000
0.000000
0.000000
0.000000
0.000000
0.000000
0.000000
0.000000
0.000000
0.000000
0.000000
0.000000
0.000000
0.000000
0.000000
834.077654
6781.390000
6781.390000
6781.390000
6781.390000
6781.390000
6781.390000
6781.390000
6781.390000
6781.390000
6781.390000
6781.390000
6781.390000
6781.390000
6781.390000
6781.390000
6781.390000
6781.390000
6781.390000
6781.390000
6781.390000
6781.390000
6781.390000
6781.390000
6781.390000
6781.390000
6781.390000
6781.390000
6781.390000
6781.390000
6781.390000
6781.390000
6781.390000
6781.390000
6781.390000
6781.390000
6781.390000
6781.390000
1410.580395
0.000000
3885.415901
4331.941162
4688.983947
5438.206511
6781.390000
6781.390000
6781.390000
6781.390000
6781.390000
6781.390000
6781.390000
6781.390000
6781.390000
6781.390000
6781.390000
6781.390000
6781.390000
6781.390000
6781.390000
6781.390000
6781.390000
6781.390000
6781.390000
6781.390000
6781.390000
6781.390000
6781.390000
6781.390000
6781.390000
6781.390000
6781.390000
6781.390000
6781.390000
6781.390000
6781.390000
6781.390000
6781.390000
6781.390000
6781.390000
6781.390000
6781.390000
6781.390000
2251.857686
4997.246834
6781.390000
6781.390000
6781.390000
6781.390000
6781.390000
6781.390000
6781.390000
6781.390000
6781.390000
6781.390000
6781.390000
6781.390000
6781.390000
6781.390000
6781.390000
6781.390000
6781.390000
6781.390000
6781.390000
6781.390000
6781.390000
6781.390000
6781.390000
6781.390000
6781.390000
6781.390000
6781.390000
6781.390000
6781.390000
6781.390000
6781.390000
6781.390000
6781.390000
6781.390000
6781.390000
6781.390000
6781.390000
6781.390000
6781.390000
6781.390000
6781.390000
6781.390000
6781.390000
6781.390000
2276.229848
3298.372646
0.000000
0.000000
0.000000
0.000000
0.000000
575.942403
1158.179181
3347.874001
6781.390000
6781.390000
6781.390000
6781.390000
6781.390000
6781.390000
6781.390000
6781.390000
6781.390000
6781.390000
6781.390000
6781.390000
6781.390000
6781.390000
6781.390000
6781.390000
6781.390000
6781.390000
6781.390000
6781.390000
6781.390000
6781.390000
6781.390000
6781.390000
6781.390000
6781.390000
6781.390000
6781.390000
6781.390000
6781.390000
6781.390000
6781.390000
6781.390000
6781.390000
6781.390000
6781.390000
6781.390000
6781.390000
3895.010721
4801.977830
0.000000
0.000000
0.000000
0.000000
0.000000
278.235911
6781.390000
6781.390000
6781.390000
6781.390000
6781.390000
6781.390000
6781.390000
6781.390000
6781.390000
6781.390000
6781.390000
6781.390000
6781.390000
6781.390000
6781.390000
6781.390000
6781.390000
6781.390000
6781.390000
6781.390000
6781.390000
6781.390000
6781.390000
6781.390000
6781.390000
6781.390000
6781.390000
6781.390000
6781.390000
6781.390000
6781.390000
6781.390000
6781.390000
6781.390000
6781.390000
6781.390000
6781.390000
6781.390000
6781.390000
6781.390000
6781.390000
6781.390000
2149.709421
5043.939143
2288.840678
936.166452
0.000000
0.000000
0.000000
0.000000
5051.170818
5966.613993
6781.390000
6781.390000
6781.390000
6781.390000
6781.390000
6781.390000
6781.390000
6781.390000
6781.390000
6781.390000
6781.390000
6781.390000
6781.390000
6781.390000
6781.390000
6781.390000
6781.390000
6781.390000
6781.390000
6781.390000
6781.390000
6781.390000
6781.390000
6781.390000
6781.390000
6781.390000
6781.390000
6781.390000
6781.390000
6781.390000
6781.390000
6781.390000
6781.390000
6781.390000
6781.390000
6781.390000
6781.390000
6781.390000
2256.909345
5318.816520
6781.390000
6204.272619
6781.390000
5855.373722
0.000000
592.779148
4312.528033
5448.875414
6781.390000
6781.390000
6781.390000
6781.390000
6781.390000
6781.390000
6781.390000
6781.390000
6781.390000
6781.390000
6781.390000
6781.390000
6781.390000
6781.390000
6781.390000
6781.390000
6781.390000
6781.390000
6781.390000
6781.390000
6781.390000
6781.390000
6781.390000
6781.390000
6781.390000
6781.390000
6781.390000
6781.390000
6781.390000
6781.390000
6781.390000
6781.390000
6781.390000
6781.390000
6781.390000
6781.390000
6781.390000
6781.390000
0.000000
0.000000
0.000000
0.000000
0.000000
0.000000
0.000000
0.000000
0.000000
0.000000
6781.390000
6781.390000
6781.390000
6781.390000
6781.390000
6781.390000
6781.390000
6781.390000
6781.390000
6781.390000
6781.390000
6781.390000
6781.390000
6781.390000
6781.390000
6781.390000
6781.390000
6781.390000
6781.390000
6781.390000
6781.390000
6781.390000
6781.390000
6781.390000
6781.390000
6781.390000
6781.390000
6781.390000
6781.390000
6781.390000
6781.390000
6781.390000
6781.390000
6781.390000
6781.390000
6781.390000
6781.390000
6781.390000
4686.912785
6781.390000
6781.390000
6086.041243
2494.253939
1362.841340
4790.410611
5586.519670
6781.390000
6781.390000
6781.390000
6781.390000
6781.390000
6781.390000
6781.390000
6781.390000
6781.390000
6781.390000
6781.390000
6781.390000
6781.390000
6781.390000
6781.390000
6781.390000
6781.390000
6781.390000
6781.390000
6781.390000
6781.390000
6781.390000
6781.390000
6781.390000
6781.390000
6781.390000
6781.390000
6781.390000
6781.390000
6781.390000
6781.390000
6781.390000
6781.390000
6781.390000
6781.390000
6781.390000
6781.390000
6781.390000
6781.390000
6781.390000
232.275672
3395.577988
0.000000
0.000000
0.000000
0.000000
0.000000
0.000000
736.186538
1880.565219
5621.760958
6382.102997
6781.390000
6781.390000
6781.390000
6781.390000
6781.390000
6781.390000
6781.390000
6781.390000
6781.390000
6781.390000
6781.390000
6781.390000
6781.390000
6781.390000
6781.390000
6781.390000
6781.390000
6781.390000
6781.390000
6781.390000
6781.390000
6781.390000
6781.390000
6781.390000
6781.390000
6781.390000
6781.390000
6781.390000
6781.390000
6781.390000
6781.390000
6781.390000
6781.390000
6781.390000
6781.390000
6781.390000
0.000000
0.000000
490.822803
3168.877364
6781.390000
6781.390000
6781.390000
6781.390000
6781.390000
6781.390000
6781.390000
6781.390000
6781.390000
6781.390000
6781.390000
6781.390000
6781.390000
6781.390000
6781.390000
6781.390000
6781.390000
6781.390000
6781.390000
6781.390000
6781.390000
6781.390000
6781.390000
6781.390000
6781.390000
6781.390000
6781.390000
6781.390000
6781.390000
6781.390000
6781.390000
6781.390000
6781.390000
6781.390000
6781.390000
6781.390000
6781.390000
6781.390000
6781.390000
6781.390000
6781.390000
6781.390000
6781.390000
6781.390000
6234.980660
6781.390000
3728.620052
6294.457509
6781.390000
6781.390000
6781.390000
6781.390000
6781.390000
6781.390000
6781.390000
6781.390000
6781.390000
6781.390000
6781.390000
6781.390000
6781.390000
6781.390000
6781.390000
6781.390000
6781.390000
6781.390000
6781.390000
6781.390000
6781.390000
6781.390000
6781.390000
6781.390000
6781.390000
6781.390000
6781.390000
6781.390000
6781.390000
6781.390000
6781.390000
6781.390000
6781.390000
6781.390000
6781.390000
6781.390000
6781.390000
6781.390000
6781.390000
6781.390000
6781.390000
6781.390000
6781.390000
6781.390000
6781.390000
6781.390000
6781.390000
6781.390000
6781.390000
6781.390000
6781.390000
6781.390000
6781.390000
6781.390000
6781.390000
6781.390000
6781.390000
6781.390000
6781.390000
6781.390000
6781.390000
6781.390000
6781.390000
6781.390000
6781.390000
6781.390000
6781.390000
6781.390000
6781.390000
6781.390000
6781.390000
6781.390000
6781.390000
6781.390000
6781.390000
6781.390000
6781.390000
6781.390000
6781.390000
6781.390000
6781.390000
6781.390000
6781.390000
6781.390000
6781.390000
6781.390000
6781.390000
6781.390000
6781.390000
6781.390000
6781.390000
6781.390000
6781.390000
6781.390000
6781.390000
6781.390000
6781.390000
6781.390000
6781.390000
6781.390000
6781.390000
6781.390000
6781.390000
6781.390000
6781.390000
6781.390000
6781.390000
6781.390000
6781.390000
6781.390000
6781.390000
6781.390000
6781.390000
6781.390000
6781.390000
6781.390000
6781.390000
6781.390000
6781.390000
6781.390000
6781.390000
6781.390000
6781.390000
6781.390000
6781.390000
6781.390000
6781.390000
6781.390000
6781.390000
6781.390000
6781.390000
6781.390000
6781.390000
6781.390000
6781.390000
6781.390000
6781.390000
6781.390000
6781.390000
6781.390000
6781.390000
6781.390000
6781.390000
6781.390000
6781.390000
6781.390000
6781.390000
6781.390000
6781.390000
6781.390000
6781.390000
6781.390000
6781.390000
6781.390000
6781.390000
6781.390000
6781.390000
6781.390000
6781.390000
6781.390000
6781.390000
6781.390000
6781.390000
6781.390000
6781.390000
6781.390000
6781.390000
6781.390000
6781.390000
6781.390000
6781.390000
6781.390000
6781.390000
6781.390000
6781.390000
6781.390000
6781.390000
6781.390000
6781.390000
6781.390000
6781.390000
6781.390000
6781.390000
6781.390000
6781.390000
6781.390000
6781.390000
6781.390000
6781.390000
6781.390000
6781.390000
6781.390000
6781.390000
6781.390000
6781.390000
6781.390000
6781.390000
6781.390000
6781.390000
6781.390000
6781.390000
6781.390000
6781.390000
6781.390000
6781.390000
6781.390000
6781.390000
6781.390000
6781.390000
6781.390000
6781.390000
6781.390000
6781.390000
6781.390000
6781.390000
6781.390000
6781.390000
6781.390000
6781.390000
6781.390000
6781.390000
6781.390000
6781.390000
6781.390000
6781.390000
6781.390000
6781.390000
6781.390000
6781.390000
6781.390000
6781.390000
6781.390000
6781.390000
6781.390000
6781.390000
6781.390000
6781.390000
6781.390000
6781.390000
6781.390000
6781.390000
6781.390000
6781.390000
6781.390000
6781.390000
6781.390000
6781.390000
6781.390000
6781.390000
6781.390000
6781.390000
6781.390000
6781.390000
6781.390000
6781.390000
6781.390000
6781.390000
6781.390000
6781.390000
6781.390000
6781.390000
6781.390000
6781.390000
6781.390000
6781.390000
6781.390000
6781.390000
6781.390000
6781.390000
6781.390000
6781.390000
6781.390000
6781.390000
6781.390000
6781.390000
6781.390000
6781.390000
6781.390000
6781.390000
6781.390000
6781.390000
6781.390000
6781.390000
6781.390000
6781.390000
6781.390000
6781.390000
6781.390000
6781.390000
6781.390000
6781.390000
6781.390000
6781.390000
6781.390000
6781.390000
6781.390000
6781.390000
6781.390000
6781.390000
0.000000
0.000000
341.570898
4253.036791
6781.390000
6781.390000
6781.390000
6781.390000
6781.390000
6781.390000
6781.390000
6781.390000
6781.390000
6781.390000
6781.390000
6781.390000
6781.390000
6781.390000
6781.390000
6781.390000
6781.390000
6781.390000
6781.390000
6781.390000
6781.390000
6781.390000
6781.390000
6781.390000
6781.390000
6781.390000
6781.390000
4403.534208
5434.329342
0.000000
0.000000
0.000000
0.000000
0.000000
0.000000
0.000000
0.000000
0.000000
0.000000
0.000000
0.000000
0.000000
0.000000
0.000000
6781.390000
6781.390000
6781.390000
6781.390000
6781.390000
6781.390000
6781.390000
6781.390000
6781.390000
6781.390000
6781.390000
6781.390000
6781.390000
6781.390000
6781.390000
6781.390000
6781.390000
6781.390000
6781.390000
6781.390000
6781.390000
6781.390000
6781.390000
6781.390000
6781.390000
6781.390000
6781.390000
6781.390000
6781.390000
6781.390000
6781.390000
0.000000
0.000000
0.000000
0.000000
0.000000
0.000000
0.000000
0.000000
0.000000
0.000000
0.000000
0.000000
0.000000
0.000000
0.000000
0.000000
0.000000
0.000000
0.000000
657.566064
3114.130266
6122.238944
6781.390000
6781.390000
6781.390000
6781.390000
6781.390000
6781.390000
6781.390000
6781.390000
6781.390000
6781.390000
6781.390000
6781.390000
6781.390000
6781.390000
6781.390000
6781.390000
6781.390000
6781.390000
6781.390000
6781.390000
6781.390000
6781.390000
6781.390000
6781.390000
6781.390000
6781.390000
6781.390000
6781.390000
662.587428
3649.189371
0.000000
0.000000
0.000000
0.000000
0.000000
0.000000
0.000000
0.000000
704.110479
1548.149971
0.000000
764.169577
5679.480454
6781.390000
6781.390000
6781.390000
6781.390000
6781.390000
6781.390000
6781.390000
6781.390000
6781.390000
6781.390000
6781.390000
6781.390000
6781.390000
6781.390000
6781.390000
6781.390000
6781.390000
6781.390000
6781.390000
6781.390000
6781.390000
6781.390000
6781.390000
6781.390000
6781.390000
6781.390000
6781.390000
6781.390000
6781.390000
6781.390000
6781.390000
3316.896402
6710.523322
0.000000
0.000000
0.000000
0.000000
0.000000
0.000000
0.000000
0.000000
0.000000
0.000000
0.000000
0.000000
0.000000
1554.585908
4593.774646
6781.390000
6781.390000
6781.390000
6781.390000
6781.390000
6781.390000
6781.390000
6781.390000
6781.390000
6781.390000
6781.390000
6781.390000
6781.390000
6781.390000
6781.390000
6781.390000
6781.390000
6781.390000
6781.390000
6781.390000
6781.390000
6781.390000
6781.390000
6781.390000
6781.390000
6781.390000
6781.390000
6781.390000
6781.390000
6781.390000
6781.390000
6781.390000
6781.390000
0.000000
0.000000
0.000000
0.000000
0.000000
0.000000
0.000000
0.000000
0.000000
48.021778
695.292404
1577.283990
2953.232386
4990.457646
2282.961240
3865.974017
6781.390000
6781.390000
6781.390000
6781.390000
6781.390000
6781.390000
6781.390000
6781.390000
6781.390000
6781.390000
6781.390000
6781.390000
6781.390000
6781.390000
6781.390000
6781.390000
6781.390000
6781.390000
6781.390000
6781.390000
6781.390000
6781.390000
6781.390000
6781.390000
6781.390000
6781.390000
6781.390000
6781.390000
6781.390000
6781.390000
6781.390000
6781.390000
6781.390000
6781.390000
6781.390000
6399.165658
439.238331
0.000000
0.000000
0.000000
1979.288162
3105.570375
2494.089547
3113.047556
3183.675357
5144.291154
6781.390000
6781.390000
6781.390000
6781.390000
6781.390000
6781.390000
6781.390000
6781.390000
6781.390000
6781.390000
6781.390000
6781.390000
6781.390000
6781.390000
6781.390000
6781.390000
6781.390000
6781.390000
6781.390000
6781.390000
6781.390000
6781.390000
6781.390000
6781.390000
6781.390000
6781.390000
6781.390000
6781.390000
6781.390000
6781.390000
6781.390000
6781.390000
6781.390000
6781.390000
0.000000
0.000000
0.000000
0.000000
0.000000
0.000000
0.000000
0.000000
0.000000
0.000000
0.000000
0.000000
0.000000
0.000000
0.000000
0.000000
0.000000
2639.321981
6451.212649
6781.390000
6781.390000
6781.390000
6781.390000
6781.390000
6781.390000
6781.390000
6781.390000
6781.390000
6781.390000
6781.390000
6781.390000
6781.390000
6781.390000
6781.390000
6781.390000
6781.390000
6781.390000
6781.390000
6781.390000
6781.390000
6781.390000
6781.390000
6781.390000
6781.390000
6781.390000
6781.390000
6781.390000
6781.390000
0.000000
0.000000
0.000000
0.000000
0.000000
0.000000
0.000000
0.000000
0.000000
0.000000
3514.419251
3356.254875
370.705473
1371.968641
0.000000
2628.024940
6781.390000
6781.390000
6781.390000
6781.390000
6781.390000
6781.390000
6781.390000
6781.390000
6781.390000
6781.390000
6781.390000
6781.390000
6781.390000
6781.390000
6781.390000
6781.390000
6781.390000
6781.390000
6781.390000
6781.390000
6781.390000
6781.390000
6781.390000
6781.390000
6781.390000
6781.390000
6781.390000
6781.390000
6781.390000
6781.390000
6781.390000
6781.390000
0.000000
814.680833
0.000000
0.000000
3492.954588
2021.644649
0.000000
0.000000
4529.409927
5329.667721
2324.500806
2991.789190
6487.695852
6781.390000
6781.390000
6781.390000
6781.390000
6781.390000
6781.390000
6781.390000
6781.390000
6781.390000
6781.390000
6781.390000
6781.390000
6781.390000
6781.390000
6781.390000
6781.390000
6781.390000
6781.390000
6781.390000
6781.390000
6781.390000
6781.390000
6781.390000
6781.390000
6781.390000
6781.390000
6781.390000
6781.390000
6781.390000
6781.390000
6781.390000
6781.390000
6781.390000
6781.390000
6781.390000
5653.598384
6781.390000
0.000000
0.000000
0.000000
0.000000
0.000000
0.000000
0.000000
0.000000
0.000000
0.000000
6781.390000
6781.390000
6415.001563
6781.390000
6781.390000
6781.390000
6781.390000
6781.390000
6781.390000
6781.390000
6781.390000
6781.390000
6781.390000
6781.390000
6781.390000
6781.390000
6781.390000
6781.390000
6781.390000
6781.390000
6781.390000
6781.390000
6781.390000
6781.390000
6781.390000
6781.390000
6781.390000
6781.390000
6781.390000
6781.390000
6781.390000
6781.390000
6781.390000
6781.390000
6781.390000
6781.390000
0.000000
0.000000
0.000000
0.000000
0.000000
0.000000
0.000000
0.000000
4892.358880
5716.075444
6522.701095
6781.390000
6781.390000
6781.390000
6781.390000
6781.390000
6781.390000
6781.390000
6781.390000
6781.390000
6781.390000
6781.390000
6781.390000
6781.390000
6781.390000
6781.390000
6781.390000
6781.390000
6781.390000
6781.390000
6781.390000
6781.390000
6781.390000
6781.390000
6781.390000
6781.390000
6781.390000
6781.390000
6781.390000
6781.390000
6781.390000
6781.390000
6781.390000
6781.390000
6781.390000
6781.390000
6781.390000
6781.390000
6781.390000
6781.390000
6781.390000
6781.390000
6781.390000
6781.390000
6781.390000
6781.390000
6781.390000
6781.390000
6781.390000
6781.390000
6781.390000
6781.390000
6781.390000
6781.390000
6781.390000
6781.390000
6781.390000
6781.390000
6781.390000
6781.390000
6781.390000
6781.390000
6781.390000
6781.390000
6781.390000
6781.390000
6781.390000
6781.390000
6781.390000
6781.390000
6781.390000
6781.390000
6781.390000
6781.390000
6781.390000
6781.390000
6781.390000
6781.390000
6781.390000
6781.390000
6781.390000
6781.390000
6781.390000
6781.390000
6781.390000
6781.390000
6781.390000
6781.390000
6781.390000
6781.390000
0.000000
0.000000
0.000000
0.000000
6781.390000
6781.390000
6781.390000
6781.390000
6781.390000
6781.390000
6781.390000
6781.390000
6781.390000
6781.390000
6781.390000
6781.390000
6781.390000
6781.390000
6781.390000
6781.390000
6781.390000
6781.390000
6781.390000
6781.390000
6781.390000
6781.390000
6781.390000
6781.390000
6781.390000
6781.390000
6781.390000
6781.390000
6781.390000
6781.390000
6781.390000
6781.390000
6781.390000
6781.390000
6781.390000
6781.390000
6781.390000
6781.390000
6781.390000
6781.390000
0.000000
0.000000
0.000000
0.000000
0.000000
0.000000
0.000000
0.000000
0.000000
0.000000
0.000000
0.000000
1933.446814
2875.109675
6781.390000
6781.390000
6781.390000
6781.390000
6781.390000
6781.390000
6781.390000
6781.390000
6781.390000
6781.390000
6781.390000
6781.390000
6781.390000
6781.390000
6781.390000
6781.390000
6781.390000
6781.390000
6781.390000
6781.390000
6781.390000
6781.390000
6781.390000
6781.390000
6781.390000
6781.390000
6781.390000
6781.390000
6781.390000
6781.390000
6781.390000
6781.390000
2528.893647
3610.795332
0.000000
0.000000
0.000000
0.000000
0.000000
0.000000
0.000000
0.000000
0.000000
0.000000
2064.195004
1499.215274
6781.390000
6781.390000
6781.390000
6781.390000
5831.010874
6781.390000
6781.390000
6781.390000
6781.390000
6781.390000
6781.390000
6781.390000
6781.390000
6781.390000
6781.390000
6781.390000
6781.390000
6781.390000
6781.390000
6781.390000
6781.390000
6781.390000
6781.390000
6781.390000
6781.390000
6781.390000
6781.390000
6781.390000
6781.390000
6781.390000
6781.390000
6781.390000
6781.390000
6781.390000
6781.390000
6781.390000
6781.390000
6781.390000
6781.390000
6781.390000
6781.390000
6781.390000
6781.390000
6781.390000
6781.390000
6781.390000
6781.390000
6781.390000
6781.390000
6781.390000
6781.390000
6781.390000
6781.390000
6781.390000
6781.390000
6781.390000
6781.390000
6781.390000
6781.390000
6781.390000
6781.390000
6781.390000
6781.390000
6781.390000
6781.390000
6781.390000
6781.390000
6781.390000
6781.390000
6781.390000
6781.390000
6781.390000
6781.390000
6781.390000
6781.390000
6781.390000
6781.390000
6781.390000
6781.390000
6781.390000
6781.390000
6781.390000
6781.390000
6781.390000
6781.390000
6781.390000
6781.390000
6781.390000
6781.390000
6781.390000
6781.390000
6781.390000
6781.390000
6781.390000
6781.390000
6781.390000
6781.390000
6781.390000
6781.390000
6781.390000
6781.390000
6781.390000
6781.390000
6781.390000
6781.390000
6781.390000
6781.390000
6781.390000
6781.390000
6781.390000
6781.390000
6781.390000
6781.390000
6781.390000
6781.390000
6781.390000
6781.390000
6781.390000
6781.390000
6781.390000
6781.390000
6781.390000
6781.390000
6781.390000
6781.390000
6781.390000
6781.390000
6781.390000
6781.390000
6781.390000
6781.390000
6781.390000
6781.390000
6781.390000
6781.390000
6781.390000
6781.390000
6781.390000
6781.390000
6781.390000
6781.390000
6781.390000
6781.390000
6781.390000
6781.390000
6781.390000
6781.390000
6781.390000
6781.390000
6781.390000
6781.390000
6781.390000
6781.390000
6781.390000
6781.390000
6781.390000
6781.390000
6781.390000
6781.390000
6781.390000
6781.390000
6781.390000
6781.390000
6781.390000
6781.390000
6781.390000
6781.390000
6781.390000
6781.390000
6781.390000
6781.390000
6781.390000
6781.390000
6781.390000
6781.390000
6781.390000
6781.390000
6781.390000
6781.390000
6781.390000
6781.390000
6781.390000
6781.390000
6781.390000
6781.390000
6781.390000
6781.390000
6781.390000
6781.390000
6781.390000
6781.390000
6781.390000
6781.390000
6781.390000
6781.390000
6781.390000
6781.390000
6781.390000
6781.390000
6781.390000
6781.390000
6781.390000
6781.390000
6781.390000
6781.390000
6781.390000
6781.390000
6781.390000
6781.390000
6781.390000
6781.390000
6781.390000
6781.390000
6781.390000
6781.390000
6781.390000
6781.390000
6781.390000
6781.390000
6781.390000
6781.390000
6781.390000
6781.390000
6781.390000
6781.390000
6781.390000
6781.390000
6781.390000
6781.390000
6781.390000
6781.390000
6781.390000
6781.390000
6781.390000
6781.390000
6781.390000
6781.390000
6781.390000
6781.390000
6781.390000
6781.390000
6781.390000
6781.390000
6781.390000
6781.390000
6781.390000
6781.390000
6781.390000
6781.390000
6781.390000
6781.390000
6781.390000
6781.390000
6781.390000
6781.390000
6781.390000
6781.390000
6781.390000
6781.390000
6781.390000
6781.390000
6781.390000
6781.390000
6781.390000
6781.390000
6781.390000
6781.390000
6781.390000
6781.390000
6781.390000
6781.390000
6781.390000
6781.390000
6781.390000
6781.390000
6781.390000
6781.390000
6781.390000
0.000000
2380.753789
6781.390000
6781.390000
6781.390000
6781.390000
6781.390000
6781.390000
6781.390000
6781.390000
6781.390000
6781.390000
6781.390000
6781.390000
6781.390000
6781.390000
6781.390000
6781.390000
6781.390000
6781.390000
6781.390000
6781.390000
6781.390000
6781.390000
6781.390000
6781.390000
6781.390000
6781.390000
6781.390000
6781.390000
6781.390000
6781.390000
6781.390000
6781.390000
6781.390000
6781.390000
6781.390000
6781.390000
6781.390000
6781.390000
6781.390000
6781.390000
6781.390000
6781.390000
6781.390000
6781.390000
6781.390000
6781.390000
6781.390000
6781.390000
6781.390000
6781.390000
6781.390000
6781.390000
6781.390000
6781.390000
6781.390000
6781.390000
6781.390000
6781.390000
6781.390000
6781.390000
6781.390000
6781.390000
6781.390000
6781.390000
6781.390000
6781.390000
6781.390000
6781.390000
6781.390000
6781.390000
6781.390000
6781.390000
6781.390000
6781.390000
6781.390000
6781.390000
6781.390000
6781.390000
6781.390000
6781.390000
6781.390000
6781.390000
6781.390000
6781.390000
6781.390000
6781.390000
6781.390000
6781.390000
6781.390000
6781.390000
6781.390000
6781.390000
6781.390000
6781.390000
6781.390000
6781.390000
6781.390000
6781.390000
6781.390000
6781.390000
6781.390000
6781.390000
6781.390000
6781.390000
6781.390000
6781.390000
6781.390000
6781.390000
6781.390000
6781.390000
6781.390000
6781.390000
6781.390000
6781.390000
6781.390000
6781.390000
6781.390000
6781.390000
6781.390000
6781.390000
6781.390000
6781.390000
6781.390000
6781.390000
6781.390000
6781.390000
6781.390000
6781.390000
6781.390000
6781.390000
6781.390000
6781.390000
6781.390000
6781.390000
6781.390000
6781.390000
6781.390000
6781.390000
6781.390000
6781.390000
6781.390000
6781.390000
6781.390000
6781.390000
6781.390000
6781.390000
6781.390000
6781.390000
6781.390000
6781.390000
6781.390000
6781.390000
6781.390000
6781.390000
6781.390000
6781.390000
6781.390000
6781.390000
6781.390000
6781.390000
6781.390000
6781.390000
6781.390000
6781.390000
6781.390000
6781.390000
6781.390000
6781.390000
6781.390000
6781.390000
6781.390000
6781.390000
6781.390000
6781.390000
6781.390000
6781.390000
6781.390000
6781.390000
6781.390000
6781.390000
6781.390000
6781.390000
6781.390000
6781.390000
6781.390000
6781.390000
6781.390000
6781.390000
6781.390000
6781.390000
6781.390000
6781.390000
6781.390000
6781.390000
6781.390000
6781.390000
6781.390000
6781.390000
6781.390000
6781.390000
6781.390000
6781.390000
6781.390000
6781.390000
6781.390000
6781.390000
6781.390000
6781.390000
6781.390000
6781.390000
6781.390000
6781.390000
6781.390000
6781.390000
6781.390000
6781.390000
6781.390000
6781.390000
6781.390000
6781.390000
6781.390000
6781.390000
6781.390000
6781.390000
6781.390000
6781.390000
6781.390000
6781.390000
6781.390000
6781.390000
6781.390000
6781.390000
6781.390000
6781.390000
6781.390000
6781.390000
6781.390000
6781.390000
6781.390000
6781.390000
6781.390000
6781.390000
6781.390000
6781.390000
6781.390000
6781.390000
6781.390000
6781.390000
6781.390000
6781.390000
6781.390000
6781.390000
6781.390000
6781.390000
6781.390000
6781.390000
6781.390000
6781.390000
6781.390000
6781.390000
6781.390000
6781.390000
6781.390000
6781.390000
6781.390000
6781.390000
6781.390000
6781.390000
6781.390000
6781.390000
6781.390000
6781.390000
6781.390000
6781.390000
6781.390000
6781.390000
6781.390000
6781.390000
6781.390000
6781.390000
6781.390000
6781.390000
6781.390000
6781.390000
6781.390000
6781.390000
6781.390000
6781.390000
6781.390000
6781.390000
6781.390000
6781.390000
6781.390000
6781.390000
6781.390000
6781.390000
6781.390000
6781.390000
6781.390000
6781.390000
6781.390000
6781.390000
6781.390000
6781.390000
6781.390000
6781.390000
6781.390000
6781.390000
6781.390000
6781.390000
6781.390000
6781.390000
6781.390000
6781.390000
6781.390000
6781.390000
6781.390000
6781.390000
6781.390000
6781.390000
6781.390000
6781.390000
6781.390000
6781.390000
6781.390000
6781.390000
6781.390000
6781.390000
6781.390000
6781.390000
6781.390000
6781.390000
6781.390000
6781.390000
6781.390000
6781.390000
6781.390000
6781.390000
6781.390000
6781.390000
6781.390000
6781.390000
6781.390000
6781.390000
6781.390000
6781.390000
6781.390000
6781.390000
6781.390000
6781.390000
6781.390000
6781.390000
6781.390000
6781.390000
6781.390000
6781.390000
6781.390000
6781.390000
6781.390000
6781.390000
6781.390000
6781.390000
6781.390000
6781.390000
6781.390000
6781.390000
6781.390000
6781.390000
6781.390000
6781.390000
6781.390000
6781.390000
6781.390000
6781.390000
6781.390000
6781.390000
6781.390000
6781.390000
6781.390000
6781.390000
0.000000
0.000000
0.000000
0.000000
0.000000
0.000000
0.000000
0.000000
0.000000
0.000000
2638.306100
2119.223125
6781.390000
6781.390000
6781.390000
6781.390000
6781.390000
6781.390000
6781.390000
6781.390000
6781.390000
6781.390000
6781.390000
6781.390000
6781.390000
6781.390000
6781.390000
6781.390000
6781.390000
6781.390000
6781.390000
6781.390000
6781.390000
6781.390000
6781.390000
6781.390000
6781.390000
6781.390000
6781.390000
6781.390000
6781.390000
6781.390000
6781.390000
6781.390000
6781.390000
6781.390000
6781.390000
6781.390000
0.000000
865.686202
0.000000
0.000000
0.000000
0.000000
0.000000
0.000000
2412.699081
3207.687818
6781.390000
6781.390000
6781.390000
6781.390000
6781.390000
6781.390000
6781.390000
6781.390000
6781.390000
6781.390000
6781.390000
6781.390000
6781.390000
6781.390000
6781.390000
6781.390000
6781.390000
6781.390000
6781.390000
6781.390000
6781.390000
6781.390000
6781.390000
6781.390000
6781.390000
6781.390000
6781.390000
6781.390000
6781.390000
6781.390000
6781.390000
6781.390000
6781.390000
6781.390000
6781.390000
6781.390000
6781.390000
6781.390000
0.000000
2404.047430
0.000000
0.000000
0.000000
0.000000
0.000000
0.000000
5153.935517
6063.899753
6781.390000
6781.390000
6781.390000
6781.390000
6781.390000
6781.390000
6781.390000
6781.390000
6781.390000
6781.390000
6781.390000
6781.390000
6781.390000
6781.390000
6781.390000
6781.390000
6781.390000
6781.390000
6781.390000
6781.390000
6781.390000
6781.390000
6781.390000
6781.390000
6781.390000
6781.390000
6781.390000
6781.390000
6781.390000
6781.390000
6781.390000
6781.390000
6781.390000
6781.390000
6781.390000
6781.390000
6781.390000
6781.390000
0.000000
0.000000
0.000000
0.000000
0.000000
0.000000
6781.390000
6781.390000
5142.163154
5989.490181
6781.390000
6781.390000
6781.390000
6781.390000
6781.390000
6781.390000
6781.390000
6781.390000
6781.390000
6781.390000
6781.390000
6781.390000
6781.390000
6781.390000
6781.390000
6781.390000
6781.390000
6781.390000
6781.390000
6781.390000
6781.390000
6781.390000
6781.390000
6781.390000
6781.390000
6781.390000
6781.390000
6781.390000
6781.390000
6781.390000
6781.390000
6781.390000
6781.390000
6781.390000
6781.390000
6781.390000
6781.390000
6781.390000
6781.390000
6781.390000
6781.390000
6781.390000
6781.390000
6781.390000
6781.390000
6781.390000
6781.390000
6781.390000
6781.390000
6781.390000
6781.390000
6781.390000
6781.390000
6781.390000
6781.390000
6781.390000
6781.390000
6781.390000
6781.390000
6781.390000
6781.390000
6781.390000
6781.390000
6781.390000
6781.390000
6781.390000
6781.390000
6781.390000
6781.390000
6781.390000
6781.390000
6781.390000
6781.390000
6781.390000
6781.390000
6781.390000
6781.390000
6781.390000
6781.390000
6781.390000
6781.390000
6781.390000
6781.390000
6781.390000
6781.390000
6781.390000
6781.390000
6781.390000
6781.390000
6781.390000
6781.390000
6781.390000
6781.390000
6781.390000
6781.390000
6781.390000
6781.390000
6781.390000
6781.390000
6781.390000
6781.390000
6781.390000
6781.390000
6781.390000
6781.390000
6781.390000
6781.390000
6781.390000
6781.390000
6781.390000
6781.390000
6781.390000
6781.390000
6781.390000
6781.390000
6781.390000
6781.390000
6781.390000
6781.390000
6781.390000
6781.390000
6781.390000
6781.390000
6781.390000
6781.390000
6781.390000
6781.390000
6781.390000
6781.390000
6781.390000
6781.390000
6781.390000
6781.390000
6781.390000
6781.390000
6781.390000
6781.390000
6781.390000
6781.390000
6781.390000
6781.390000
6781.390000
6781.390000
6781.390000
6781.390000
6781.390000
6781.390000
6781.390000
6781.390000
6781.390000
6781.390000
6781.390000
6781.390000
6781.390000
6781.390000
6781.390000
6781.390000
6781.390000
6781.390000
6781.390000
6781.390000
6781.390000
6781.390000
6781.390000
6781.390000
6781.390000
6781.390000
6781.390000
6781.390000
6781.390000
6781.390000
6781.390000
6781.390000
6781.390000
6781.390000
6781.390000
6781.390000
6781.390000
6781.390000
6781.390000
6781.390000
6781.390000
812.751942
2421.016620
0.000000
0.000000
0.000000
0.000000
727.631625
2756.468945
6781.390000
6781.390000
6781.390000
6781.390000
6781.390000
6781.390000
6781.390000
6781.390000
6781.390000
6781.390000
6781.390000
6781.390000
6781.390000
6781.390000
6781.390000
6781.390000
6781.390000
6781.390000
6781.390000
6781.390000
6781.390000
6781.390000
6781.390000
6781.390000
6781.390000
6781.390000
6781.390000
6781.390000
6781.390000
6781.390000
6781.390000
6781.390000
6781.390000
6781.390000
6781.390000
6781.390000
6781.390000
6781.390000
6781.390000
6781.390000
6781.390000
6781.390000
4689.331386
2774.287249
0.000000
0.000000
0.000000
0.000000
5625.203865
6483.190199
6781.390000
6781.390000
6781.390000
6781.390000
6781.390000
6781.390000
6781.390000
6781.390000
6781.390000
6781.390000
6781.390000
6781.390000
6781.390000
6781.390000
6781.390000
6781.390000
6781.390000
6781.390000
6781.390000
6781.390000
6781.390000
6781.390000
6781.390000
6781.390000
6781.390000
6781.390000
6781.390000
6781.390000
6781.390000
6781.390000
6781.390000
6781.390000
6781.390000
6781.390000
6781.390000
6781.390000
6781.390000
6781.390000
6781.390000
6781.390000
3586.231471
1432.640088
0.000000
0.000000
0.000000
0.000000
0.000000
0.000000
3560.549966
4247.926280
6781.390000
6781.390000
6781.390000
6781.390000
6781.390000
6781.390000
6781.390000
6781.390000
6781.390000
6781.390000
6781.390000
6781.390000
6781.390000
6781.390000
6781.390000
6781.390000
6781.390000
6781.390000
6781.390000
6781.390000
6781.390000
6781.390000
6781.390000
6781.390000
6781.390000
6781.390000
6781.390000
6781.390000
6781.390000
6781.390000
6781.390000
6781.390000
6781.390000
6781.390000
6781.390000
6781.390000
0.000000
1293.421061
0.000000
0.000000
0.000000
0.000000
0.000000
0.000000
4559.423856
5511.283124
6781.390000
6781.390000
6781.390000
6781.390000
6781.390000
6781.390000
6781.390000
6781.390000
6781.390000
6781.390000
6781.390000
6781.390000
6781.390000
6781.390000
6781.390000
6781.390000
6781.390000
6781.390000
6781.390000
6781.390000
6781.390000
6781.390000
6781.390000
6781.390000
6781.390000
6781.390000
6781.390000
6781.390000
6781.390000
6781.390000
6781.390000
6781.390000
6781.390000
6781.390000
6781.390000
6781.390000
6781.390000
6781.390000
6781.390000
6781.390000
6781.390000
6781.390000
0.000000
0.000000
0.000000
0.000000
4638.946180
5356.240255
6781.390000
6781.390000
6781.390000
6781.390000
6781.390000
6781.390000
6781.390000
6781.390000
6781.390000
6781.390000
6781.390000
6781.390000
6781.390000
6781.390000
6781.390000
6781.390000
6781.390000
6781.390000
6781.390000
6781.390000
6781.390000
6781.390000
6781.390000
6781.390000
6781.390000
6781.390000
6781.390000
6781.390000
6781.390000
6781.390000
6781.390000
6781.390000
6781.390000
6781.390000
6781.390000
6781.390000
6781.390000
6781.390000
6781.390000
6781.390000
3256.133513
1227.630509
0.000000
0.000000
0.000000
0.000000
0.000000
0.000000
6781.390000
6781.390000
468.957959
2154.169505
3894.295098
6781.390000
6781.390000
6781.390000
6781.390000
6781.390000
6781.390000
6781.390000
6781.390000
6781.390000
6781.390000
6781.390000
6781.390000
6781.390000
6781.390000
6781.390000
6781.390000
6781.390000
6781.390000
6781.390000
6781.390000
6781.390000
6781.390000
6781.390000
6781.390000
6781.390000
6781.390000
6781.390000
6781.390000
6781.390000
6781.390000
6781.390000
6781.390000
6781.390000
0.000000
0.000000
0.000000
0.000000
0.000000
0.000000
0.000000
0.000000
0.000000
0.000000
6781.390000
6781.390000
6781.390000
6781.390000
6781.390000
6781.390000
6781.390000
6781.390000
6781.390000
6781.390000
6781.390000
6781.390000
6781.390000
6781.390000
6781.390000
6781.390000
6781.390000
6781.390000
6781.390000
6781.390000
6781.390000
6781.390000
6781.390000
6781.390000
6781.390000
6781.390000
6781.390000
6781.390000
6781.390000
6781.390000
6781.390000
6781.390000
6781.390000
6781.390000
6781.390000
6781.390000
6781.390000
6781.390000
0.000000
0.000000
0.000000
0.000000
0.000000
0.000000
0.000000
0.000000
0.000000
0.000000
3741.398710
3332.359553
0.000000
170.756912
3955.935780
6781.390000
6781.390000
6781.390000
6781.390000
6781.390000
6781.390000
6781.390000
6781.390000
6781.390000
6781.390000
6781.390000
6781.390000
6781.390000
6781.390000
6781.390000
6781.390000
6781.390000
6781.390000
6781.390000
6781.390000
6781.390000
6781.390000
6781.390000
6781.390000
6781.390000
6781.390000
6781.390000
6781.390000
6781.390000
6781.390000
6781.390000
6781.390000
6781.390000
0.000000
1485.960659
0.000000
0.000000
0.000000
0.000000
0.000000
0.000000
2253.345570
2730.248148
991.907072
1371.311050
1183.768443
2664.883042
6781.390000
3687.415207
6781.390000
6781.390000
6781.390000
6781.390000
6781.390000
6781.390000
6781.390000
6781.390000
6781.390000
6781.390000
6781.390000
6781.390000
6781.390000
6781.390000
6781.390000
6781.390000
6781.390000
6781.390000
6781.390000
6781.390000
6781.390000
6781.390000
6781.390000
6781.390000
6781.390000
6781.390000
6781.390000
6781.390000
6781.390000
6781.390000
6781.390000
6781.390000
6781.390000
6781.390000
3713.788148
1944.669525
0.000000
0.000000
0.000000
0.000000
0.000000
305.059543
1395.054448
2195.255118
2391.211840
4130.108453
3698.388918
6781.390000
6781.390000
6781.390000
6781.390000
6781.390000
6781.390000
6781.390000
6781.390000
6781.390000
6781.390000
6781.390000
6781.390000
6781.390000
6781.390000
6781.390000
6781.390000
6781.390000
6781.390000
6781.390000
6781.390000
6781.390000
6781.390000
6781.390000
6781.390000
6781.390000
6781.390000
6781.390000
6781.390000
6781.390000
6781.390000
6781.390000
6781.390000
6781.390000
0.000000
0.000000
0.000000
0.000000
0.000000
0.000000
0.000000
0.000000
1626.106987
2324.392183
6781.390000
6781.390000
6781.390000
6781.390000
6781.390000
5107.336649
6781.390000
6781.390000
6781.390000
6781.390000
6781.390000
6781.390000
6781.390000
6781.390000
6781.390000
6781.390000
6781.390000
6781.390000
6781.390000
6781.390000
6781.390000
6781.390000
6781.390000
6781.390000
6781.390000
6781.390000
6781.390000
6781.390000
6781.390000
6781.390000
6781.390000
6781.390000
6781.390000
6781.390000
6781.390000
6781.390000
6781.390000
6781.390000
6781.390000
6781.390000
5874.952314
3829.520700
3958.082534
2224.814961
4225.240906
4402.098992
6781.390000
6781.390000
6781.390000
6781.390000
6781.390000
6781.390000
6781.390000
6781.390000
6781.390000
6781.390000
6781.390000
6781.390000
6781.390000
6781.390000
6781.390000
6781.390000
6781.390000
6781.390000
6781.390000
6781.390000
6781.390000
6781.390000
6781.390000
6781.390000
6781.390000
6781.390000
6781.390000
6781.390000
6781.390000
6781.390000
6781.390000
6781.390000
6781.390000
6781.390000
6781.390000
6781.390000
6781.390000
6781.390000
6781.390000
6781.390000
6781.390000
6781.390000
6781.390000
6781.390000
6781.390000
6781.390000
6781.390000
6781.390000
6781.390000
6781.390000
6781.390000
6781.390000
6781.390000
6781.390000
6781.390000
6781.390000
6781.390000
6781.390000
6781.390000
6781.390000
6781.390000
6781.390000
6781.390000
6781.390000
6781.390000
6781.390000
6781.390000
6781.390000
6781.390000
6781.390000
6781.390000
6781.390000
6781.390000
6781.390000
6781.390000
6781.390000
6781.390000
6781.390000
6781.390000
6781.390000
6781.390000
6781.390000
6781.390000
6781.390000
6781.390000
6781.390000
6781.390000
6781.390000
6781.390000
6781.390000
0.000000
2090.171941
941.384954
3132.119350
6376.883225
6781.390000
4375.186359
4489.466481
6781.390000
6781.390000
2060.119314
2478.193756
6781.390000
6781.390000
6781.390000
6781.390000
6781.390000
6781.390000
6781.390000
6781.390000
6781.390000
6781.390000
6781.390000
6781.390000
6781.390000
6781.390000
6781.390000
6781.390000
6781.390000
6781.390000
6781.390000
6781.390000
6781.390000
6781.390000
6781.390000
6781.390000
6781.390000
6781.390000
6781.390000
6781.390000
6781.390000
6781.390000
6781.390000
6781.390000
6781.390000
6781.390000
6781.390000
6781.390000
2797.907551
5140.076068
6781.390000
6781.390000
0.000000
1649.316322
6781.390000
6781.390000
6781.390000
6781.390000
6781.390000
6781.390000
6781.390000
6781.390000
6781.390000
6781.390000
6781.390000
6781.390000
6781.390000
6781.390000
6781.390000
6781.390000
6781.390000
6781.390000
6781.390000
6781.390000
6781.390000
6781.390000
6781.390000
6781.390000
6781.390000
6781.390000
6781.390000
6781.390000
6781.390000
6781.390000
6781.390000
6781.390000
6781.390000
6781.390000
6781.390000
6781.390000
6781.390000
6781.390000
6781.390000
6781.390000
6781.390000
6781.390000
5761.770015
3864.510116
629.522096
0.000000
815.294811
1067.941337
6781.390000
6781.390000
6052.890421
6690.020654
6781.390000
6781.390000
6781.390000
6767.180375
6781.390000
6781.390000
6781.390000
6781.390000
6781.390000
6781.390000
6781.390000
6781.390000
6781.390000
6781.390000
6781.390000
6781.390000
6781.390000
6781.390000
6781.390000
6781.390000
6781.390000
6781.390000
6781.390000
6781.390000
6781.390000
6781.390000
6781.390000
6781.390000
6781.390000
6781.390000
6781.390000
6781.390000
6781.390000
6781.390000
6781.390000
6781.390000
6781.390000
6781.390000
6781.390000
6781.390000
2419.099817
749.525608
0.000000
0.000000
6781.390000
6781.390000
6781.390000
6781.390000
6781.390000
6781.390000
6781.390000
6781.390000
6781.390000
6781.390000
6781.390000
6781.390000
6781.390000
6781.390000
6781.390000
6781.390000
6781.390000
6781.390000
6781.390000
6781.390000
6781.390000
6781.390000
6781.390000
6781.390000
6781.390000
6781.390000
6781.390000
6781.390000
6781.390000
6781.390000
6781.390000
6781.390000
6781.390000
6781.390000
6781.390000
6781.390000
6781.390000
6781.390000
6781.390000
6781.390000
6781.390000
6781.390000
6781.390000
5848.494989
0.000000
0.000000
620.503922
778.889489
0.000000
0.000000
6781.390000
6781.390000
6781.390000
6781.390000
6781.390000
6781.390000
6781.390000
6781.390000
6781.390000
6781.390000
6781.390000
6781.390000
6781.390000
6781.390000
6781.390000
6781.390000
6781.390000
6781.390000
6781.390000
6781.390000
6781.390000
6781.390000
6781.390000
6781.390000
6781.390000
6781.390000
6781.390000
6781.390000
6781.390000
6781.390000
6781.390000
6781.390000
6781.390000
6781.390000
6781.390000
6781.390000
6781.390000
6781.390000
6781.390000
6781.390000
6781.390000
6781.390000
6781.390000
6781.390000
6781.390000
6781.390000
6781.390000
6781.390000
6781.390000
6781.390000
6781.390000
6781.390000
6781.390000
6781.390000
6781.390000
6781.390000
6781.390000
6781.390000
6781.390000
6781.390000
6781.390000
6781.390000
6781.390000
6781.390000
6781.390000
6781.390000
6781.390000
6781.390000
6781.390000
6781.390000
6781.390000
6781.390000
6781.390000
6781.390000
6781.390000
6781.390000
6781.390000
6781.390000
6781.390000
6781.390000
6781.390000
6781.390000
6781.390000
6781.390000
6781.390000
6781.390000
6781.390000
6781.390000
6781.390000
6781.390000
0.000000
0.000000
0.000000
0.000000
3785.879137
4587.139023
6781.390000
6781.390000
6781.390000
6781.390000
6781.390000
6781.390000
6781.390000
6781.390000
6781.390000
6781.390000
6781.390000
6781.390000
6781.390000
6781.390000
6781.390000
6781.390000
6781.390000
6781.390000
6781.390000
6781.390000
6781.390000
6781.390000
6781.390000
6781.390000
6781.390000
6781.390000
6781.390000
6781.390000
6781.390000
6781.390000
6781.390000
6781.390000
6781.390000
6781.390000
6781.390000
6781.390000
6781.390000
6781.390000
0.000000
0.000000
0.000000
0.000000
0.000000
0.000000
0.000000
0.000000
4572.538290
4541.383430
6781.390000
6781.390000
6781.390000
6781.390000
6781.390000
6781.390000
6781.390000
6781.390000
6781.390000
6781.390000
6781.390000
6781.390000
6781.390000
6781.390000
6781.390000
6781.390000
6781.390000
6781.390000
6781.390000
6781.390000
6781.390000
6781.390000
6781.390000
6781.390000
6781.390000
6781.390000
6781.390000
6781.390000
6781.390000
6781.390000
6781.390000
6781.390000
6781.390000
6781.390000
6781.390000
6781.390000
6781.390000
6781.390000
6781.390000
6781.390000
2952.954042
5323.186322
5179.585813
6781.390000
2238.704098
4035.182514
6781.390000
6781.390000
6781.390000
6781.390000
6781.390000
6781.390000
6781.390000
6781.390000
6781.390000
6781.390000
6781.390000
6781.390000
6781.390000
6781.390000
6781.390000
6781.390000
6781.390000
6781.390000
6781.390000
6781.390000
6781.390000
6781.390000
6781.390000
6781.390000
6781.390000
6781.390000
6781.390000
6781.390000
6781.390000
6781.390000
6781.390000
6781.390000
6781.390000
6781.390000
6781.390000
6781.390000
6781.390000
6781.390000
6781.390000
6781.390000
6781.390000
6781.390000
6781.390000
6781.390000
6781.390000
6781.390000
6781.390000
6781.390000
6781.390000
6781.390000
6781.390000
6781.390000
6781.390000
6781.390000
6781.390000
6781.390000
6781.390000
6781.390000
6781.390000
6781.390000
6781.390000
6781.390000
6781.390000
6781.390000
6781.390000
6781.390000
6781.390000
6781.390000
6781.390000
6781.390000
6781.390000
6781.390000
6781.390000
6781.390000
6781.390000
6781.390000
6781.390000
6781.390000
6781.390000
6781.390000
6781.390000
6781.390000
6781.390000
6781.390000
6781.390000
6781.390000
6781.390000
6781.390000
6781.390000
6781.390000
6781.390000
6781.390000
6781.390000
6781.390000
6781.390000
6781.390000
6781.390000
6781.390000
6781.390000
6781.390000
6781.390000
6781.390000
6781.390000
6781.390000
6781.390000
6781.390000
6781.390000
6781.390000
6781.390000
6781.390000
6781.390000
6781.390000
6781.390000
6781.390000
6781.390000
6781.390000
6781.390000
6781.390000
6781.390000
6781.390000
6781.390000
6781.390000
6781.390000
6781.390000
6781.390000
6781.390000
6781.390000
6781.390000
6781.390000
6781.390000
6781.390000
6781.390000
6781.390000
6781.390000
6781.390000
6781.390000
6781.390000
6781.390000
6781.390000
6781.390000
6781.390000
6781.390000
6781.390000
6781.390000
6781.390000
6781.390000
6781.390000
6781.390000
6781.390000
6781.390000
6781.390000
6781.390000
6781.390000
6781.390000
6781.390000
6781.390000
6781.390000
6781.390000
6781.390000
6781.390000
6781.390000
6781.390000
6781.390000
6781.390000
6781.390000
6781.390000
6781.390000
6781.390000
6781.390000
6781.390000
6781.390000
6781.390000
6781.390000
6781.390000
6781.390000
6781.390000
6781.390000
6781.390000
6781.390000
6781.390000
6781.390000
6781.390000
6781.390000
6781.390000
6781.390000
6781.390000
6781.390000
6781.390000
6781.390000
6781.390000
6781.390000
6781.390000
6781.390000
6781.390000
6781.390000
6781.390000
6781.390000
6781.390000
6781.390000
6781.390000
6781.390000
6781.390000
6781.390000
6781.390000
6781.390000
6781.390000
6781.390000
6781.390000
6781.390000
6781.390000
6781.390000
6781.390000
6781.390000
6781.390000
6781.390000
6781.390000
6781.390000
6781.390000
6781.390000
6781.390000
6781.390000
6781.390000
6781.390000
6781.390000
6781.390000
6781.390000
6781.390000
6781.390000
6781.390000
6781.390000
6781.390000
6781.390000
6781.390000
6781.390000
6781.390000
6781.390000
6781.390000
6781.390000
6781.390000
6781.390000
6781.390000
6781.390000
6781.390000
6781.390000
6781.390000
6781.390000
6781.390000
6781.390000
6781.390000
6781.390000
6781.390000
6781.390000
6781.390000
6781.390000
6781.390000
6781.390000
6781.390000
6781.390000
6781.390000
6781.390000
6781.390000
6781.390000
6781.390000
6781.390000
6781.390000
6781.390000
6781.390000
6781.390000
6781.390000
6781.390000
6781.390000
6781.390000
6781.390000
6781.390000
6781.390000
6781.390000
6781.390000
6781.390000
6781.390000
6781.390000
6781.390000
6781.390000
6781.390000
6781.390000
6781.390000
6781.390000
6781.390000
6781.390000
6781.390000
6781.390000
6781.390000
6781.390000
6781.390000
6781.390000
6781.390000
6781.390000
6781.390000
6781.390000
6781.390000
6781.390000
6781.390000
6781.390000
6781.390000
6781.390000
6781.390000
6781.390000
6781.390000
6781.390000
6781.390000
6781.390000
6781.390000
6781.390000
6781.390000
6781.390000
6781.390000
6781.390000
6781.390000
6781.390000
6781.390000
6781.390000
6781.390000
6781.390000
6781.390000
6781.390000
6781.390000
6781.390000
6781.390000
6781.390000
6781.390000
6781.390000
6781.390000
6781.390000
6781.390000
6781.390000
6781.390000
6781.390000
6781.390000
6781.390000
6781.390000
6781.390000
6781.390000
6781.390000
6781.390000
6781.390000
6781.390000
6781.390000
6781.390000
6781.390000
6781.390000
6781.390000
6781.390000
6781.390000
6781.390000
6781.390000
6781.390000
6781.390000
6781.390000
6781.390000
6781.390000
6781.390000
6781.390000
6781.390000
6781.390000
6781.390000
6781.390000
6781.390000
6781.390000
6781.390000
6781.390000
6781.390000
6781.390000
6781.390000
6781.390000
6781.390000
6781.390000
6781.390000
6781.390000
6781.390000
6781.390000
6781.390000
6781.390000
6781.390000
6781.390000
6781.390000
6781.390000
6781.390000
6781.390000
6781.390000
6781.390000
6781.390000
6781.390000
6781.390000
6781.390000
6781.390000
6781.390000
6781.390000
6781.390000
6781.390000
6781.390000
6781.390000
6781.390000
6781.390000
6781.390000
6781.390000
6781.390000
6781.390000
6781.390000
6781.390000
6781.390000
6781.390000
6781.390000
6781.390000
6781.390000
6781.390000
6781.390000
6781.390000
6781.390000
6781.390000
6781.390000
6781.390000
6781.390000
6781.390000
6781.390000
6781.390000
6781.390000
6781.390000
6781.390000
6781.390000
6781.390000
6781.390000
6781.390000
6781.390000
6781.390000
6781.390000
6781.390000
6781.390000
6781.390000
6781.390000
6781.390000
6781.390000
6781.390000
6781.390000
6781.390000
6781.390000
6781.390000
6781.390000
6781.390000
6781.390000
6781.390000
6781.390000
6781.390000
6781.390000
6781.390000
6781.390000
6781.390000
6781.390000
6781.390000
6781.390000
6781.390000
6781.390000
6781.390000
6781.390000
6781.390000
6781.390000
6781.390000
6781.390000
6781.390000
6781.390000
6781.390000
6781.390000
6781.390000
6781.390000
6781.390000
6781.390000
6781.390000
6781.390000
6781.390000
6781.390000
6781.390000
6781.390000
6781.390000
6781.390000
6781.390000
6781.390000
6781.390000
6781.390000
6781.390000
6781.390000
6781.390000
6781.390000
6781.390000
6781.390000
6781.390000
6781.390000
6781.390000
6781.390000
6781.390000
6781.390000
6781.390000
6781.390000
6781.390000
6781.390000
6781.390000
6781.390000
6781.390000
6781.390000
6781.390000
6781.390000
6781.390000
6781.390000
6781.390000
6781.390000
6781.390000
6781.390000
6781.390000
6781.390000
6781.390000
6781.390000
6781.390000
6781.390000
6781.390000
6781.390000
6781.390000
6781.390000
6781.390000
6781.390000
6781.390000
6781.390000
6781.390000
6781.390000
6781.390000
6781.390000
6781.390000
6781.390000
6781.390000
6781.390000
6781.390000
6781.390000
6781.390000
6781.390000
6781.390000
6781.390000
6781.390000
6781.390000
6781.390000
6781.390000
6781.390000
6781.390000
6781.390000
6781.390000
6781.390000
6781.390000
6781.390000
6781.390000
6781.390000
6781.390000
6781.390000
6781.390000
6781.390000
6781.390000
6781.390000
6781.390000
6781.390000
6781.390000
6781.390000
6781.390000
6781.390000
6781.390000
6781.390000
6781.390000
6781.390000
6781.390000
6781.390000
6781.390000
6781.390000
6781.390000
6781.390000
6781.390000
6781.390000
6781.390000
6781.390000
6781.390000
6781.390000
6781.390000
6781.390000
6781.390000
6781.390000
6781.390000
6781.390000
6781.390000
6781.390000
6781.390000
6781.390000
6781.390000
6781.390000
6781.390000
6781.390000
6781.390000
6781.390000
6781.390000
6781.390000
6781.390000
6781.390000
6781.390000
6781.390000
6781.390000
6781.390000
6781.390000
6781.390000
6781.390000
6781.390000
6781.390000
6781.390000
6781.390000
6781.390000
6781.390000
6781.390000
6781.390000
6781.390000
6781.390000
6781.390000
6781.390000
6781.390000
6781.390000
6781.390000
6781.390000
6781.390000
6781.390000
6781.390000
6781.390000
6781.390000
6781.390000
6781.390000
6781.390000
6781.390000
6781.390000
6781.390000
6781.390000
6781.390000
6781.390000
6781.390000
6781.390000
6781.390000
6781.390000
6781.390000
6781.390000
6781.390000
6781.390000
6781.390000
6781.390000
6781.390000
6781.390000
6781.390000
6781.390000
6781.390000
6781.390000
6781.390000
6781.390000
6781.390000
6781.390000
6781.390000
6781.390000
6781.390000
6781.390000
6781.390000
6781.390000
1105.666673
3119.284666
6781.390000
6781.390000
6781.390000
6781.390000
6781.390000
6781.390000
6781.390000
6781.390000
6781.390000
6781.390000
6781.390000
6781.390000
6781.390000
6781.390000
6781.390000
6781.390000
6781.390000
6781.390000
6781.390000
6781.390000
6781.390000
6781.390000
6781.390000
6781.390000
6781.390000
6781.390000
6781.390000
6781.390000
6781.390000
6781.390000
6781.390000
6781.390000
6781.390000
6781.390000
6781.390000
6781.390000
6781.390000
6781.390000
6781.390000
6781.390000
6781.390000
6781.390000
6781.390000
6781.390000
6781.390000
6781.390000
6781.390000
6781.390000
6781.390000
6781.390000
6781.390000
6781.390000
6781.390000
6781.390000
6781.390000
6781.390000
6781.390000
6781.390000
6781.390000
6781.390000
6781.390000
6781.390000
6781.390000
6781.390000
6781.390000
6781.390000
6781.390000
6781.390000
6781.390000
6781.390000
6781.390000
6781.390000
6781.390000
6781.390000
6781.390000
6781.390000
6781.390000
6781.390000
6781.390000
6781.390000
6781.390000
6781.390000
6781.390000
6781.390000
6781.390000
6781.390000
6781.390000
6781.390000
6781.390000
6781.390000
6781.390000
6781.390000
6781.390000
6781.390000
6781.390000
6781.390000
6781.390000
6781.390000
6781.390000
6781.390000
6781.390000
6781.390000
6781.390000
6781.390000
6781.390000
6781.390000
6781.390000
6781.390000
6781.390000
6781.390000
6781.390000
6781.390000
6781.390000
6781.390000
6781.390000
6781.390000
6781.390000
6781.390000
6781.390000
6781.390000
6781.390000
6781.390000
6781.390000
6781.390000
6781.390000
6781.390000
6781.390000
6781.390000
6781.390000
6781.390000
6781.390000
6781.390000
6781.390000
6781.390000
6781.390000
6781.390000
6781.390000
6781.390000
6781.390000
6781.390000
6781.390000
6781.390000
6781.390000
6781.390000
6781.390000
6781.390000
6781.390000
6781.390000
6781.390000
6781.390000
6781.390000
6781.390000
6781.390000
6781.390000
6781.390000
6781.390000
6781.390000
6781.390000
6781.390000
6781.390000
6781.390000
6781.390000
6781.390000
6781.390000
6781.390000
6781.390000
6781.390000
6781.390000
6781.390000
6781.390000
6781.390000
6781.390000
6781.390000
6781.390000
6781.390000
6781.390000
6781.390000
6781.390000
6781.390000
6781.390000
6781.390000
6781.390000
6781.390000
6781.390000
6781.390000
6781.390000
6781.390000
6781.390000
6781.390000
6781.390000
6781.390000
6781.390000
6781.390000
6781.390000
6781.390000
6781.390000
6781.390000
6781.390000
6781.390000
6781.390000
6781.390000
6781.390000
6781.390000
6781.390000
6781.390000
6781.390000
6781.390000
6781.390000
6781.390000
6781.390000
6781.390000
6781.390000
6781.390000
6781.390000
6781.390000
6781.390000
6781.390000
6781.390000
6781.390000
6781.390000
6781.390000
6781.390000
6781.390000
6781.390000
6781.390000
6781.390000
6781.390000
6781.390000
6781.390000
6781.390000
6781.390000
6781.390000
6781.390000
6781.390000
6781.390000
6781.390000
6781.390000
6781.390000
2075.784466
3623.787750
1275.637157
3405.639959
378.659363
2350.284018
0.000000
640.918853
0.000000
0.000000
0.000000
0.000000
0.000000
6781.390000
6781.390000
6781.390000
6781.390000
6781.390000
6781.390000
6781.390000
6781.390000
6781.390000
6781.390000
6781.390000
6781.390000
6781.390000
6781.390000
6781.390000
6781.390000
6781.390000
6781.390000
6781.390000
6781.390000
6781.390000
6781.390000
6781.390000
6781.390000
6781.390000
6781.390000
6781.390000
6781.390000
6781.390000
6781.390000
6781.390000
6781.390000
6781.390000
6781.390000
6781.390000
2876.806286
4660.073683
5031.267004
6781.390000
6781.390000
6781.390000
6781.390000
6781.390000
6781.390000
6781.390000
6781.390000
6781.390000
6781.390000
1060.944753
6173.180432
6010.547051
6781.390000
6781.390000
6781.390000
6781.390000
6781.390000
6781.390000
6781.390000
6781.390000
6781.390000
6781.390000
6781.390000
6781.390000
6781.390000
6781.390000
6781.390000
6781.390000
6781.390000
6781.390000
6781.390000
6781.390000
6781.390000
6781.390000
6781.390000
6781.390000
6781.390000
6781.390000
6781.390000
6781.390000
6781.390000
6781.390000
6781.390000
6781.390000
6765.722201
6781.390000
4751.159755
6781.390000
6781.390000
6781.390000
6781.390000
6781.390000
6781.390000
6781.390000
6781.390000
6781.390000
6781.390000
6781.390000
6781.390000
6781.390000
6781.390000
6781.390000
6781.390000
6781.390000
6781.390000
6781.390000
6781.390000
6781.390000
6781.390000
6781.390000
6781.390000
6781.390000
6781.390000
6781.390000
6781.390000
6781.390000
6781.390000
6781.390000
6781.390000
6781.390000
6781.390000
6781.390000
6781.390000
6781.390000
6781.390000
6781.390000
6781.390000
6781.390000
6781.390000
6781.390000
6781.390000
6781.390000
5140.673203
6781.390000
4629.942655
6781.390000
6781.390000
6781.390000
6781.390000
6781.390000
6781.390000
6781.390000
6781.390000
6781.390000
6781.390000
6781.390000
6781.390000
6781.390000
6781.390000
6781.390000
6781.390000
6781.390000
6781.390000
6781.390000
6781.390000
6781.390000
6781.390000
6781.390000
6781.390000
6781.390000
6781.390000
6781.390000
6781.390000
6781.390000
6781.390000
6781.390000
6781.390000
6781.390000
6781.390000
6781.390000
6781.390000
6781.390000
6781.390000
6781.390000
6781.390000
6781.390000
6781.390000
6781.390000
6781.390000
6781.390000
394.253512
2677.012848
6781.390000
6781.390000
6781.390000
6781.390000
6781.390000
6781.390000
6781.390000
6781.390000
6781.390000
6781.390000
6781.390000
5339.972884
2339.970866
5291.557472
6781.390000
6781.390000
6781.390000
6781.390000
6781.390000
6781.390000
6781.390000
6781.390000
6781.390000
6781.390000
6781.390000
6781.390000
6781.390000
6781.390000
6781.390000
6781.390000
6781.390000
6781.390000
6781.390000
6781.390000
6781.390000
6781.390000
6781.390000
6781.390000
6781.390000
6781.390000
6781.390000
6781.390000
6781.390000
6781.390000
6781.390000
6781.390000
6781.390000
6781.390000
6781.390000
6781.390000
6781.390000
6781.390000
6781.390000
6781.390000
6781.390000
6781.390000
6781.390000
6781.390000
6781.390000
6781.390000
6781.390000
6781.390000
6781.390000
6781.390000
6781.390000
6781.390000
6781.390000
6781.390000
6781.390000
6781.390000
6781.390000
6781.390000
6781.390000
6781.390000
6781.390000
6781.390000
6781.390000
6781.390000
6781.390000
6781.390000
6781.390000
6781.390000
6781.390000
6781.390000
6781.390000
6781.390000
6781.390000
6781.390000
6781.390000
6781.390000
6781.390000
6781.390000
6781.390000
6781.390000
6781.390000
6781.390000
6781.390000
6781.390000
6781.390000
6781.390000
6781.390000
6781.390000
6781.390000
6781.390000
6781.390000
6781.390000
6781.390000
6781.390000
6781.390000
6781.390000
6781.390000
6781.390000
6781.390000
6781.390000
6781.390000
6781.390000
6781.390000
6781.390000
6781.390000
6781.390000
6781.390000
6781.390000
6781.390000
6781.390000
6781.390000
6781.390000
6781.390000
6781.390000
6781.390000
6781.390000
6781.390000
6781.390000
6781.390000
6781.390000
6781.390000
6781.390000
6781.390000
6781.390000
6781.390000
6781.390000
6781.390000
6781.390000
6781.390000
6781.390000
6781.390000
6781.390000
6781.390000
6781.390000
6781.390000
6781.390000
6781.390000
6781.390000
6781.390000
6781.390000
6781.390000
6781.390000
6781.390000
6781.390000
6781.390000
6781.390000
6781.390000
6781.390000
6781.390000
6781.390000
6781.390000
6781.390000
6781.390000
6781.390000
6781.390000
6781.390000
6781.390000
6781.390000
6781.390000
6781.390000
6781.390000
6781.390000
6781.390000
6781.390000
6781.390000
6781.390000
6781.390000
6781.390000
6781.390000
6781.390000
6781.390000
6781.390000
6781.390000
6781.390000
6781.390000
6781.390000
2458.398937
3612.989423
3919.403122
5822.276436
0.000000
84.184645
1913.656985
3959.425078
6781.390000
6781.390000
6781.390000
2763.867127
6781.390000
6781.390000
6781.390000
6781.390000
6781.390000
6781.390000
6781.390000
6781.390000
6781.390000
6781.390000
6781.390000
6781.390000
6781.390000
6781.390000
6781.390000
6781.390000
6781.390000
6781.390000
6781.390000
6781.390000
6781.390000
6781.390000
6781.390000
6781.390000
6781.390000
6781.390000
6781.390000
6781.390000
6781.390000
6781.390000
6781.390000
6781.390000
6781.390000
6781.390000
6781.390000
6781.390000
6781.390000
6781.390000
6781.390000
6781.390000
6781.390000
6781.390000
6781.390000
6781.390000
6781.390000
6781.390000
6781.390000
6781.390000
6781.390000
6781.390000
6781.390000
6781.390000
6781.390000
6781.390000
6781.390000
6781.390000
6781.390000
6781.390000
6781.390000
6781.390000
6781.390000
6781.390000
6781.390000
6781.390000
6781.390000
6781.390000
6781.390000
6781.390000
6781.390000
6781.390000
6781.390000
6781.390000
6781.390000
6781.390000
6781.390000
6781.390000
6781.390000
6781.390000
6781.390000
6781.390000
6781.390000
6781.390000
0.000000
722.844582
0.000000
0.000000
0.000000
0.000000
0.000000
0.000000
0.000000
0.000000
0.000000
0.000000
0.000000
0.000000
0.000000
6781.390000
6781.390000
6781.390000
6781.390000
6781.390000
6781.390000
6781.390000
6781.390000
6781.390000
6781.390000
6781.390000
6781.390000
6781.390000
6781.390000
6781.390000
6781.390000
6781.390000
6781.390000
6781.390000
6781.390000
6781.390000
6781.390000
6781.390000
6781.390000
6781.390000
6781.390000
6781.390000
6781.390000
6781.390000
6781.390000
6781.390000
6781.390000
6781.390000
6781.390000
6781.390000
6781.390000
6781.390000
6781.390000
4117.725224
0.000000
0.000000
3834.567558
4539.425902
6781.390000
6781.390000
6781.390000
6781.390000
6781.390000
6781.390000
6781.390000
6781.390000
6781.390000
6781.390000
6781.390000
6781.390000
6781.390000
6781.390000
6781.390000
6781.390000
6781.390000
6781.390000
6781.390000
6781.390000
6781.390000
6781.390000
6781.390000
6781.390000
6781.390000
6781.390000
6781.390000
6781.390000
6781.390000
6781.390000
6781.390000
6781.390000
6781.390000
6781.390000
6781.390000
6781.390000
6781.390000
6781.390000
6781.390000
6781.390000
6781.390000
6781.390000
6781.390000
6781.390000
6781.390000
6781.390000
6781.390000
6781.390000
6781.390000
6781.390000
6781.390000
6781.390000
6781.390000
6781.390000
6781.390000
6781.390000
6781.390000
6781.390000
6781.390000
6781.390000
6781.390000
6781.390000
6781.390000
6781.390000
6781.390000
6781.390000
6781.390000
6781.390000
6781.390000
6781.390000
6781.390000
6781.390000
6781.390000
6781.390000
6781.390000
6781.390000
6781.390000
6781.390000
6781.390000
6781.390000
6781.390000
6781.390000
6781.390000
6781.390000
6781.390000
6781.390000
6781.390000
6781.390000
788.827012
2787.687724
93.185532
0.000000
0.000000
0.000000
0.000000
0.000000
5369.887863
6123.492907
6781.390000
6781.390000
6781.390000
6781.390000
6781.390000
6781.390000
6781.390000
6781.390000
6781.390000
6781.390000
6781.390000
6781.390000
6781.390000
6781.390000
6781.390000
6781.390000
6781.390000
6781.390000
6781.390000
6781.390000
6781.390000
6781.390000
6781.390000
6781.390000
6781.390000
6781.390000
6781.390000
6781.390000
6781.390000
6781.390000
6781.390000
6781.390000
6781.390000
6781.390000
6781.390000
6781.390000
6781.390000
6781.390000
6781.390000
6781.390000
6781.390000
6781.390000
6781.390000
6781.390000
6781.390000
6781.390000
6781.390000
6781.390000
6781.390000
6781.390000
6781.390000
6781.390000
6781.390000
6781.390000
6781.390000
6781.390000
6781.390000
6781.390000
6781.390000
6781.390000
6781.390000
6781.390000
6781.390000
6781.390000
6781.390000
6781.390000
6781.390000
6781.390000
6781.390000
6781.390000
6781.390000
6781.390000
6781.390000
6781.390000
6781.390000
6781.390000
6781.390000
6781.390000
6781.390000
6781.390000
6781.390000
6781.390000
6781.390000
6781.390000
6781.390000
6781.390000
6781.390000
6781.390000
6781.390000
6781.390000
6781.390000
6781.390000
6781.390000
6781.390000
6781.390000
6781.390000
6781.390000
6781.390000
6781.390000
6781.390000
6781.390000
6781.390000
6781.390000
6781.390000
6781.390000
6781.390000
6781.390000
6781.390000
6781.390000
6781.390000
6781.390000
6781.390000
6781.390000
6781.390000
6781.390000
6781.390000
6781.390000
6781.390000
6781.390000
6781.390000
6781.390000
6781.390000
6781.390000
6781.390000
6781.390000
6781.390000
6781.390000
6781.390000
6781.390000
6781.390000
6781.390000
6781.390000
6781.390000
6781.390000
6781.390000
6781.390000
6781.390000
6781.390000
6781.390000
6781.390000
6781.390000
6781.390000
6781.390000
6781.390000
6781.390000
6781.390000
6781.390000
6781.390000
6781.390000
6781.390000
6781.390000
6781.390000
6781.390000
6781.390000
6781.390000
6781.390000
6781.390000
6781.390000
6781.390000
6781.390000
6781.390000
6781.390000
6781.390000
6781.390000
6781.390000
6781.390000
6781.390000
6781.390000
6781.390000
6781.390000
6781.390000
6781.390000
6781.390000
6781.390000
6781.390000
6781.390000
6781.390000
6781.390000
6781.390000
6781.390000
6781.390000
6781.390000
6781.390000
6781.390000
6781.390000
6781.390000
6781.390000
6781.390000
6781.390000
6781.390000
6766.149753
0.000000
2874.683404
3182.502154
4497.828335
872.694168
6781.390000
6781.390000
6781.390000
6781.390000
6781.390000
6781.390000
6781.390000
6781.390000
6781.390000
6781.390000
6781.390000
6781.390000
6781.390000
6781.390000
6781.390000
6781.390000
6781.390000
6781.390000
6781.390000
6781.390000
6781.390000
6781.390000
6781.390000
6781.390000
6781.390000
6781.390000
6781.390000
6781.390000
6781.390000
6781.390000
6781.390000
6781.390000
2908.722209
2647.525433
0.000000
1253.459867
0.000000
0.000000
0.000000
0.000000
0.000000
0.000000
3721.896216
4749.521542
5713.001846
6181.258685
6781.390000
6781.390000
6781.390000
6781.390000
6781.390000
6781.390000
6781.390000
6781.390000
6781.390000
6781.390000
6781.390000
6781.390000
6781.390000
6781.390000
6781.390000
6781.390000
6781.390000
6781.390000
6781.390000
6781.390000
6781.390000
6781.390000
6781.390000
6781.390000
6781.390000
6781.390000
6781.390000
6781.390000
6781.390000
6781.390000
6781.390000
6781.390000
6781.390000
6781.390000
6781.390000
6781.390000
6781.390000
6781.390000
6781.390000
6781.390000
6781.390000
6781.390000
6781.390000
6781.390000
6781.390000
6781.390000
6781.390000
6781.390000
6781.390000
6781.390000
6781.390000
6781.390000
6781.390000
6781.390000
6781.390000
6781.390000
6781.390000
6781.390000
6781.390000
6781.390000
6781.390000
6781.390000
6781.390000
6781.390000
6781.390000
6781.390000
6781.390000
6781.390000
6781.390000
6781.390000
6781.390000
6781.390000
6781.390000
6781.390000
6781.390000
6781.390000
6781.390000
6781.390000
6781.390000
6781.390000
6781.390000
6781.390000
6781.390000
6781.390000
6781.390000
6781.390000
6781.390000
6781.390000
6781.390000
6781.390000
6781.390000
6781.390000
6781.390000
6781.390000
6781.390000
6781.390000
6781.390000
6781.390000
6781.390000
6781.390000
6781.390000
6781.390000
6781.390000
6781.390000
6781.390000
6781.390000
6781.390000
6781.390000
6781.390000
6781.390000
6781.390000
6781.390000
6781.390000
6781.390000
6781.390000
6781.390000
6781.390000
6781.390000
6781.390000
6781.390000
6781.390000
6781.390000
6781.390000
6781.390000
6781.390000
6781.390000
6781.390000
6781.390000
6781.390000
6781.390000
6781.390000
6781.390000
6781.390000
6781.390000
6781.390000
6781.390000
6781.390000
6781.390000
6781.390000
6781.390000
6781.390000
6781.390000
6781.390000
6781.390000
6781.390000
6781.390000
6781.390000
6781.390000
6781.390000
6781.390000
6781.390000
6781.390000
6781.390000
6781.390000
6781.390000
6781.390000
6781.390000
6781.390000
6781.390000
6781.390000
6781.390000
6781.390000
6781.390000
6781.390000
6781.390000
6781.390000
6781.390000
6781.390000
6781.390000
6781.390000
6781.390000
6781.390000
6781.390000
6781.390000
6781.390000
6781.390000
6781.390000
6781.390000
6781.390000
6781.390000
6781.390000
6781.390000
6463.914508
6781.390000
343.657382
1551.635998
6781.390000
6781.390000
6781.390000
6781.390000
6781.390000
6781.390000
6781.390000
6781.390000
6781.390000
6781.390000
6781.390000
6781.390000
6781.390000
6781.390000
6781.390000
6781.390000
6781.390000
6781.390000
6781.390000
6781.390000
6781.390000
6781.390000
6781.390000
6781.390000
6781.390000
6781.390000
6781.390000
6781.390000
6781.390000
6781.390000
6781.390000
6781.390000
6781.390000
6781.390000
6781.390000
6781.390000
6781.390000
6781.390000
6781.390000
6781.390000
6781.390000
6781.390000
1852.070040
3344.376031
0.000000
204.976887
6781.390000
6781.390000
6781.390000
6781.390000
6781.390000
6781.390000
6781.390000
6781.390000
6781.390000
6781.390000
6781.390000
6781.390000
6781.390000
6781.390000
6781.390000
6781.390000
6781.390000
6781.390000
6781.390000
6781.390000
6781.390000
6781.390000
6781.390000
6781.390000
6781.390000
6781.390000
6781.390000
6781.390000
6781.390000
6781.390000
6781.390000
6781.390000
6781.390000
6781.390000
6781.390000
6781.390000
6781.390000
6781.390000
6781.390000
6781.390000
6781.390000
6781.390000
6781.390000
6781.390000
588.292001
1722.128098
0.000000
0.000000
2990.575759
2356.354026
0.000000
0.000000
6781.390000
6781.390000
6781.390000
6781.390000
6781.390000
6781.390000
6781.390000
6781.390000
6781.390000
6781.390000
6781.390000
6781.390000
6781.390000
6781.390000
6781.390000
6781.390000
6781.390000
6781.390000
6781.390000
6781.390000
6781.390000
6781.390000
6781.390000
6781.390000
6781.390000
6781.390000
6781.390000
6781.390000
6781.390000
6781.390000
6781.390000
6781.390000
6781.390000
6781.390000
6781.390000
6781.390000
6781.390000
6781.390000
6781.390000
6781.390000
6781.390000
6781.390000
6781.390000
6781.390000
6781.390000
6781.390000
6781.390000
6781.390000
6781.390000
6781.390000
6781.390000
6781.390000
6781.390000
6781.390000
6781.390000
6781.390000
6781.390000
6781.390000
6781.390000
6781.390000
6781.390000
6781.390000
6781.390000
6781.390000
6781.390000
6781.390000
6781.390000
6781.390000
6781.390000
6781.390000
6781.390000
6781.390000
6781.390000
6781.390000
6781.390000
6781.390000
6781.390000
6781.390000
6781.390000
6781.390000
6781.390000
6781.390000
6781.390000
6781.390000
6781.390000
6781.390000
6781.390000
6781.390000
6781.390000
6781.390000
6781.390000
6781.390000
6781.390000
6781.390000
6781.390000
6781.390000
6781.390000
6781.390000
6781.390000
6781.390000
6781.390000
6781.390000
6781.390000
6781.390000
6781.390000
6781.390000
6781.390000
6781.390000
6781.390000
6781.390000
6781.390000
6781.390000
6781.390000
6781.390000
6781.390000
6781.390000
6781.390000
6781.390000
6781.390000
6781.390000
6781.390000
6781.390000
6781.390000
6781.390000
6781.390000
6781.390000
6781.390000
6781.390000
6781.390000
6781.390000
6781.390000
6781.390000
6781.390000
6781.390000
6781.390000
6781.390000
6781.390000
6781.390000
6781.390000
6781.390000
6781.390000
6781.390000
6781.390000
6781.390000
6781.390000
6781.390000
6781.390000
6781.390000
6781.390000
6781.390000
6781.390000
6781.390000
6781.390000
6781.390000
6781.390000
6781.390000
6781.390000
6781.390000
6781.390000
6781.390000
6781.390000
6781.390000
6781.390000
6781.390000
6781.390000
6781.390000
6781.390000
6781.390000
6781.390000
6781.390000
6781.390000
6781.390000
6781.390000
6781.390000
6781.390000
6781.390000
6781.390000
6781.390000
6781.390000
6781.390000
6781.390000
6781.390000
6781.390000
6781.390000
6781.390000
6781.390000
6781.390000
6724.883425
617.965282
0.000000
0.000000
0.000000
1682.372361
2427.791772
6781.390000
6781.390000
6781.390000
6781.390000
6781.390000
6781.390000
6781.390000
6781.390000
6781.390000
6781.390000
6781.390000
6781.390000
6781.390000
6781.390000
6781.390000
6781.390000
6781.390000
6781.390000
6781.390000
6781.390000
6781.390000
6781.390000
6781.390000
6781.390000
6781.390000
6781.390000
6781.390000
6781.390000
6781.390000
6781.390000
6781.390000
6781.390000
6781.390000
6781.390000
6781.390000
6781.390000
6781.390000
6781.390000
0.000000
0.000000
0.000000
1300.736760
0.000000
0.000000
6781.390000
6781.390000
6781.390000
6781.390000
1695.386288
1383.604836
6781.390000
6781.390000
6781.390000
6781.390000
6781.390000
6781.390000
6781.390000
6781.390000
6781.390000
6781.390000
6781.390000
6781.390000
6781.390000
6781.390000
6781.390000
6781.390000
6781.390000
6781.390000
6781.390000
6781.390000
6781.390000
6781.390000
6781.390000
6781.390000
6781.390000
6781.390000
6781.390000
6781.390000
6781.390000
6781.390000
6781.390000
6781.390000
6781.390000
6781.390000
6781.390000
6781.390000
1335.552926
2425.883427
5210.758682
6781.390000
6781.390000
6781.390000
6781.390000
6781.390000
6781.390000
6781.390000
6781.390000
6781.390000
6781.390000
6781.390000
6781.390000
6781.390000
6781.390000
6781.390000
6781.390000
6781.390000
6781.390000
6781.390000
6781.390000
6781.390000
6781.390000
6781.390000
6781.390000
6781.390000
6781.390000
6781.390000
6781.390000
6781.390000
6781.390000
6781.390000
6781.390000
6781.390000
6781.390000
6781.390000
6781.390000
6781.390000
6781.390000
6781.390000
6781.390000
6781.390000
6781.390000
6781.390000
6781.390000
6781.390000
6781.390000
6781.390000
6781.390000
6781.390000
6139.072746
4883.097629
2545.773025
3071.507138
6363.398623
6781.390000
6781.390000
6781.390000
6781.390000
6781.390000
6781.390000
6781.390000
6781.390000
6781.390000
6781.390000
6781.390000
6781.390000
6781.390000
6781.390000
6781.390000
6781.390000
6781.390000
6781.390000
6781.390000
6781.390000
6781.390000
6781.390000
6781.390000
6781.390000
6781.390000
6781.390000
6781.390000
6781.390000
6781.390000
6781.390000
6781.390000
6781.390000
6781.390000
6781.390000
6781.390000
6781.390000
6781.390000
6781.390000
6781.390000
6781.390000
6781.390000
5768.091599
1392.116023
0.000000
0.000000
0.000000
0.000000
2325.428478
3260.863569
5833.007897
6389.792896
6781.390000
6781.390000
6781.390000
6781.390000
6781.390000
6781.390000
6781.390000
6781.390000
6781.390000
6781.390000
6781.390000
6781.390000
6781.390000
6781.390000
6781.390000
6781.390000
6781.390000
6781.390000
6781.390000
6781.390000
6781.390000
6781.390000
6781.390000
6781.390000
6781.390000
6781.390000
6781.390000
6781.390000
6781.390000
6781.390000
6781.390000
6781.390000
6781.390000
6781.390000
6781.390000
6781.390000
6781.390000
6781.390000
0.000000
0.000000
0.000000
0.000000
0.000000
86.740127
300.454852
1300.724728
6781.390000
6781.390000
6781.390000
6781.390000
6781.390000
6781.390000
6781.390000
6781.390000
6781.390000
6781.390000
6781.390000
6781.390000
6781.390000
6781.390000
6781.390000
6781.390000
6781.390000
6781.390000
6781.390000
6781.390000
6781.390000
6781.390000
6781.390000
6781.390000
6781.390000
6781.390000
6781.390000
6781.390000
6781.390000
6781.390000
6781.390000
6781.390000
6781.390000
6781.390000
6781.390000
6781.390000
6781.390000
6781.390000
0.000000
1430.750944
0.000000
0.000000
0.000000
0.000000
0.000000
0.000000
0.000000
0.000000
0.000000
0.000000
0.000000
6781.390000
6781.390000
6781.390000
6781.390000
6781.390000
6781.390000
6781.390000
6781.390000
6781.390000
6781.390000
6781.390000
6781.390000
6781.390000
6781.390000
6781.390000
6781.390000
6781.390000
6781.390000
6781.390000
6781.390000
6781.390000
6781.390000
6781.390000
6781.390000
6781.390000
6781.390000
6781.390000
6781.390000
6781.390000
6781.390000
6781.390000
6781.390000
6781.390000
6781.390000
6781.390000
0.000000
0.000000
0.000000
0.000000
0.000000
0.000000
0.000000
0.000000
0.000000
0.000000
0.000000
0.000000
4672.525004
6781.390000
6781.390000
6781.390000
6781.390000
6781.390000
6781.390000
6781.390000
6781.390000
6781.390000
6781.390000
6781.390000
6781.390000
6781.390000
6781.390000
6781.390000
6781.390000
6781.390000
6781.390000
6781.390000
6781.390000
6781.390000
6781.390000
6781.390000
6781.390000
6781.390000
6781.390000
6781.390000
6781.390000
6781.390000
6781.390000
6781.390000
6781.390000
6781.390000
2157.911210
3304.118817
0.000000
0.000000
0.000000
0.000000
0.000000
0.000000
0.000000
0.000000
0.000000
0.000000
0.000000
0.000000
0.000000
6781.390000
6781.390000
6781.390000
6781.390000
6781.390000
6781.390000
6781.390000
6781.390000
6781.390000
6781.390000
6781.390000
6781.390000
6781.390000
6781.390000
6781.390000
6781.390000
6781.390000
6781.390000
6781.390000
6781.390000
6781.390000
6781.390000
6781.390000
6781.390000
6781.390000
6781.390000
6781.390000
6781.390000
6781.390000
6781.390000
6781.390000
6781.390000
6781.390000
6781.390000
6781.390000
0.000000
0.000000
0.000000
0.000000
0.000000
0.000000
6781.390000
6781.390000
6781.390000
6781.390000
6781.390000
6781.390000
6781.390000
6781.390000
6781.390000
6781.390000
6781.390000
6781.390000
6781.390000
6781.390000
6781.390000
6781.390000
6781.390000
6781.390000
6781.390000
6781.390000
6781.390000
6781.390000
6781.390000
6781.390000
6781.390000
6781.390000
6781.390000
6781.390000
6781.390000
6781.390000
6781.390000
6781.390000
6781.390000
6781.390000
6781.390000
6781.390000
6781.390000
6781.390000
6781.390000
6781.390000
6781.390000
6781.390000
6781.390000
6781.390000
4873.392121
1107.486279
747.898084
0.000000
6781.390000
6781.390000
6781.390000
6781.390000
6781.390000
6781.390000
6781.390000
6781.390000
6781.390000
6781.390000
6781.390000
6781.390000
6781.390000
6781.390000
6781.390000
6781.390000
6781.390000
6781.390000
6781.390000
6781.390000
6781.390000
6781.390000
6781.390000
6781.390000
6781.390000
6781.390000
6781.390000
6781.390000
6781.390000
6781.390000
6781.390000
6781.390000
6781.390000
6781.390000
6781.390000
6781.390000
6781.390000
6781.390000
6781.390000
6781.390000
6781.390000
6781.390000
6781.390000
6781.390000
6781.390000
6781.390000
6781.390000
6781.390000
6781.390000
6781.390000
6781.390000
6781.390000
6781.390000
6781.390000
6781.390000
6781.390000
6781.390000
6781.390000
6781.390000
6781.390000
6781.390000
6781.390000
6781.390000
6781.390000
6781.390000
6781.390000
6781.390000
6781.390000
6781.390000
6781.390000
6781.390000
6781.390000
6781.390000
6781.390000
6781.390000
6781.390000
6781.390000
6781.390000
6781.390000
6781.390000
6781.390000
6781.390000
6781.390000
6781.390000
6781.390000
6781.390000
6781.390000
6781.390000
6781.390000
6781.390000
6781.390000
6781.390000
6781.390000
6781.390000
6781.390000
6781.390000
6781.390000
6781.390000
6781.390000
6781.390000
6781.390000
6781.390000
6781.390000
6781.390000
6781.390000
6781.390000
6781.390000
6781.390000
6781.390000
6781.390000
6781.390000
6781.390000
6781.390000
6781.390000
6781.390000
6781.390000
6781.390000
6781.390000
6781.390000
6781.390000
6781.390000
6781.390000
6781.390000
6781.390000
6781.390000
6781.390000
6781.390000
6781.390000
6781.390000
6781.390000
6781.390000
6781.390000
6781.390000
6781.390000
6781.390000
6781.390000
6781.390000
6781.390000
6781.390000
6781.390000
6781.390000
6781.390000
6781.390000
6781.390000
6781.390000
6781.390000
6781.390000
6781.390000
6781.390000
6781.390000
6781.390000
6781.390000
6781.390000
6781.390000
6781.390000
6781.390000
6781.390000
6781.390000
6781.390000
6781.390000
6781.390000
6781.390000
6781.390000
6781.390000
6781.390000
6781.390000
6781.390000
6781.390000
6781.390000
6781.390000
6781.390000
6781.390000
6781.390000
6781.390000
6781.390000
6781.390000
6781.390000
6781.390000
6781.390000
6781.390000
6781.390000
6781.390000
6781.390000
6781.390000
6781.390000
6781.390000
6781.390000
6781.390000
6781.390000
6781.390000
6781.390000
6781.390000
6781.390000
6781.390000
6781.390000
6781.390000
6781.390000
6781.390000
6781.390000
6781.390000
6781.390000
6781.390000
6781.390000
6781.390000
6781.390000
6781.390000
6781.390000
6781.390000
6781.390000
6781.390000
6781.390000
6781.390000
6781.390000
6781.390000
6781.390000
6781.390000
6781.390000
6781.390000
6781.390000
6781.390000
6781.390000
6781.390000
6781.390000
6781.390000
6781.390000
6781.390000
6781.390000
6781.390000
6781.390000
6781.390000
6781.390000
6781.390000
6781.390000
6781.390000
6781.390000
6781.390000
6781.390000
6781.390000
4889.532095
6330.999377
3829.854224
5605.992888
6781.390000
6781.390000
6781.390000
6781.390000
6781.390000
6781.390000
6781.390000
6781.390000
6781.390000
6781.390000
6781.390000
6781.390000
6781.390000
6781.390000
6781.390000
6781.390000
6781.390000
6781.390000
6781.390000
6781.390000
6781.390000
6781.390000
6781.390000
6781.390000
6781.390000
6781.390000
6781.390000
6781.390000
6781.390000
6781.390000
6781.390000
6781.390000
6781.390000
6781.390000
6781.390000
6781.390000
6781.390000
6781.390000
6781.390000
6781.390000
6781.390000
6781.390000
5302.468290
6279.175840
6781.390000
6781.390000
6781.390000
6781.390000
6781.390000
6781.390000
6781.390000
6781.390000
6781.390000
6781.390000
6781.390000
6781.390000
6781.390000
6781.390000
6781.390000
6781.390000
6781.390000
6781.390000
6781.390000
6781.390000
6781.390000
6781.390000
6781.390000
6781.390000
6781.390000
6781.390000
6781.390000
6781.390000
6781.390000
6781.390000
6781.390000
6781.390000
6781.390000
6781.390000
6781.390000
6781.390000
6781.390000
6781.390000
6781.390000
6781.390000
6781.390000
6781.390000
6781.390000
6781.390000
6781.390000
6781.390000
6781.390000
6781.390000
6781.390000
6781.390000
6781.390000
6781.390000
6781.390000
6781.390000
6781.390000
6781.390000
6781.390000
6781.390000
6781.390000
6781.390000
6781.390000
6781.390000
6781.390000
6781.390000
6781.390000
6781.390000
6781.390000
6781.390000
6781.390000
6781.390000
6781.390000
6781.390000
6781.390000
6781.390000
6781.390000
6781.390000
6781.390000
6781.390000
6781.390000
6781.390000
6781.390000
6781.390000
6781.390000
6781.390000
6781.390000
6781.390000
6781.390000
6781.390000
6781.390000
6781.390000
6781.390000
6781.390000
6781.390000
6781.390000
1130.407482
0.000000
0.000000
0.000000
0.000000
0.000000
0.000000
0.000000
0.000000
0.000000
0.000000
6781.390000
6781.390000
6781.390000
6781.390000
6781.390000
6781.390000
6781.390000
6781.390000
6781.390000
6781.390000
6781.390000
6781.390000
6781.390000
6781.390000
6781.390000
6781.390000
6781.390000
6781.390000
6781.390000
6781.390000
6781.390000
6781.390000
6781.390000
6781.390000
6781.390000
6781.390000
6781.390000
6781.390000
6781.390000
6781.390000
6781.390000
6781.390000
6781.390000
6781.390000
6781.390000
6781.390000
6781.390000
6781.390000
6781.390000
6781.390000
6781.390000
6781.390000
6781.390000
6781.390000
6781.390000
6781.390000
6781.390000
6781.390000
6781.390000
6781.390000
6781.390000
6781.390000
6781.390000
6781.390000
6781.390000
6781.390000
6781.390000
6781.390000
6781.390000
6781.390000
6781.390000
6781.390000
6781.390000
6781.390000
6781.390000
6781.390000
6781.390000
6781.390000
6781.390000
6781.390000
6781.390000
6781.390000
6781.390000
6781.390000
6781.390000
6781.390000
6781.390000
6781.390000
6781.390000
6781.390000
6781.390000
6781.390000
6781.390000
6781.390000
6781.390000
6781.390000
6781.390000
6781.390000
6781.390000
6781.390000
6781.390000
6781.390000
6781.390000
6781.390000
6781.390000
6781.390000
6781.390000
6781.390000
6781.390000
6781.390000
6781.390000
6781.390000
6781.390000
6781.390000
6781.390000
6781.390000
6781.390000
6781.390000
6781.390000
6781.390000
6781.390000
6781.390000
6781.390000
6781.390000
6781.390000
6781.390000
6781.390000
6781.390000
6781.390000
6781.390000
6781.390000
6781.390000
6781.390000
6781.390000
6781.390000
6781.390000
6781.390000
6781.390000
6781.390000
6781.390000
6781.390000
6781.390000
6781.390000
6781.390000
6781.390000
6781.390000
6781.390000
6781.390000
6781.390000
6781.390000
6781.390000
6781.390000
6781.390000
6781.390000
6781.390000
6781.390000
6781.390000
6781.390000
6781.390000
6781.390000
6781.390000
6781.390000
6781.390000
6781.390000
6781.390000
6781.390000
6781.390000
6781.390000
6781.390000
6781.390000
6781.390000
6781.390000
6781.390000
6781.390000
6781.390000
6781.390000
6781.390000
6781.390000
6781.390000
6781.390000
6781.390000
6781.390000
6781.390000
6781.390000
6781.390000
6781.390000
6781.390000
6781.390000
6781.390000
6781.390000
6781.390000
6781.390000
6781.390000
6781.390000
6781.390000
6781.390000
6781.390000
6781.390000
6781.390000
6781.390000
6781.390000
6781.390000
6781.390000
6781.390000
6781.390000
6781.390000
6781.390000
6781.390000
6781.390000
6781.390000
6781.390000
6781.390000
6781.390000
6781.390000
6781.390000
6781.390000
6781.390000
6781.390000
6781.390000
6781.390000
6781.390000
6781.390000
6781.390000
6781.390000
6781.390000
6781.390000
6781.390000
6781.390000
6781.390000
6781.390000
6781.390000
6781.390000
6781.390000
6781.390000
6781.390000
6781.390000
6781.390000
6781.390000
6781.390000
6781.390000
6781.390000
6781.390000
6781.390000
6781.390000
6781.390000
6781.390000
6781.390000
6781.390000
6781.390000
6781.390000
6781.390000
6781.390000
6781.390000
6781.390000
6781.390000
6781.390000
6781.390000
6781.390000
6781.390000
6781.390000
6781.390000
6781.390000
6781.390000
6781.390000
6781.390000
6781.390000
6781.390000
6781.390000
6781.390000
6781.390000
6781.390000
6781.390000
6781.390000
6781.390000
6781.390000
6781.390000
6781.390000
6781.390000
6781.390000
6781.390000
6781.390000
6781.390000
6781.390000
6781.390000
6781.390000
6781.390000
6781.390000
6781.390000
6781.390000
6781.390000
6781.390000
6781.390000
6781.390000
6781.390000
6781.390000
6781.390000
6781.390000
6781.390000
6781.390000
6781.390000
6781.390000
6781.390000
6781.390000
6781.390000
6781.390000
6781.390000
6781.390000
6781.390000
6781.390000
6781.390000
6781.390000
6781.390000
6781.390000
6781.390000
6781.390000
6781.390000
6781.390000
6781.390000
6781.390000
6781.390000
6781.390000
6781.390000
6781.390000
6781.390000
6781.390000
6781.390000
6781.390000
6781.390000
6781.390000
6781.390000
6781.390000
6781.390000
6781.390000
6781.390000
6781.390000
6781.390000
6781.390000
6781.390000
6781.390000
6781.390000
6781.390000
6781.390000
6781.390000
6781.390000
6781.390000
6781.390000
6781.390000
6781.390000
6781.390000
6781.390000
6781.390000
6781.390000
6781.390000
6781.390000
6781.390000
6781.390000
6781.390000
6781.390000
6781.390000
6781.390000
6781.390000
6781.390000
6781.390000
6781.390000
6781.390000
6781.390000
6781.390000
6781.390000
6781.390000
6781.390000
6781.390000
6781.390000
6781.390000
6781.390000
6781.390000
6781.390000
6781.390000
6781.390000
6781.390000
6781.390000
6781.390000
6781.390000
6781.390000
6781.390000
6781.390000
6781.390000
6781.390000
6781.390000
6781.390000
6781.390000
6781.390000
6781.390000
6781.390000
6781.390000
6781.390000
6781.390000
6781.390000
6781.390000
6781.390000
6781.390000
6781.390000
6781.390000
6781.390000
6781.390000
6781.390000
6781.390000
6781.390000
6781.390000
6781.390000
6781.390000
6781.390000
6781.390000
6781.390000
6781.390000
6781.390000
6781.390000
6781.390000
6781.390000
6781.390000
6781.390000
6781.390000
6781.390000
6781.390000
6781.390000
6781.390000
6781.390000
6781.390000
6781.390000
6781.390000
6781.390000
6781.390000
6781.390000
6781.390000
6781.390000
6781.390000
6781.390000
6781.390000
6781.390000
6781.390000
6781.390000
6781.390000
6781.390000
6781.390000
6781.390000
6781.390000
6781.390000
6781.390000
6781.390000
6781.390000
6781.390000
6781.390000
6781.390000
6781.390000
6781.390000
6781.390000
6781.390000
6781.390000
6781.390000
6781.390000
6781.390000
6781.390000
6781.390000
6781.390000
6781.390000
6781.390000
6781.390000
6781.390000
6781.390000
6781.390000
6781.390000
6781.390000
6781.390000
6781.390000
6781.390000
6781.390000
6781.390000
6781.390000
6781.390000
6781.390000
6781.390000
6781.390000
6781.390000
6781.390000
6781.390000
6781.390000
6781.390000
6781.390000
6781.390000
6781.390000
6781.390000
6781.390000
6781.390000
6781.390000
6781.390000
6781.390000
6781.390000
6781.390000
6781.390000
6781.390000
6781.390000
6781.390000
6781.390000
6781.390000
6781.390000
6781.390000
6781.390000
6781.390000
6781.390000
6781.390000
6781.390000
6781.390000
6781.390000
6781.390000
6781.390000
6781.390000
6781.390000
6781.390000
6781.390000
6781.390000
6781.390000
6781.390000
6781.390000
6781.390000
6781.390000
6781.390000
6781.390000
6781.390000
6781.390000
6781.390000
6781.390000
6781.390000
6781.390000
6781.390000
6781.390000
6781.390000
6781.390000
6781.390000
6781.390000
6781.390000
6781.390000
6781.390000
6781.390000
6781.390000
6781.390000
6781.390000
6781.390000
6781.390000
6781.390000
6781.390000
6781.390000
6781.390000
6781.390000
6781.390000
6781.390000
6781.390000
6781.390000
6781.390000
6781.390000
6781.390000
6781.390000
6781.390000
6781.390000
6781.390000
6781.390000
6781.390000
6781.390000
6781.390000
6781.390000
6781.390000
6781.390000
6781.390000
6781.390000
6781.390000
6781.390000
6781.390000
6781.390000
6781.390000
6781.390000
6781.390000
6781.390000
6781.390000
6781.390000
6781.390000
6781.390000
6781.390000
6781.390000
6781.390000
6781.390000
6781.390000
6781.390000
6781.390000
6781.390000
6781.390000
6781.390000
6781.390000
6781.390000
6781.390000
6781.390000
6781.390000
6781.390000
6781.390000
6781.390000
6781.390000
6781.390000
6781.390000
6781.390000
6781.390000
6781.390000
6781.390000
6781.390000
6781.390000
6781.390000
6781.390000
6781.390000
6781.390000
6781.390000
6781.390000
6781.390000
6781.390000
6781.390000
6781.390000
3744.230082
5553.371526
0.000000
0.000000
758.941975
1530.910080
1618.254757
2823.835005
3984.624216
3815.122286
1617.261577
1558.506453
6376.831429
6781.390000
6781.390000
6781.390000
6781.390000
6781.390000
6781.390000
6781.390000
6781.390000
6781.390000
6781.390000
6781.390000
6781.390000
6781.390000
6781.390000
6781.390000
6781.390000
6781.390000
6781.390000
6781.390000
6781.390000
6781.390000
6781.390000
6781.390000
6781.390000
6781.390000
6781.390000
6781.390000
6781.390000
6781.390000
6781.390000
6781.390000
6781.390000
6781.390000
6781.390000
6781.390000
6781.390000
6781.390000
1707.678232
0.000000
0.000000
0.000000
0.000000
0.000000
0.000000
0.000000
1654.537065
2075.897992
5814.139839
6781.390000
6781.390000
6781.390000
6781.390000
6781.390000
6781.390000
6781.390000
6781.390000
6781.390000
6781.390000
6781.390000
6781.390000
6781.390000
6781.390000
6781.390000
6781.390000
6781.390000
6781.390000
6781.390000
6781.390000
6781.390000
6781.390000
6781.390000
6781.390000
6781.390000
6781.390000
6781.390000
6781.390000
6781.390000
6781.390000
6781.390000
6781.390000
6781.390000
6781.390000
6781.390000
6781.390000
6781.390000
6781.390000
4544.240511
0.000000
0.000000
0.000000
0.000000
2152.360823
2921.193318
6781.390000
6781.390000
6781.390000
6781.390000
6781.390000
6781.390000
6781.390000
6781.390000
6781.390000
6781.390000
6781.390000
6781.390000
6781.390000
6781.390000
6781.390000
6781.390000
6781.390000
6781.390000
6781.390000
6781.390000
6781.390000
6781.390000
6781.390000
6781.390000
6781.390000
6781.390000
6781.390000
6781.390000
6781.390000
6781.390000
6781.390000
6781.390000
6781.390000
6781.390000
6781.390000
6781.390000
6781.390000
6781.390000
6781.390000
6781.390000
6781.390000
6781.390000
829.038141
0.000000
0.000000
465.720862
2196.628482
2947.123803
6781.390000
6781.390000
6781.390000
6781.390000
6781.390000
6781.390000
6781.390000
6781.390000
6781.390000
6781.390000
6781.390000
6781.390000
6781.390000
6781.390000
6781.390000
6781.390000
6781.390000
6781.390000
6781.390000
6781.390000
6781.390000
6781.390000
6781.390000
6781.390000
6781.390000
6781.390000
6781.390000
6781.390000
6781.390000
6781.390000
6781.390000
6781.390000
6781.390000
6781.390000
6781.390000
6781.390000
6781.390000
6781.390000
6781.390000
6781.390000
6781.390000
6781.390000
6781.390000
6781.390000
6781.390000
6781.390000
6781.390000
6781.390000
6781.390000
6781.390000
6781.390000
6781.390000
6781.390000
6781.390000
6781.390000
6781.390000
6781.390000
6781.390000
6781.390000
6781.390000
6781.390000
6781.390000
6781.390000
6781.390000
6781.390000
6781.390000
6781.390000
6781.390000
6781.390000
6781.390000
6781.390000
6781.390000
6781.390000
6781.390000
6781.390000
6781.390000
6781.390000
6781.390000
6781.390000
6781.390000
6781.390000
6781.390000
6781.390000
6781.390000
6781.390000
6781.390000
6781.390000
6781.390000
6781.390000
6781.390000
6781.390000
6781.390000
6781.390000
6781.390000
6781.390000
6781.390000
6781.390000
6781.390000
6781.390000
6781.390000
6781.390000
6781.390000
6781.390000
6781.390000
6781.390000
6781.390000
6781.390000
6781.390000
6781.390000
6781.390000
6781.390000
6781.390000
6781.390000
6781.390000
6781.390000
6781.390000
6781.390000
6781.390000
6781.390000
6781.390000
6781.390000
6781.390000
6781.390000
6781.390000
6781.390000
6781.390000
6781.390000
6781.390000
6781.390000
6781.390000
6781.390000
6781.390000
6781.390000
6781.390000
5070.428849
6781.390000
0.000000
0.000000
0.000000
0.000000
6781.390000
6781.390000
3185.228702
2394.796565
6781.390000
6781.390000
6781.390000
6781.390000
6781.390000
6781.390000
6781.390000
6781.390000
6781.390000
6781.390000
6781.390000
6781.390000
6781.390000
6781.390000
6781.390000
6781.390000
6781.390000
6781.390000
6781.390000
6781.390000
6781.390000
6781.390000
6781.390000
6781.390000
6781.390000
6781.390000
6781.390000
6781.390000
6781.390000
6781.390000
6781.390000
6781.390000
6781.390000
6781.390000
6781.390000
6781.390000
6781.390000
6781.390000
6781.390000
6781.390000
1488.071055
0.000000
1193.348791
0.000000
6781.390000
6781.390000
6781.390000
6781.390000
6781.390000
6781.390000
6781.390000
6781.390000
6781.390000
6781.390000
6781.390000
6781.390000
6781.390000
6781.390000
6781.390000
6781.390000
6781.390000
6781.390000
6781.390000
6781.390000
6781.390000
6781.390000
6781.390000
6781.390000
6781.390000
6781.390000
6781.390000
6781.390000
6781.390000
6781.390000
6781.390000
6781.390000
6781.390000
6781.390000
6781.390000
6781.390000
6781.390000
6781.390000
6781.390000
6781.390000
6781.390000
6781.390000
6781.390000
6781.390000
6781.390000
2172.162824
0.000000
0.000000
0.000000
0.000000
24.232597
652.872350
6781.390000
6781.390000
6781.390000
6781.390000
6781.390000
6781.390000
6781.390000
6781.390000
6781.390000
6781.390000
6781.390000
6781.390000
6781.390000
6781.390000
6781.390000
6781.390000
6781.390000
6781.390000
6781.390000
6781.390000
6781.390000
6781.390000
6781.390000
6781.390000
6781.390000
6781.390000
6781.390000
6781.390000
6781.390000
6781.390000
6781.390000
6781.390000
6781.390000
6781.390000
6781.390000
6781.390000
6781.390000
6781.390000
6781.390000
6781.390000
6781.390000
6781.390000
6781.390000
6781.390000
4187.398530
4561.887199
6781.390000
6781.390000
6781.390000
6781.390000
6781.390000
6781.390000
6781.390000
6781.390000
6781.390000
6781.390000
6781.390000
6781.390000
6781.390000
6781.390000
6781.390000
6781.390000
6781.390000
6781.390000
6781.390000
6781.390000
6781.390000
6781.390000
6781.390000
6781.390000
6781.390000
6781.390000
6781.390000
6781.390000
6781.390000
6781.390000
6781.390000
6781.390000
6781.390000
6781.390000
6781.390000
6781.390000
6781.390000
6781.390000
6781.390000
6781.390000
6781.390000
6781.390000
6781.390000
6781.390000
6781.390000
6781.390000
0.000000
0.000000
6061.188799
6781.390000
6573.438109
6781.390000
6781.390000
6781.390000
6781.390000
6781.390000
6781.390000
6781.390000
6781.390000
6781.390000
6781.390000
6781.390000
6781.390000
6781.390000
6781.390000
6781.390000
6781.390000
6781.390000
6781.390000
6781.390000
6781.390000
6781.390000
6781.390000
6781.390000
6781.390000
6781.390000
6781.390000
6781.390000
6781.390000
6781.390000
6781.390000
6781.390000
6781.390000
6781.390000
6781.390000
6781.390000
6781.390000
6781.390000
6781.390000
6781.390000
6781.390000
6781.390000
6781.390000
6781.390000
6781.390000
6781.390000
6781.390000
6781.390000
6781.390000
6781.390000
6781.390000
6781.390000
6781.390000
6781.390000
6781.390000
6781.390000
6781.390000
6781.390000
6781.390000
6781.390000
6781.390000
6781.390000
6781.390000
6781.390000
6781.390000
6781.390000
6781.390000
6781.390000
6781.390000
6781.390000
6781.390000
6781.390000
6781.390000
6781.390000
6781.390000
6781.390000
6781.390000
6781.390000
6781.390000
6781.390000
6781.390000
6781.390000
6781.390000
6781.390000
6781.390000
6781.390000
6781.390000
6781.390000
6781.390000
6781.390000
6781.390000
6781.390000
6781.390000
6781.390000
6781.390000
6781.390000
6781.390000
6781.390000
6781.390000
6781.390000
6781.390000
6781.390000
6781.390000
6781.390000
6781.390000
6781.390000
6781.390000
6781.390000
6781.390000
6781.390000
6781.390000
6781.390000
6781.390000
6781.390000
6781.390000
6781.390000
6781.390000
6781.390000
6781.390000
6781.390000
6781.390000
6781.390000
6781.390000
6781.390000
6781.390000
6781.390000
6781.390000
6781.390000
6781.390000
6781.390000
6781.390000
6781.390000
6781.390000
6781.390000
6781.390000
6781.390000
6781.390000
6781.390000
6781.390000
6781.390000
6781.390000
6781.390000
6781.390000
6781.390000
6781.390000
6781.390000
6781.390000
6781.390000
6781.390000
6781.390000
6781.390000
6781.390000
6781.390000
6781.390000
6781.390000
6781.390000
6781.390000
6781.390000
6781.390000
6781.390000
6781.390000
6781.390000
6781.390000
6781.390000
6781.390000
6781.390000
6781.390000
6781.390000
6781.390000
6781.390000
6781.390000
6781.390000
6781.390000
6781.390000
6781.390000
6781.390000
6781.390000
6781.390000
6781.390000
6781.390000
6781.390000
6781.390000
6781.390000
6781.390000
6781.390000
6781.390000
6781.390000
6781.390000
6781.390000
6781.390000
6781.390000
6781.390000
6781.390000
6781.390000
6781.390000
6781.390000
6781.390000
6781.390000
6781.390000
6781.390000
6781.390000
6781.390000
6781.390000
6781.390000
6781.390000
6781.390000
6781.390000
6781.390000
6781.390000
6781.390000
6781.390000
6781.390000
6781.390000
6781.390000
6781.390000
6781.390000
6781.390000
6781.390000
6781.390000
6781.390000
6781.390000
6781.390000
6781.390000
6781.390000
6781.390000
6781.390000
6781.390000
6781.390000
6781.390000
6781.390000
6781.390000
6781.390000
6781.390000
6781.390000
5389.444417
3516.375651
0.000000
0.000000
0.000000
0.000000
1039.333189
1265.604370
6781.390000
6781.390000
6781.390000
6781.390000
6781.390000
6781.390000
6781.390000
6781.390000
6781.390000
6781.390000
6781.390000
6781.390000
6781.390000
6781.390000
6781.390000
6781.390000
6781.390000
6781.390000
6781.390000
6781.390000
6781.390000
6781.390000
6781.390000
6781.390000
6781.390000
6781.390000
6781.390000
6781.390000
6781.390000
6781.390000
6781.390000
6781.390000
6781.390000
6781.390000
6781.390000
6781.390000
6781.390000
6781.390000
6781.390000
0.000000
0.000000
0.000000
0.000000
0.000000
0.000000
0.000000
0.000000
0.000000
0.000000
0.000000
1920.856621
5162.798453
6781.390000
6781.390000
6781.390000
6781.390000
6781.390000
6781.390000
6781.390000
6781.390000
6781.390000
6781.390000
6781.390000
6781.390000
6781.390000
6781.390000
6781.390000
6781.390000
6781.390000
6781.390000
6781.390000
6781.390000
6781.390000
6781.390000
6781.390000
6781.390000
6781.390000
6781.390000
6781.390000
6781.390000
6781.390000
6781.390000
6781.390000
6781.390000
0.000000
2435.675339
337.598977
0.000000
0.000000
0.000000
0.000000
0.000000
200.250405
735.913544
3116.283358
3713.565124
6781.390000
4778.405211
6781.390000
6781.390000
6781.390000
6781.390000
6781.390000
6781.390000
6781.390000
6781.390000
6781.390000
6781.390000
6781.390000
6781.390000
6781.390000
6781.390000
6781.390000
6781.390000
6781.390000
6781.390000
6781.390000
6781.390000
6781.390000
6781.390000
6781.390000
6781.390000
6781.390000
6781.390000
6781.390000
6781.390000
6781.390000
6781.390000
6781.390000
6781.390000
6781.390000
6781.390000
6781.390000
6781.390000
6781.390000
5517.328749
0.000000
0.000000
0.000000
0.000000
0.000000
0.000000
0.000000
0.000000
6191.457389
6781.390000
6781.390000
6781.390000
6781.390000
6781.390000
6781.390000
6781.390000
6781.390000
6781.390000
6781.390000
6781.390000
6781.390000
6781.390000
6781.390000
6781.390000
6781.390000
6781.390000
6781.390000
6781.390000
6781.390000
6781.390000
6781.390000
6781.390000
6781.390000
6781.390000
6781.390000
6781.390000
6781.390000
6781.390000
6781.390000
6781.390000
6781.390000
6781.390000
6781.390000
6781.390000
6781.390000
6781.390000
6781.390000
6781.390000
6781.390000
6781.390000
6781.390000
6781.390000
6781.390000
6781.390000
6781.390000
6781.390000
6781.390000
6781.390000
6781.390000
6781.390000
6781.390000
6781.390000
6781.390000
6781.390000
6781.390000
6781.390000
6781.390000
6781.390000
6781.390000
6781.390000
6781.390000
6781.390000
6781.390000
6781.390000
6781.390000
6781.390000
6781.390000
6781.390000
6781.390000
6781.390000
6781.390000
6781.390000
6781.390000
6781.390000
6781.390000
6781.390000
6781.390000
6781.390000
6781.390000
6781.390000
0.000000
0.000000
0.000000
0.000000
0.000000
0.000000
0.000000
0.000000
0.000000
0.000000
0.000000
0.000000
0.000000
0.000000
5301.983742
6781.390000
6781.390000
6781.390000
6781.390000
6781.390000
6781.390000
6781.390000
6781.390000
6781.390000
6781.390000
6781.390000
6781.390000
6781.390000
6781.390000
6781.390000
6781.390000
6781.390000
6781.390000
6781.390000
6781.390000
6781.390000
6781.390000
6781.390000
6781.390000
6781.390000
6781.390000
6781.390000
6781.390000
6781.390000
6781.390000
6781.390000
6781.390000
6781.390000
6781.390000
6781.390000
6781.390000
6781.390000
6781.390000
5171.919307
6781.390000
6286.724619
4747.803254
5155.892033
6781.390000
6781.390000
6781.390000
6781.390000
6781.390000
6781.390000
6781.390000
6781.390000
6781.390000
6781.390000
6781.390000
6781.390000
6781.390000
6781.390000
6781.390000
6781.390000
6781.390000
6781.390000
6781.390000
6781.390000
6781.390000
6781.390000
6781.390000
6781.390000
6781.390000
6781.390000
6781.390000
6781.390000
6781.390000
6781.390000
6781.390000
6781.390000
6781.390000
6781.390000
6781.390000
6781.390000
6781.390000
6781.390000
6781.390000
6781.390000
6781.390000
6781.390000
6781.390000
1266.034424
0.000000
0.000000
0.000000
0.000000
0.000000
0.000000
0.000000
0.000000
2528.580118
5599.378608
6781.390000
6781.390000
6781.390000
6781.390000
6781.390000
6781.390000
6781.390000
6781.390000
6781.390000
6781.390000
6781.390000
6781.390000
6781.390000
6781.390000
6781.390000
6781.390000
6781.390000
6781.390000
6781.390000
6781.390000
6781.390000
6781.390000
6781.390000
6781.390000
6781.390000
6781.390000
6781.390000
6781.390000
6781.390000
6781.390000
6781.390000
6781.390000
6781.390000
6781.390000
6781.390000
6781.390000
6781.390000
6781.390000
6781.390000
6781.390000
6781.390000
6781.390000
6781.390000
6781.390000
6781.390000
6781.390000
6781.390000
2694.929045
6781.390000
6781.390000
6781.390000
6781.390000
6781.390000
6781.390000
6781.390000
6781.390000
6781.390000
6781.390000
6781.390000
6781.390000
6781.390000
6781.390000
6781.390000
6781.390000
6781.390000
6781.390000
6781.390000
6781.390000
6781.390000
6781.390000
6781.390000
6781.390000
6781.390000
6781.390000
6781.390000
6781.390000
6781.390000
6781.390000
6781.390000
6781.390000
6781.390000
6781.390000
6781.390000
6781.390000
5857.012869
857.465924
0.000000
0.000000
0.000000
0.000000
6781.390000
6781.390000
6781.390000
6781.390000
6781.390000
6781.390000
6781.390000
6781.390000
6781.390000
6781.390000
6781.390000
6781.390000
6781.390000
6781.390000
6781.390000
6781.390000
6781.390000
6781.390000
6781.390000
6781.390000
6781.390000
6781.390000
6781.390000
6781.390000
6781.390000
6781.390000
6781.390000
6781.390000
6781.390000
6781.390000
6781.390000
6781.390000
6781.390000
6781.390000
6781.390000
6781.390000
6781.390000
6781.390000
6781.390000
6781.390000
6781.390000
6781.390000
6781.390000
6781.390000
6781.390000
6781.390000
3078.223943
3402.258724
6781.390000
6781.390000
6781.390000
6781.390000
6781.390000
6781.390000
6781.390000
6781.390000
6781.390000
6781.390000
6781.390000
6781.390000
6781.390000
6781.390000
6781.390000
6781.390000
6781.390000
6781.390000
6781.390000
6781.390000
6781.390000
6781.390000
6781.390000
6781.390000
6781.390000
6781.390000
6781.390000
6781.390000
6781.390000
6781.390000
6781.390000
6781.390000
6781.390000
6781.390000
6781.390000
6781.390000
6781.390000
6781.390000
6781.390000
6781.390000
6781.390000
6781.390000
6781.390000
6781.390000
4418.853651
5883.364018
5176.254771
6781.390000
6781.390000
6781.390000
6781.390000
6781.390000
6781.390000
6781.390000
6781.390000
6781.390000
6781.390000
6781.390000
6781.390000
6781.390000
6781.390000
6781.390000
6781.390000
6781.390000
6781.390000
6781.390000
6781.390000
6781.390000
6781.390000
6781.390000
6781.390000
6781.390000
6781.390000
6781.390000
6781.390000
6781.390000
6781.390000
6781.390000
6781.390000
6781.390000
6781.390000
6781.390000
6781.390000
6781.390000
6781.390000
6781.390000
6781.390000
6781.390000
0.000000
0.000000
984.101719
2039.914801
6781.390000
6781.390000
6781.390000
6781.390000
6781.390000
6781.390000
6781.390000
6781.390000
6781.390000
6781.390000
6781.390000
6781.390000
6781.390000
6781.390000
6781.390000
6781.390000
6781.390000
6781.390000
6781.390000
6781.390000
6781.390000
6781.390000
6781.390000
6781.390000
6781.390000
6781.390000
6781.390000
6781.390000
6781.390000
6781.390000
6781.390000
6781.390000
6781.390000
6781.390000
6781.390000
6781.390000
6781.390000
6781.390000
6781.390000
6781.390000
6781.390000
6781.390000
6781.390000
6781.390000
6781.390000
6781.390000
6781.390000
6781.390000
6781.390000
6781.390000
6781.390000
6781.390000
6781.390000
6781.390000
6781.390000
6781.390000
6781.390000
6781.390000
6781.390000
6781.390000
6781.390000
6781.390000
6781.390000
6781.390000
6781.390000
6781.390000
6781.390000
6781.390000
6781.390000
6781.390000
6781.390000
6781.390000
6781.390000
6781.390000
6781.390000
6781.390000
6781.390000
6781.390000
6781.390000
6781.390000
6781.390000
6781.390000
6781.390000
6781.390000
6781.390000
6781.390000
6781.390000
6781.390000
6781.390000
6781.390000
6781.390000
6781.390000
6781.390000
6781.390000
6781.390000
6781.390000
6781.390000
6781.390000
6781.390000
6781.390000
6781.390000
6781.390000
6781.390000
6781.390000
6781.390000
6781.390000
6781.390000
6781.390000
6781.390000
6781.390000
6781.390000
6781.390000
6781.390000
6781.390000
6781.390000
6781.390000
6781.390000
6781.390000
6781.390000
6781.390000
6781.390000
6781.390000
6781.390000
6781.390000
6781.390000
6781.390000
6781.390000
6781.390000
6781.390000
6781.390000
6781.390000
6781.390000
6781.390000
6781.390000
6781.390000
6781.390000
6781.390000
6781.390000
6781.390000
6781.390000
6781.390000
6781.390000
6781.390000
6781.390000
6781.390000
6781.390000
6781.390000
6781.390000
6781.390000
6781.390000
6781.390000
6781.390000
6781.390000
6781.390000
6781.390000
6781.390000
6781.390000
6781.390000
6781.390000
6781.390000
6781.390000
6781.390000
6781.390000
6781.390000
6781.390000
6781.390000
6781.390000
6781.390000
6781.390000
6781.390000
6781.390000
6781.390000
6781.390000
6781.390000
6781.390000
6781.390000
6781.390000
6781.390000
6781.390000
6781.390000
6781.390000
6781.390000
6781.390000
6781.390000
6781.390000
6781.390000
6781.390000
6781.390000
6781.390000
6781.390000
6781.390000
6781.390000
6781.390000
6781.390000
0.000000
0.000000
2663.817446
3209.825366
6697.402204
6781.390000
6781.390000
6781.390000
6781.390000
6781.390000
6781.390000
6781.390000
6781.390000
6781.390000
6781.390000
6781.390000
6781.390000
6781.390000
6781.390000
6781.390000
6781.390000
6781.390000
6781.390000
6781.390000
6781.390000
6781.390000
6781.390000
6781.390000
6781.390000
6781.390000
6781.390000
6781.390000
6781.390000
6781.390000
6781.390000
6781.390000
6781.390000
6781.390000
6781.390000
6781.390000
6781.390000
6781.390000
6781.390000
6781.390000
6781.390000
6781.390000
3647.120587
1723.577357
44.961980
249.627366
6781.390000
6781.390000
6781.390000
6781.390000
6781.390000
6781.390000
6781.390000
6781.390000
6781.390000
6781.390000
6781.390000
6781.390000
6781.390000
6781.390000
6781.390000
6781.390000
6781.390000
6781.390000
6781.390000
6781.390000
6781.390000
6781.390000
6781.390000
6781.390000
6781.390000
6781.390000
6781.390000
6781.390000
6781.390000
6781.390000
6781.390000
6781.390000
6781.390000
6781.390000
6781.390000
6781.390000
6781.390000
6781.390000
6781.390000
6781.390000
6781.390000
6781.390000
6781.390000
6781.390000
6781.390000
6781.390000
6781.390000
6781.390000
6781.390000
6781.390000
6781.390000
6781.390000
6781.390000
6781.390000
6781.390000
6781.390000
6781.390000
6781.390000
6781.390000
6781.390000
6781.390000
6781.390000
6781.390000
6781.390000
6781.390000
6781.390000
6781.390000
6781.390000
6781.390000
6781.390000
6781.390000
6781.390000
6781.390000
6781.390000
6781.390000
6781.390000
6781.390000
6781.390000
6781.390000
6781.390000
6781.390000
6781.390000
6781.390000
6781.390000
6781.390000
6781.390000
6781.390000
6781.390000
6781.390000
6781.390000
6781.390000
6781.390000
5037.016766
5988.382092
3015.129746
4743.127993
6781.390000
6781.390000
6781.390000
6781.390000
6781.390000
6781.390000
6781.390000
6781.390000
6781.390000
6781.390000
6781.390000
6781.390000
6781.390000
6781.390000
6781.390000
6781.390000
6781.390000
6781.390000
6781.390000
6781.390000
6781.390000
6781.390000
6781.390000
6781.390000
6781.390000
6781.390000
6781.390000
6781.390000
6781.390000
6781.390000
6781.390000
6781.390000
6781.390000
6781.390000
6781.390000
6781.390000
6781.390000
6781.390000
6781.390000
6781.390000
6781.390000
6781.390000
6781.390000
6781.390000
5593.893003
3536.454691
6781.390000
6781.390000
6781.390000
6781.390000
6781.390000
6781.390000
6781.390000
6781.390000
6781.390000
6781.390000
6781.390000
6781.390000
6781.390000
6781.390000
6781.390000
6781.390000
6781.390000
6781.390000
6781.390000
6781.390000
6781.390000
6781.390000
6781.390000
6781.390000
6781.390000
6781.390000
6781.390000
6781.390000
6781.390000
6781.390000
6781.390000
6781.390000
6781.390000
6781.390000
6781.390000
6781.390000
6781.390000
6781.390000
6781.390000
6781.390000
6781.390000
6781.390000
6781.390000
6781.390000
6781.390000
6781.390000
6781.390000
6781.390000
6781.390000
6781.390000
6781.390000
6781.390000
6781.390000
6781.390000
6781.390000
6781.390000
6781.390000
6781.390000
6781.390000
6781.390000
6781.390000
6781.390000
6781.390000
6781.390000
6781.390000
6781.390000
6781.390000
6781.390000
6781.390000
6781.390000
6781.390000
6781.390000
6781.390000
6781.390000
6781.390000
6781.390000
6781.390000
6781.390000
6781.390000
6781.390000
6781.390000
6781.390000
6781.390000
6781.390000
6781.390000
6781.390000
6781.390000
6781.390000
6781.390000
6781.390000
6781.390000
6781.390000
6781.390000
2346.116951
0.000000
0.000000
0.000000
0.000000
0.000000
0.000000
1718.164827
1980.483506
0.000000
6781.390000
6781.390000
6781.390000
6781.390000
6781.390000
6781.390000
6781.390000
6781.390000
6781.390000
6781.390000
6781.390000
6781.390000
6781.390000
6781.390000
6781.390000
6781.390000
6781.390000
6781.390000
6781.390000
6781.390000
6781.390000
6781.390000
6781.390000
6781.390000
6781.390000
6781.390000
6781.390000
6781.390000
6781.390000
6781.390000
6781.390000
6781.390000
6781.390000
6781.390000
6781.390000
6781.390000
6781.390000
6781.390000
6781.390000
593.807749
0.000000
0.000000
0.000000
0.000000
0.000000
6781.390000
6781.390000
6781.390000
6781.390000
6781.390000
6781.390000
6781.390000
6781.390000
6781.390000
6781.390000
6781.390000
6781.390000
6781.390000
6781.390000
6781.390000
6781.390000
6781.390000
6781.390000
6781.390000
6781.390000
6781.390000
6781.390000
6781.390000
6781.390000
6781.390000
6781.390000
6781.390000
6781.390000
6781.390000
6781.390000
6781.390000
6781.390000
6781.390000
6781.390000
6781.390000
6781.390000
6781.390000
6781.390000
6781.390000
6781.390000
6781.390000
6265.210784
5833.137675
4344.172307
6781.390000
6781.390000
6781.390000
6781.390000
6781.390000
6781.390000
6781.390000
6781.390000
6781.390000
6781.390000
6781.390000
6781.390000
6781.390000
6781.390000
6781.390000
6781.390000
6781.390000
6781.390000
6781.390000
6781.390000
6781.390000
6781.390000
6781.390000
6781.390000
6781.390000
6781.390000
6781.390000
6781.390000
6781.390000
6781.390000
6781.390000
6781.390000
6781.390000
6781.390000
6781.390000
6781.390000
6781.390000
6781.390000
6781.390000
6781.390000
6781.390000
6781.390000
6781.390000
6781.390000
6781.390000
6781.390000
6781.390000
6781.390000
6781.390000
6781.390000
6781.390000
6781.390000
6781.390000
6781.390000
6781.390000
6781.390000
6781.390000
6781.390000
6781.390000
6781.390000
6781.390000
6781.390000
6781.390000
6781.390000
6781.390000
6781.390000
6781.390000
6781.390000
6781.390000
6781.390000
6781.390000
6781.390000
6781.390000
6781.390000
6781.390000
6781.390000
6781.390000
6781.390000
6781.390000
6781.390000
6781.390000
6781.390000
6781.390000
6781.390000
6781.390000
6781.390000
6781.390000
6781.390000
6781.390000
6781.390000
4390.328172
6279.776034
0.000000
937.786607
3628.927712
4807.901260
801.071438
2385.058420
2281.340466
1469.960367
2275.693014
1872.294230
6781.390000
6781.390000
6781.390000
6781.390000
6781.390000
6781.390000
6781.390000
6781.390000
6781.390000
6781.390000
6781.390000
6781.390000
6781.390000
6781.390000
6781.390000
6781.390000
6781.390000
6781.390000
6781.390000
6781.390000
6781.390000
6781.390000
6781.390000
6781.390000
6781.390000
6781.390000
6781.390000
6781.390000
6781.390000
6781.390000
6781.390000
6781.390000
6781.390000
6781.390000
6781.390000
6781.390000
6781.390000
6781.390000
6781.390000
6781.390000
6781.390000
6781.390000
6781.390000
6781.390000
6781.390000
6781.390000
6781.390000
6781.390000
6781.390000
6781.390000
6781.390000
6781.390000
6781.390000
6781.390000
6781.390000
6781.390000
6781.390000
6781.390000
6781.390000
6781.390000
6781.390000
6781.390000
6781.390000
6781.390000
6781.390000
6781.390000
6781.390000
6781.390000
6781.390000
6781.390000
6781.390000
6781.390000
6781.390000
6781.390000
6781.390000
6781.390000
6781.390000
6781.390000
6781.390000
6781.390000
6781.390000
6781.390000
6781.390000
6781.390000
6781.390000
6781.390000
6781.390000
2668.157250
0.000000
0.000000
0.000000
0.000000
6728.653130
6781.390000
0.000000
162.750746
6781.390000
6781.390000
6781.390000
6781.390000
6781.390000
6781.390000
6781.390000
6781.390000
6781.390000
6781.390000
6781.390000
6781.390000
6781.390000
6781.390000
6781.390000
6781.390000
6781.390000
6781.390000
6781.390000
6781.390000
6781.390000
6781.390000
6781.390000
6781.390000
6781.390000
6781.390000
6781.390000
6781.390000
6781.390000
6781.390000
6781.390000
6781.390000
6781.390000
6781.390000
6781.390000
6781.390000
6781.390000
6781.390000
6781.390000
3039.326448
2349.027457
533.750673
3000.768823
3217.092330
6781.390000
6781.390000
6781.390000
6781.390000
6781.390000
6781.390000
6781.390000
6781.390000
6781.390000
6781.390000
6781.390000
6781.390000
6781.390000
6781.390000
6781.390000
6781.390000
6781.390000
6781.390000
6781.390000
6781.390000
6781.390000
6781.390000
6781.390000
6781.390000
6781.390000
6781.390000
6781.390000
6781.390000
6781.390000
6781.390000
6781.390000
6781.390000
6781.390000
6781.390000
6781.390000
6781.390000
6781.390000
6781.390000
6781.390000
6781.390000
6781.390000
6781.390000
6781.390000
6781.390000
6781.390000
6781.390000
6781.390000
6781.390000
6781.390000
6781.390000
6781.390000
6781.390000
6781.390000
6781.390000
6781.390000
6781.390000
6781.390000
6781.390000
6781.390000
6781.390000
6781.390000
6781.390000
6781.390000
6781.390000
6781.390000
6781.390000
6781.390000
6781.390000
6781.390000
6781.390000
6781.390000
6781.390000
6781.390000
6781.390000
6781.390000
6781.390000
6781.390000
6781.390000
6781.390000
6781.390000
6781.390000
6781.390000
6781.390000
6781.390000
6781.390000
6781.390000
6781.390000
6781.390000
6781.390000
6781.390000
6282.423016
402.119975
3553.564910
1436.512048
4746.792043
4922.162300
4110.625256
4601.122902
6781.390000
6781.390000
6781.390000
6781.390000
6781.390000
6781.390000
6781.390000
6781.390000
6781.390000
6781.390000
6781.390000
6781.390000
6781.390000
6781.390000
6781.390000
6781.390000
6781.390000
6781.390000
6781.390000
6781.390000
6781.390000
6781.390000
6781.390000
6781.390000
6781.390000
6781.390000
6781.390000
6781.390000
6781.390000
6781.390000
6781.390000
6781.390000
6781.390000
6781.390000
6781.390000
6781.390000
6781.390000
6781.390000
0.000000
0.000000
186.455115
679.516626
651.159482
1555.085693
2237.190396
3846.249652
6515.844075
5532.239292
6781.390000
6781.390000
6781.390000
6781.390000
6781.390000
6781.390000
6781.390000
6781.390000
6781.390000
6781.390000
6781.390000
6781.390000
6781.390000
6781.390000
6781.390000
6781.390000
6781.390000
6781.390000
6781.390000
6781.390000
6781.390000
6781.390000
6781.390000
6781.390000
6781.390000
6781.390000
6781.390000
6781.390000
6781.390000
6781.390000
6781.390000
6781.390000
6781.390000
6781.390000
6781.390000
6781.390000
2370.672862
4395.265077
0.000000
0.000000
0.000000
0.000000
0.000000
0.000000
0.000000
0.000000
0.000000
0.000000
0.000000
0.000000
0.000000
6781.390000
6781.390000
6781.390000
6781.390000
6781.390000
6781.390000
6781.390000
6781.390000
6781.390000
6781.390000
6781.390000
6781.390000
6781.390000
6781.390000
6781.390000
6781.390000
6781.390000
6781.390000
6781.390000
6781.390000
6781.390000
6781.390000
6781.390000
6781.390000
6781.390000
6781.390000
6781.390000
6781.390000
6781.390000
6781.390000
6781.390000
6781.390000
6781.390000
6781.390000
6781.390000
6781.390000
6781.390000
6781.390000
6781.390000
6781.390000
4682.373368
275.981980
508.667172
6781.390000
6781.390000
6781.390000
6781.390000
6781.390000
6781.390000
6781.390000
6781.390000
6781.390000
6781.390000
6781.390000
6781.390000
6781.390000
6781.390000
6781.390000
6781.390000
6781.390000
6781.390000
6781.390000
6781.390000
6781.390000
6781.390000
6781.390000
6781.390000
6781.390000
6781.390000
6781.390000
6781.390000
6781.390000
6781.390000
6781.390000
6781.390000
6781.390000
6781.390000
6781.390000
6781.390000
6781.390000
6781.390000
6781.390000
6781.390000
6781.390000
6781.390000
6781.390000
6781.390000
6781.390000
6781.390000
6781.390000
6781.390000
6781.390000
6781.390000
6781.390000
6781.390000
6781.390000
6781.390000
6781.390000
6781.390000
6781.390000
6781.390000
6781.390000
6781.390000
6781.390000
6781.390000
6781.390000
6781.390000
6781.390000
6781.390000
6781.390000
6781.390000
6781.390000
6781.390000
6781.390000
6781.390000
6781.390000
6781.390000
6781.390000
6781.390000
6781.390000
6781.390000
6781.390000
6781.390000
6781.390000
6781.390000
6781.390000
6781.390000
6781.390000
6781.390000
6781.390000
6781.390000
6781.390000
6781.390000
6781.390000
6717.569933
6781.390000
6411.702509
6781.390000
6781.390000
6781.390000
6781.390000
6781.390000
6781.390000
6781.390000
6781.390000
6781.390000
6781.390000
6781.390000
6781.390000
6781.390000
6781.390000
6781.390000
6781.390000
6781.390000
6781.390000
6781.390000
6781.390000
6781.390000
6781.390000
6781.390000
6781.390000
6781.390000
6781.390000
6781.390000
6781.390000
6781.390000
6781.390000
6781.390000
6781.390000
6781.390000
6781.390000
6781.390000
6781.390000
6781.390000
6781.390000
6781.390000
6781.390000
6781.390000
6781.390000
6781.390000
6781.390000
6781.390000
6781.390000
6781.390000
6781.390000
6781.390000
6781.390000
6781.390000
6781.390000
6781.390000
6781.390000
6781.390000
6781.390000
6781.390000
6781.390000
6781.390000
6781.390000
6781.390000
6781.390000
6781.390000
6781.390000
6781.390000
6781.390000
6781.390000
6781.390000
6781.390000
6781.390000
6781.390000
6781.390000
6781.390000
6781.390000
6781.390000
6781.390000
6781.390000
6781.390000
6781.390000
6781.390000
6781.390000
6781.390000
6781.390000
6781.390000
6781.390000
6781.390000
6781.390000
6781.390000
6781.390000
6781.390000
6781.390000
6781.390000
6781.390000
6781.390000
6781.390000
6781.390000
6781.390000
6781.390000
6781.390000
6781.390000
6781.390000
6781.390000
6781.390000
6781.390000
6781.390000
6781.390000
6781.390000
6781.390000
6781.390000
6781.390000
6781.390000
6781.390000
6781.390000
6781.390000
6781.390000
6781.390000
6781.390000
6781.390000
6781.390000
6781.390000
6781.390000
6781.390000
6781.390000
6781.390000
6781.390000
6781.390000
6781.390000
6781.390000
6781.390000
6781.390000
6781.390000
6781.390000
6781.390000
6781.390000
6781.390000
6781.390000
6781.390000
6781.390000
0.000000
1086.296468
1217.976419
1288.582697
4769.525684
5393.142640
0.000000
0.000000
132.512001
0.000000
733.538056
355.867037
6236.435233
6781.390000
6781.390000
6781.390000
6781.390000
6781.390000
6781.390000
6781.390000
6781.390000
6781.390000
6781.390000
6781.390000
6781.390000
6781.390000
6781.390000
6781.390000
6781.390000
6781.390000
6781.390000
6781.390000
6781.390000
6781.390000
6781.390000
6781.390000
6781.390000
6781.390000
6781.390000
6781.390000
6781.390000
6781.390000
6781.390000
6781.390000
6781.390000
6781.390000
6781.390000
6781.390000
5853.894147
6781.390000
6706.925069
6781.390000
539.721528
1510.792319
1345.266587
2974.168249
3916.334714
3071.757609
4322.798546
3946.706233
6781.390000
6776.851565
6781.390000
6781.390000
6781.390000
6781.390000
6781.390000
6781.390000
6781.390000
6781.390000
6781.390000
6781.390000
6781.390000
6781.390000
6781.390000
6781.390000
6781.390000
6781.390000
6781.390000
6781.390000
6781.390000
6781.390000
6781.390000
6781.390000
6781.390000
6781.390000
6781.390000
6781.390000
6781.390000
6781.390000
6781.390000
6781.390000
6781.390000
6781.390000
6781.390000
6781.390000
6781.390000
6781.390000
6781.390000
3812.570831
5201.412804
2817.193259
0.000000
0.000000
3385.664388
3536.511602
0.000000
0.000000
0.000000
1284.674196
6781.390000
6781.390000
6781.390000
6781.390000
6781.390000
6781.390000
6781.390000
6781.390000
6781.390000
6781.390000
6781.390000
6781.390000
6781.390000
6781.390000
6781.390000
6781.390000
6781.390000
6781.390000
6781.390000
6781.390000
6781.390000
6781.390000
6781.390000
6781.390000
6781.390000
6781.390000
6781.390000
6781.390000
6781.390000
6781.390000
6781.390000
6781.390000
6781.390000
6781.390000
6781.390000
6781.390000
6781.390000
6719.801061
2866.678353
0.000000
0.000000
0.000000
0.000000
0.000000
0.000000
0.000000
0.000000
0.000000
0.000000
0.000000
6781.390000
6781.390000
6781.390000
6781.390000
6781.390000
6781.390000
6781.390000
6781.390000
6781.390000
6781.390000
6781.390000
6781.390000
6781.390000
6781.390000
6781.390000
6781.390000
6781.390000
6781.390000
6781.390000
6781.390000
6781.390000
6781.390000
6781.390000
6781.390000
6781.390000
6781.390000
6781.390000
6781.390000
6781.390000
6781.390000
6781.390000
6781.390000
6781.390000
6781.390000
6781.390000
6781.390000
6781.390000
6781.390000
6781.390000
6781.390000
6781.390000
6781.390000
6781.390000
0.000000
0.000000
0.000000
0.000000
0.000000
6781.390000
6781.390000
6781.390000
6781.390000
6781.390000
6781.390000
6781.390000
6781.390000
6781.390000
6781.390000
6781.390000
6781.390000
6781.390000
6781.390000
6781.390000
6781.390000
6781.390000
6781.390000
6781.390000
6781.390000
6781.390000
6781.390000
6781.390000
6781.390000
6781.390000
6781.390000
6781.390000
6781.390000
6781.390000
6781.390000
6781.390000
6781.390000
6781.390000
6781.390000
6781.390000
6781.390000
6781.390000
6781.390000
6604.873655
6781.390000
5842.713600
6468.841535
0.000000
0.000000
0.000000
5600.694750
6781.390000
6781.390000
6781.390000
6781.390000
6781.390000
6781.390000
6781.390000
6781.390000
6781.390000
6781.390000
6781.390000
6781.390000
6781.390000
6781.390000
6781.390000
6781.390000
6781.390000
6781.390000
6781.390000
6781.390000
6781.390000
6781.390000
6781.390000
6781.390000
6781.390000
6781.390000
6781.390000
6781.390000
6781.390000
6781.390000
6781.390000
6781.390000
6781.390000
6781.390000
6781.390000
6781.390000
6781.390000
2136.914267
2807.744796
937.689982
1530.170090
0.000000
0.000000
0.000000
0.000000
0.000000
1011.939912
0.000000
5104.482945
6781.390000
6781.390000
6781.390000
6781.390000
6781.390000
6781.390000
6781.390000
6781.390000
6781.390000
6781.390000
6781.390000
6781.390000
6781.390000
6781.390000
6781.390000
6781.390000
6781.390000
6781.390000
6781.390000
6781.390000
6781.390000
6781.390000
6781.390000
6781.390000
6781.390000
6781.390000
6781.390000
6781.390000
6781.390000
6781.390000
6781.390000
3961.834085
4563.527087
0.000000
0.000000
0.000000
0.000000
0.000000
0.000000
0.000000
205.041968
1726.622653
741.823401
2001.680331
1554.961703
6781.390000
6781.390000
6781.390000
6781.390000
6781.390000
6781.390000
6781.390000
6781.390000
6781.390000
6781.390000
6781.390000
6781.390000
6781.390000
6781.390000
6781.390000
6781.390000
6781.390000
6781.390000
6781.390000
6781.390000
6781.390000
6781.390000
6781.390000
6781.390000
6781.390000
6781.390000
6781.390000
6781.390000
6781.390000
6781.390000
6781.390000
6781.390000
6781.390000
6781.390000
6781.390000
6781.390000
6781.390000
6781.390000
5183.547662
6051.208168
6781.390000
6781.390000
6781.390000
6781.390000
6781.390000
6781.390000
6781.390000
6781.390000
6781.390000
6781.390000
6781.390000
6781.390000
6781.390000
6781.390000
6781.390000
6781.390000
6781.390000
6781.390000
6781.390000
6781.390000
6781.390000
6781.390000
6781.390000
6781.390000
6781.390000
6781.390000
6781.390000
6781.390000
6781.390000
6781.390000
6781.390000
6781.390000
6781.390000
6781.390000
6781.390000
6781.390000
6781.390000
6781.390000
6781.390000
6781.390000
6781.390000
6781.390000
6781.390000
6781.390000
6781.390000
6781.390000
6781.390000
5106.123022
4001.140710
2101.818666
0.000000
0.000000
0.000000
0.000000
2662.711716
3050.776360
6781.390000
6781.390000
6781.390000
6781.390000
6781.390000
6781.390000
6781.390000
6781.390000
6781.390000
6781.390000
6781.390000
6781.390000
6781.390000
6781.390000
6781.390000
6781.390000
6781.390000
6781.390000
6781.390000
6781.390000
6781.390000
6781.390000
6781.390000
6781.390000
6781.390000
6781.390000
6781.390000
6781.390000
6781.390000
6781.390000
6781.390000
6781.390000
6781.390000
6781.390000
6781.390000
6781.390000
6781.390000
6781.390000
6781.390000
6781.390000
4119.729282
1898.786807
0.000000
0.000000
0.000000
0.000000
0.000000
378.137647
4856.186150
6781.390000
6781.390000
6781.390000
6781.390000
6781.390000
6781.390000
6781.390000
6781.390000
6781.390000
6781.390000
6781.390000
6781.390000
6781.390000
6781.390000
6781.390000
6781.390000
6781.390000
6781.390000
6781.390000
6781.390000
6781.390000
6781.390000
6781.390000
6781.390000
6781.390000
6781.390000
6781.390000
6781.390000
6781.390000
6781.390000
6781.390000
6781.390000
6781.390000
6781.390000
6781.390000
6781.390000
6781.390000
6781.390000
6781.390000
6781.390000
6781.390000
6781.390000
6781.390000
6781.390000
6781.390000
6781.390000
6781.390000
6781.390000
6781.390000
6781.390000
6781.390000
6781.390000
6781.390000
6781.390000
6781.390000
6781.390000
6781.390000
6781.390000
6781.390000
6781.390000
6781.390000
6781.390000
6781.390000
6781.390000
6781.390000
6781.390000
6781.390000
6781.390000
6781.390000
6781.390000
6781.390000
6781.390000
6781.390000
6781.390000
6781.390000
6781.390000
6781.390000
6781.390000
6781.390000
6781.390000
6781.390000
6781.390000
6781.390000
6781.390000
6781.390000
0.000000
0.000000
0.000000
0.000000
0.000000
0.000000
0.000000
0.000000
0.000000
0.000000
0.000000
0.000000
0.000000
0.000000
6781.390000
6781.390000
6781.390000
6781.390000
6781.390000
6781.390000
6781.390000
6781.390000
6781.390000
6781.390000
6781.390000
6781.390000
6781.390000
6781.390000
6781.390000
6781.390000
6781.390000
6781.390000
6781.390000
6781.390000
6781.390000
6781.390000
6781.390000
6781.390000
6781.390000
6781.390000
6781.390000
6781.390000
6781.390000
6781.390000
6781.390000
6781.390000
182.644766
2901.859724
0.000000
0.000000
0.000000
0.000000
0.000000
0.000000
0.000000
748.693892
0.000000
0.000000
0.000000
4616.781422
6781.390000
6781.390000
6781.390000
6781.390000
6781.390000
6781.390000
6781.390000
6781.390000
6781.390000
6781.390000
6781.390000
6781.390000
6781.390000
6781.390000
6781.390000
6781.390000
6781.390000
6781.390000
6781.390000
6781.390000
6781.390000
6781.390000
6781.390000
6781.390000
6781.390000
6781.390000
6781.390000
6781.390000
6781.390000
6781.390000
6781.390000
6781.390000
6781.390000
6781.390000
6781.390000
6781.390000
6781.390000
6781.390000
6781.390000
6781.390000
6781.390000
6781.390000
6781.390000
6781.390000
6781.390000
6781.390000
6781.390000
6781.390000
6781.390000
6781.390000
6781.390000
6781.390000
6781.390000
6781.390000
6781.390000
6781.390000
6781.390000
6781.390000
6781.390000
6781.390000
6781.390000
6781.390000
6781.390000
6781.390000
6781.390000
6781.390000
6781.390000
6781.390000
6781.390000
6781.390000
6781.390000
6781.390000
6781.390000
6781.390000
6781.390000
6781.390000
6781.390000
6781.390000
6781.390000
6781.390000
6781.390000
6781.390000
6781.390000
6781.390000
1125.628009
2487.437133
0.000000
0.000000
0.000000
0.000000
0.000000
0.000000
0.000000
0.000000
652.370045
1288.028035
6565.012351
6781.390000
6781.390000
6781.390000
6781.390000
6781.390000
6781.390000
6781.390000
6781.390000
6781.390000
6781.390000
6781.390000
6781.390000
6781.390000
6781.390000
6781.390000
6781.390000
6781.390000
6781.390000
6781.390000
6781.390000
6781.390000
6781.390000
6781.390000
6781.390000
6781.390000
6781.390000
6781.390000
6781.390000
6781.390000
6781.390000
6781.390000
6781.390000
6781.390000
6781.390000
6781.390000
6781.390000
6410.718963
0.000000
0.000000
0.000000
0.000000
0.000000
177.361757
0.000000
237.289810
2722.193314
5803.396208
6781.390000
6781.390000
6781.390000
6781.390000
6781.390000
6781.390000
6781.390000
6781.390000
6781.390000
6781.390000
6781.390000
6781.390000
6781.390000
6781.390000
6781.390000
6781.390000
6781.390000
6781.390000
6781.390000
6781.390000
6781.390000
6781.390000
6781.390000
6781.390000
6781.390000
6781.390000
6781.390000
6781.390000
6781.390000
6781.390000
6781.390000
6781.390000
4010.422841
6781.390000
0.000000
0.000000
0.000000
0.000000
0.000000
0.000000
0.000000
0.000000
0.000000
0.000000
0.000000
0.000000
0.000000
2688.177884
6781.390000
6781.390000
6781.390000
6781.390000
6781.390000
6781.390000
6781.390000
6781.390000
6781.390000
6781.390000
6781.390000
6781.390000
6781.390000
6781.390000
6781.390000
6781.390000
6781.390000
6781.390000
6781.390000
6781.390000
6781.390000
6781.390000
6781.390000
6781.390000
6781.390000
6781.390000
6781.390000
6781.390000
6781.390000
6781.390000
6781.390000
6781.390000
6781.390000
6781.390000
6781.390000
6781.390000
6781.390000
5134.205055
0.000000
0.000000
0.000000
0.000000
0.000000
514.823747
0.000000
0.000000
2633.381083
0.000000
0.000000
846.363961
6781.390000
6781.390000
6781.390000
6781.390000
6781.390000
6781.390000
6781.390000
6781.390000
6781.390000
6781.390000
6781.390000
6781.390000
6781.390000
6781.390000
6781.390000
6781.390000
6781.390000
6781.390000
6781.390000
6781.390000
6781.390000
6781.390000
6781.390000
6781.390000
6781.390000
6781.390000
6781.390000
6781.390000
6781.390000
6781.390000
6781.390000
6781.390000
6781.390000
6781.390000
6781.390000
6781.390000
5629.031318
3340.154864
4753.194269
4989.894980
3548.422873
4196.800683
6781.390000
6781.390000
6781.390000
6781.390000
6781.390000
6781.390000
6781.390000
6781.390000
6781.390000
6781.390000
6781.390000
6781.390000
6781.390000
6781.390000
6781.390000
6781.390000
6781.390000
6781.390000
6781.390000
6781.390000
6781.390000
6781.390000
6781.390000
6781.390000
6781.390000
6781.390000
6781.390000
6781.390000
6781.390000
6781.390000
6781.390000
6781.390000
6781.390000
6781.390000
6781.390000
6781.390000
6781.390000
6781.390000
6781.390000
6781.390000
6781.390000
6781.390000
6781.390000
6781.390000
2408.081478
2757.303052
838.619084
1465.943589
2376.416904
2662.281780
6737.052444
6781.390000
6781.390000
6781.390000
6781.390000
6781.390000
6781.390000
6781.390000
6781.390000
6781.390000
6781.390000
6781.390000
6781.390000
6781.390000
6781.390000
6781.390000
6781.390000
6781.390000
6781.390000
6781.390000
6781.390000
6781.390000
6781.390000
6781.390000
6781.390000
6781.390000
6781.390000
6781.390000
6781.390000
6781.390000
6781.390000
6781.390000
6781.390000
6781.390000
378.479219
1869.621271
0.000000
0.000000
0.000000
0.000000
0.000000
0.000000
2608.289756
4456.591490
5583.957668
4732.821271
6781.390000
6781.390000
6781.390000
320.638866
6319.942174
6279.537004
6781.390000
6781.390000
6781.390000
6781.390000
6781.390000
6781.390000
6781.390000
6781.390000
6781.390000
6781.390000
6781.390000
6781.390000
6781.390000
6781.390000
6781.390000
6781.390000
6781.390000
6781.390000
6781.390000
6781.390000
6781.390000
6781.390000
6781.390000
6781.390000
6781.390000
6781.390000
6781.390000
6781.390000
6781.390000
6781.390000
4047.183012
5596.748868
0.000000
0.000000
0.000000
0.000000
0.000000
0.000000
5601.168131
6781.390000
6781.390000
6781.390000
6781.390000
6781.390000
6781.390000
6781.390000
6781.390000
6781.390000
6781.390000
6781.390000
6781.390000
6781.390000
6781.390000
6781.390000
6781.390000
6781.390000
6781.390000
6781.390000
6781.390000
6781.390000
6781.390000
6781.390000
6781.390000
6781.390000
6781.390000
6781.390000
6781.390000
6781.390000
6781.390000
6781.390000
6781.390000
6781.390000
6781.390000
6781.390000
6781.390000
6781.390000
6781.390000
6781.390000
6781.390000
6781.390000
6781.390000
6781.390000
6781.390000
6781.390000
6781.390000
6781.390000
6781.390000
6781.390000
6781.390000
6781.390000
6781.390000
6781.390000
6781.390000
6781.390000
6781.390000
6781.390000
6781.390000
6781.390000
6781.390000
6781.390000
6781.390000
6781.390000
6781.390000
6781.390000
6781.390000
6781.390000
6781.390000
6781.390000
6781.390000
6781.390000
6781.390000
6781.390000
6781.390000
6781.390000
6781.390000
6781.390000
6781.390000
6781.390000
6781.390000
6781.390000
6781.390000
6781.390000
6781.390000
6781.390000
6781.390000
6781.390000
6781.390000
6781.390000
6781.390000
6781.390000
6781.390000
6781.390000
6781.390000
6781.390000
6781.390000
6781.390000
6781.390000
6781.390000
6781.390000
6781.390000
6781.390000
6781.390000
6781.390000
6781.390000
6781.390000
6781.390000
6781.390000
6781.390000
6781.390000
6781.390000
6781.390000
6781.390000
6781.390000
6781.390000
6781.390000
6781.390000
6781.390000
6781.390000
6781.390000
6781.390000
6781.390000
6781.390000
6781.390000
6781.390000
6781.390000
6781.390000
6781.390000
6781.390000
6781.390000
6781.390000
6781.390000
6781.390000
6781.390000
6781.390000
6781.390000
6781.390000
6781.390000
6781.390000
6781.390000
6781.390000
6781.390000
6781.390000
6781.390000
6781.390000
6781.390000
6781.390000
6781.390000
6781.390000
6781.390000
6781.390000
6781.390000
6781.390000
6781.390000
6781.390000
6781.390000
6781.390000
6781.390000
6781.390000
6781.390000
6781.390000
6781.390000
6781.390000
6781.390000
6781.390000
6781.390000
6781.390000
6781.390000
6781.390000
6781.390000
6781.390000
6781.390000
6781.390000
6781.390000
6781.390000
6781.390000
6781.390000
6781.390000
6781.390000
6781.390000
6781.390000
6781.390000
6781.390000
6781.390000
6781.390000
6781.390000
6781.390000
6781.390000
6781.390000
6117.279308
4537.199515
6781.390000
6781.390000
6781.390000
6781.390000
0.000000
0.000000
3482.560210
6781.390000
6781.390000
6781.390000
6781.390000
6781.390000
6781.390000
6781.390000
6781.390000
6781.390000
6781.390000
6781.390000
6781.390000
6781.390000
6781.390000
6781.390000
6781.390000
6781.390000
6781.390000
6781.390000
6781.390000
6781.390000
6781.390000
6781.390000
6781.390000
6781.390000
6781.390000
6781.390000
6781.390000
6781.390000
6781.390000
6781.390000
6781.390000
6781.390000
6781.390000
6781.390000
0.000000
0.000000
0.000000
0.000000
0.000000
0.000000
0.000000
0.000000
0.000000
0.000000
0.000000
0.000000
0.000000
4055.298631
6781.390000
6781.390000
6781.390000
6781.390000
6781.390000
6781.390000
6781.390000
6781.390000
6781.390000
6781.390000
6781.390000
6781.390000
6781.390000
6781.390000
6781.390000
6781.390000
6781.390000
6781.390000
6781.390000
6781.390000
6781.390000
6781.390000
6781.390000
6781.390000
6781.390000
6781.390000
6781.390000
6781.390000
6781.390000
6781.390000
6781.390000
6781.390000
6781.390000
6781.390000
6781.390000
6781.390000
6781.390000
6781.390000
1925.684365
3050.960247
6781.390000
6781.390000
6781.390000
6781.390000
6781.390000
6781.390000
6781.390000
6781.390000
6781.390000
6781.390000
6781.390000
6781.390000
6781.390000
6781.390000
6781.390000
6781.390000
6781.390000
6781.390000
6781.390000
6781.390000
6781.390000
6781.390000
6781.390000
6781.390000
6781.390000
6781.390000
6781.390000
6781.390000
6781.390000
6781.390000
6781.390000
6781.390000
6781.390000
6781.390000
6781.390000
6781.390000
6781.390000
6781.390000
6781.390000
6781.390000
6781.390000
6781.390000
6781.390000
6781.390000
5068.393445
6450.463121
5928.571970
6781.390000
6781.390000
6781.390000
6781.390000
6781.390000
6781.390000
6781.390000
6781.390000
6781.390000
6781.390000
6781.390000
6781.390000
6781.390000
6781.390000
6781.390000
6781.390000
6781.390000
6781.390000
6781.390000
6781.390000
6781.390000
6781.390000
6781.390000
6781.390000
6781.390000
6781.390000
6781.390000
6781.390000
6781.390000
6781.390000
6781.390000
6781.390000
6781.390000
6781.390000
6781.390000
6781.390000
6781.390000
6781.390000
6781.390000
6781.390000
6781.390000
1361.568381
4239.228795
0.000000
0.000000
910.269686
0.000000
990.547945
0.000000
6264.391754
6781.390000
6601.756328
6781.390000
6781.390000
6781.390000
6781.390000
6781.390000
6781.390000
6781.390000
6781.390000
6781.390000
6781.390000
6781.390000
6781.390000
6781.390000
6781.390000
6781.390000
6781.390000
6781.390000
6781.390000
6781.390000
6781.390000
6781.390000
6781.390000
6781.390000
6781.390000
6781.390000
6781.390000
6781.390000
6781.390000
6781.390000
6781.390000
6781.390000
6781.390000
6781.390000
6781.390000
6781.390000
6781.390000
6781.390000
6781.390000
6781.390000
0.000000
0.000000
0.000000
0.000000
0.000000
0.000000
0.000000
0.000000
891.087341
1531.891665
4153.969009
4582.217889
6781.390000
6781.390000
6781.390000
6781.390000
6781.390000
6781.390000
6781.390000
6781.390000
6781.390000
6781.390000
6781.390000
6781.390000
6781.390000
6781.390000
6781.390000
6781.390000
6781.390000
6781.390000
6781.390000
6781.390000
6781.390000
6781.390000
6781.390000
6781.390000
6781.390000
6781.390000
6781.390000
6781.390000
6781.390000
6781.390000
6781.390000
6781.390000
6781.390000
6781.390000
0.000000
0.000000
0.000000
0.000000
0.000000
0.000000
0.000000
0.000000
0.000000
0.000000
0.000000
0.000000
0.000000
0.000000
0.000000
6781.390000
6781.390000
6781.390000
6781.390000
6781.390000
6781.390000
6781.390000
6781.390000
6781.390000
6781.390000
6781.390000
6781.390000
6781.390000
6781.390000
6781.390000
6781.390000
6781.390000
6781.390000
6781.390000
6781.390000
6781.390000
6781.390000
6781.390000
6781.390000
6781.390000
6781.390000
6781.390000
6781.390000
6781.390000
6781.390000
6781.390000
6781.390000
6781.390000
0.000000
0.000000
0.000000
0.000000
0.000000
0.000000
0.000000
0.000000
0.000000
0.000000
0.000000
0.000000
0.000000
0.000000
0.000000
1993.653060
6781.390000
6781.390000
6781.390000
6781.390000
6781.390000
6781.390000
6781.390000
6781.390000
6781.390000
6781.390000
6781.390000
6781.390000
6781.390000
6781.390000
6781.390000
6781.390000
6781.390000
6781.390000
6781.390000
6781.390000
6781.390000
6781.390000
6781.390000
6781.390000
6781.390000
6781.390000
6781.390000
6781.390000
6781.390000
6781.390000
6781.390000
6781.390000
6781.390000
6781.390000
4674.789726
6712.999649
4051.959536
0.000000
0.000000
0.000000
0.000000
0.000000
0.000000
0.000000
1081.628383
1480.287820
0.000000
0.000000
4208.175313
6781.390000
6781.390000
6781.390000
6781.390000
6781.390000
6781.390000
6781.390000
6781.390000
6781.390000
6781.390000
6781.390000
6781.390000
6781.390000
6781.390000
6781.390000
6781.390000
6781.390000
6781.390000
6781.390000
6781.390000
6781.390000
6781.390000
6781.390000
6781.390000
6781.390000
6781.390000
6781.390000
6781.390000
6781.390000
6781.390000
6781.390000
0.000000
0.000000
0.000000
0.000000
0.000000
0.000000
0.000000
0.000000
0.000000
1801.027145
2382.189749
1655.866037
5515.112361
5268.889504
6781.390000
4757.979405
6781.390000
6781.390000
6781.390000
6781.390000
6781.390000
6781.390000
6781.390000
6781.390000
6781.390000
6781.390000
6781.390000
6781.390000
6781.390000
6781.390000
6781.390000
6781.390000
6781.390000
6781.390000
6781.390000
6781.390000
6781.390000
6781.390000
6781.390000
6781.390000
6781.390000
6781.390000
6781.390000
6781.390000
6781.390000
6781.390000
6781.390000
6781.390000
6781.390000
6781.390000
4531.191049
6006.365540
3479.406320
5058.902212
6781.390000
6781.390000
6781.390000
6781.390000
6781.390000
6781.390000
6781.390000
6781.390000
6781.390000
6781.390000
6781.390000
6781.390000
6781.390000
6781.390000
6781.390000
6781.390000
6781.390000
6781.390000
6781.390000
6781.390000
6781.390000
6781.390000
6781.390000
6781.390000
6781.390000
6781.390000
6781.390000
6781.390000
6781.390000
6781.390000
6781.390000
6781.390000
6781.390000
6781.390000
6781.390000
6781.390000
6781.390000
6781.390000
6781.390000
6781.390000
6781.390000
6781.390000
5648.147540
6781.390000
5022.255428
6709.785447
4325.516521
2.368801
0.000000
0.000000
0.000000
0.000000
0.000000
0.000000
0.000000
0.000000
0.000000
6781.390000
6781.390000
6781.390000
6781.390000
6781.390000
6781.390000
6781.390000
6781.390000
6781.390000
6781.390000
6781.390000
6781.390000
6781.390000
6781.390000
6781.390000
6781.390000
6781.390000
6781.390000
6781.390000
6781.390000
6781.390000
6781.390000
6781.390000
6781.390000
6781.390000
6781.390000
6781.390000
6781.390000
6781.390000
6781.390000
6781.390000
6781.390000
6781.390000
6781.390000
6781.390000
6781.390000
6781.390000
4363.412477
0.000000
0.000000
0.000000
0.000000
0.000000
0.000000
505.232946
1592.752815
2055.003516
6781.390000
0.000000
4065.782519
6781.390000
6781.390000
6781.390000
6781.390000
6781.390000
6781.390000
6781.390000
6781.390000
6781.390000
6781.390000
6781.390000
6781.390000
6781.390000
6781.390000
6781.390000
6781.390000
6781.390000
6781.390000
6781.390000
6781.390000
6781.390000
6781.390000
6781.390000
6781.390000
6781.390000
6781.390000
6781.390000
6781.390000
6781.390000
6781.390000
6781.390000
6781.390000
6781.390000
3366.657111
5059.849013
3938.606795
0.000000
0.000000
0.000000
0.000000
0.000000
0.000000
0.000000
0.000000
0.000000
4057.246461
6781.390000
6781.390000
6781.390000
6781.390000
6781.390000
6781.390000
6781.390000
6781.390000
6781.390000
6781.390000
6781.390000
6781.390000
6781.390000
6781.390000
6781.390000
6781.390000
6781.390000
6781.390000
6781.390000
6781.390000
6781.390000
6781.390000
6781.390000
6781.390000
6781.390000
6781.390000
6781.390000
6781.390000
6781.390000
6781.390000
6781.390000
6781.390000
6781.390000
6781.390000
6781.390000
6781.390000
6781.390000
6781.390000
6781.390000
6781.390000
6781.390000
6781.390000
6781.390000
5849.156168
6755.458410
6781.390000
6781.390000
6781.390000
6781.390000
6781.390000
6781.390000
6781.390000
6781.390000
6781.390000
6781.390000
6781.390000
6781.390000
6781.390000
6781.390000
6781.390000
6781.390000
6781.390000
6781.390000
6781.390000
6781.390000
6781.390000
6781.390000
6781.390000
6781.390000
6781.390000
6781.390000
6781.390000
6781.390000
6781.390000
6781.390000
6781.390000
6781.390000
6781.390000
6781.390000
6781.390000
6781.390000
6781.390000
6781.390000
6781.390000
6781.390000
6781.390000
6781.390000
6781.390000
6781.390000
6781.390000
6781.390000
6781.390000
6781.390000
6781.390000
6781.390000
6781.390000
6781.390000
6781.390000
6781.390000
6781.390000
6781.390000
6781.390000
6781.390000
6781.390000
6781.390000
6781.390000
6781.390000
6781.390000
6781.390000
6781.390000
6781.390000
6781.390000
6781.390000
6781.390000
6781.390000
6781.390000
6781.390000
6781.390000
6781.390000
6781.390000
6781.390000
6781.390000
6781.390000
6781.390000
6781.390000
6781.390000
6781.390000
6781.390000
6781.390000
6781.390000
6781.390000
745.582119
1870.463995
3359.020017
4191.993759
6781.390000
6781.390000
5896.866953
6781.390000
4244.366323
3368.031839
4167.285920
3618.539138
6475.422067
6781.390000
6781.390000
6781.390000
6781.390000
6781.390000
6781.390000
6781.390000
6781.390000
6781.390000
6781.390000
6781.390000
6781.390000
6781.390000
6781.390000
6781.390000
6781.390000
6781.390000
6781.390000
6781.390000
6781.390000
6781.390000
6781.390000
6781.390000
6781.390000
6781.390000
6781.390000
6781.390000
6781.390000
6781.390000
6781.390000
6781.390000
6781.390000
6781.390000
6781.390000
6781.390000
6781.390000
6781.390000
6781.390000
6781.390000
6060.510628
6781.390000
3841.945633
5817.857820
5196.710475
4475.946743
4549.626548
4009.990525
5399.489998
2221.699465
6781.390000
6781.390000
6781.390000
6781.390000
6781.390000
6781.390000
6781.390000
6781.390000
6781.390000
6781.390000
6781.390000
6781.390000
6781.390000
6781.390000
6781.390000
6781.390000
6781.390000
6781.390000
6781.390000
6781.390000
6781.390000
6781.390000
6781.390000
6781.390000
6781.390000
6781.390000
6781.390000
6781.390000
6781.390000
6781.390000
6781.390000
6781.390000
6781.390000
6781.390000
6781.390000
6781.390000
6781.390000
6781.390000
6781.390000
6781.390000
6781.390000
6781.390000
6781.390000
6781.390000
6781.390000
6781.390000
6781.390000
6781.390000
6781.390000
6781.390000
6781.390000
6781.390000
6781.390000
6781.390000
6781.390000
6781.390000
6781.390000
6781.390000
6781.390000
6781.390000
6781.390000
6781.390000
6781.390000
6781.390000
6781.390000
6781.390000
6781.390000
6781.390000
6781.390000
6781.390000
6781.390000
6781.390000
6781.390000
6781.390000
6781.390000
6781.390000
6781.390000
6781.390000
6781.390000
6781.390000
6781.390000
6781.390000
6781.390000
6781.390000
6781.390000
6781.390000
0.000000
0.000000
1447.658480
2158.083426
0.000000
0.000000
0.000000
0.000000
0.000000
4975.192507
6781.390000
6781.390000
6781.390000
6781.390000
6781.390000
6781.390000
6781.390000
6781.390000
6781.390000
6781.390000
6781.390000
6781.390000
6781.390000
6781.390000
6781.390000
6781.390000
6781.390000
6781.390000
6781.390000
6781.390000
6781.390000
6781.390000
6781.390000
6781.390000
6781.390000
6781.390000
6781.390000
6781.390000
6781.390000
6781.390000
6781.390000
6781.390000
4364.919700
6781.390000
2018.307961
4217.485099
3075.775133
0.000000
0.000000
0.000000
0.000000
0.000000
0.000000
0.000000
0.000000
0.000000
0.000000
0.000000
4365.415025
6781.390000
6781.390000
6781.390000
6781.390000
6781.390000
6781.390000
6781.390000
6781.390000
6781.390000
6781.390000
6781.390000
6781.390000
6781.390000
6781.390000
6781.390000
6781.390000
6781.390000
6781.390000
6781.390000
6781.390000
6781.390000
6781.390000
6781.390000
6781.390000
6781.390000
6781.390000
6781.390000
6781.390000
6781.390000
6781.390000
6781.390000
6781.390000
6781.390000
6781.390000
6781.390000
2595.172648
0.000000
0.000000
0.000000
0.000000
0.000000
0.000000
0.000000
0.000000
0.000000
0.000000
0.000000
3500.963438
6023.810872
6781.390000
6781.390000
6781.390000
6781.390000
6781.390000
6781.390000
6781.390000
6781.390000
6781.390000
6781.390000
6781.390000
6781.390000
6781.390000
6781.390000
6781.390000
6781.390000
6781.390000
6781.390000
6781.390000
6781.390000
6781.390000
6781.390000
6781.390000
6781.390000
6781.390000
6781.390000
6781.390000
6781.390000
6781.390000
6781.390000
1651.171901
4450.972717
2234.492633
4339.946819
1294.820057
0.000000
0.000000
0.000000
0.000000
0.000000
0.000000
0.000000
0.000000
0.000000
0.000000
0.000000
0.000000
0.000000
6781.390000
6781.390000
6781.390000
6781.390000
6781.390000
6781.390000
6781.390000
6781.390000
6781.390000
6781.390000
6781.390000
6781.390000
6781.390000
6781.390000
6781.390000
6781.390000
6781.390000
6781.390000
6781.390000
6781.390000
6781.390000
6781.390000
6781.390000
6781.390000
6781.390000
6781.390000
6781.390000
6781.390000
2377.721099
3439.381992
0.000000
0.000000
0.000000
0.000000
0.000000
0.000000
1583.735600
3216.295489
6781.390000
6781.390000
6781.390000
6781.390000
6781.390000
6781.390000
6781.390000
0.000000
723.438002
790.885215
6781.390000
6781.390000
6781.390000
6781.390000
6781.390000
6781.390000
6781.390000
6781.390000
6781.390000
6781.390000
6781.390000
6781.390000
6781.390000
6781.390000
6781.390000
6781.390000
6781.390000
6781.390000
6781.390000
6781.390000
6781.390000
6781.390000
6781.390000
6781.390000
6781.390000
6781.390000
6781.390000
6781.390000
6781.390000
6781.390000
777.415090
1181.946886
0.000000
0.000000
0.000000
1257.357861
5032.871995
6781.390000
5369.349561
6781.390000
3628.285916
3089.665820
2620.661040
2271.243741
6781.390000
6781.390000
6781.390000
6781.390000
6781.390000
6781.390000
6781.390000
6781.390000
6781.390000
6781.390000
6781.390000
6781.390000
6781.390000
6781.390000
6781.390000
6781.390000
6781.390000
6781.390000
6781.390000
6781.390000
6781.390000
6781.390000
6781.390000
6781.390000
6781.390000
6781.390000
6781.390000
6781.390000
6781.390000
6781.390000
6781.390000
6781.390000
6781.390000
6781.390000
6781.390000
6781.390000
0.000000
1482.081310
0.000000
0.000000
0.000000
0.000000
0.000000
0.000000
0.000000
0.000000
0.000000
0.000000
1662.715452
6781.390000
6781.390000
6781.390000
6781.390000
6781.390000
6781.390000
6781.390000
6781.390000
6781.390000
6781.390000
6781.390000
6781.390000
6781.390000
6781.390000
6781.390000
6781.390000
6781.390000
6781.390000
6781.390000
6781.390000
6781.390000
6781.390000
6781.390000
6781.390000
6781.390000
6781.390000
6781.390000
6781.390000
6781.390000
6781.390000
6781.390000
6781.390000
6781.390000
6781.390000
6781.390000
6047.253703
6781.390000
0.000000
0.000000
0.000000
0.000000
0.000000
0.000000
0.000000
0.000000
0.000000
0.000000
0.000000
0.000000
0.000000
1594.680959
6781.390000
6781.390000
6781.390000
6781.390000
6781.390000
6781.390000
6781.390000
6781.390000
6781.390000
6781.390000
6781.390000
6781.390000
6781.390000
6781.390000
6781.390000
6781.390000
6781.390000
6781.390000
6781.390000
6781.390000
6781.390000
6781.390000
6781.390000
6781.390000
6781.390000
6781.390000
6781.390000
6781.390000
6781.390000
6781.390000
790.204582
2310.357616
0.000000
522.239070
0.000000
0.000000
0.000000
0.000000
0.000000
0.000000
0.000000
0.000000
0.000000
0.000000
1300.121453
6781.390000
4924.607685
6781.390000
6781.390000
6781.390000
6781.390000
6781.390000
6781.390000
6781.390000
6781.390000
6781.390000
6781.390000
6781.390000
6781.390000
6781.390000
6781.390000
6781.390000
6781.390000
6781.390000
6781.390000
6781.390000
6781.390000
6781.390000
6781.390000
6781.390000
6781.390000
6781.390000
6781.390000
6781.390000
6781.390000
6781.390000
6781.390000
6781.390000
0.000000
0.000000
0.000000
0.000000
0.000000
0.000000
0.000000
0.000000
0.000000
0.000000
0.000000
0.000000
0.000000
0.000000
0.000000
0.000000
0.000000
0.000000
6781.390000
6781.390000
6781.390000
6781.390000
6781.390000
6781.390000
6781.390000
6781.390000
6781.390000
6781.390000
6781.390000
6781.390000
6781.390000
6781.390000
6781.390000
6781.390000
6781.390000
6781.390000
6781.390000
6781.390000
6781.390000
6781.390000
6781.390000
6781.390000
6781.390000
6781.390000
6781.390000
6781.390000
6781.390000
6781.390000
2217.554819
4410.146716
4410.127201
1791.314113
3896.034815
0.000000
1501.208605
135.045439
842.399404
1361.371543
6781.390000
6781.390000
6416.006790
6781.390000
6781.390000
0.000000
0.000000
1339.449215
6781.390000
6781.390000
6781.390000
6781.390000
6781.390000
6781.390000
6781.390000
6781.390000
6781.390000
6781.390000
6781.390000
6781.390000
6781.390000
6781.390000
6781.390000
6781.390000
6781.390000
6781.390000
6781.390000
6781.390000
6781.390000
6781.390000
6781.390000
6781.390000
6781.390000
6781.390000
6781.390000
6781.390000
6781.390000
6781.390000
0.000000
0.000000
0.000000
0.000000
0.000000
0.000000
0.000000
0.000000
0.000000
0.000000
0.000000
0.000000
0.000000
0.000000
0.000000
6781.390000
6781.390000
6781.390000
6781.390000
6781.390000
6781.390000
6781.390000
6781.390000
6781.390000
6781.390000
6781.390000
6781.390000
6781.390000
6781.390000
6781.390000
6781.390000
6781.390000
6781.390000
6781.390000
6781.390000
6781.390000
6781.390000
6781.390000
6781.390000
6781.390000
6781.390000
6781.390000
6781.390000
6781.390000
6781.390000
6781.390000
6781.390000
6781.390000
1758.498085
2480.360456
0.000000
768.317666
0.000000
0.000000
0.000000
0.000000
0.000000
1398.103377
0.000000
0.000000
0.000000
0.000000
0.000000
0.000000
0.000000
0.000000
6781.390000
6781.390000
6781.390000
6781.390000
6781.390000
6781.390000
6781.390000
6781.390000
6781.390000
6781.390000
6781.390000
6781.390000
6781.390000
6781.390000
6781.390000
6781.390000
6781.390000
6781.390000
6781.390000
6781.390000
6781.390000
6781.390000
6781.390000
6781.390000
6781.390000
6781.390000
6781.390000
6781.390000
6781.390000
6781.390000
0.000000
0.000000
0.000000
461.628086
220.220399
0.000000
0.000000
0.000000
0.000000
0.000000
0.000000
0.000000
0.000000
0.000000
0.000000
6781.390000
6781.390000
6781.390000
6781.390000
6781.390000
6781.390000
6781.390000
6781.390000
6781.390000
6781.390000
6781.390000
6781.390000
6781.390000
6781.390000
6781.390000
6781.390000
6781.390000
6781.390000
6781.390000
6781.390000
6781.390000
6781.390000
6781.390000
6781.390000
6781.390000
6781.390000
6781.390000
6781.390000
6781.390000
6781.390000
6781.390000
2443.047785
5712.676461
0.000000
0.000000
0.000000
0.000000
0.000000
0.000000
0.000000
0.000000
0.000000
0.000000
0.000000
0.000000
0.000000
0.000000
1338.084301
6781.390000
6781.390000
6781.390000
6781.390000
6781.390000
6781.390000
6781.390000
6781.390000
6781.390000
6781.390000
6781.390000
6781.390000
6781.390000
6781.390000
6781.390000
6781.390000
6781.390000
6781.390000
6781.390000
6781.390000
6781.390000
6781.390000
6781.390000
6781.390000
6781.390000
6781.390000
6781.390000
6781.390000
6781.390000
6781.390000
6781.390000
6781.390000
6781.390000
6781.390000
6781.390000
6781.390000
6781.390000
4180.049818
375.256351
0.000000
0.000000
0.000000
0.000000
0.000000
0.000000
0.000000
0.000000
0.000000
0.000000
0.000000
0.000000
6781.390000
6781.390000
6781.390000
6781.390000
6781.390000
6781.390000
6781.390000
6781.390000
6781.390000
6781.390000
6781.390000
6781.390000
6781.390000
6781.390000
6781.390000
6781.390000
6781.390000
6781.390000
6781.390000
6781.390000
6781.390000
6781.390000
6781.390000
6781.390000
6781.390000
6781.390000
6781.390000
6781.390000
6781.390000
6781.390000
0.000000
0.000000
0.000000
0.000000
0.000000
0.000000
0.000000
0.000000
0.000000
0.000000
1315.954820
2265.405075
1039.184217
1404.251927
6781.390000
0.000000
0.000000
0.000000
6781.390000
6781.390000
6781.390000
6781.390000
6781.390000
6781.390000
6781.390000
6781.390000
6781.390000
6781.390000
6781.390000
6781.390000
6781.390000
6781.390000
6781.390000
6781.390000
6781.390000
6781.390000
6781.390000
6781.390000
6781.390000
6781.390000
6781.390000
6781.390000
6781.390000
6781.390000
6781.390000
6781.390000
4786.351076
6781.390000
0.000000
0.000000
6781.390000
6781.390000
6781.390000
5145.237934
5024.446198
3714.018517
6610.328944
6781.390000
6331.543238
6781.390000
6781.390000
6781.390000
6781.390000
6781.390000
6781.390000
6781.390000
6781.390000
6781.390000
6781.390000
6781.390000
6781.390000
6781.390000
6781.390000
6781.390000
6781.390000
6781.390000
6781.390000
6781.390000
6781.390000
6781.390000
6781.390000
6781.390000
6781.390000
6781.390000
6781.390000
6781.390000
6781.390000
6781.390000
6781.390000
6781.390000
6781.390000
6781.390000
6781.390000
6781.390000
6781.390000
6781.390000
0.000000
0.000000
0.000000
0.000000
0.000000
0.000000
0.000000
0.000000
0.000000
0.000000
0.000000
0.000000
0.000000
0.000000
0.000000
6781.390000
6781.390000
6781.390000
6781.390000
6781.390000
6781.390000
6781.390000
6781.390000
6781.390000
6781.390000
6781.390000
6781.390000
6781.390000
6781.390000
6781.390000
6781.390000
6781.390000
6781.390000
6781.390000
6781.390000
6781.390000
6781.390000
6781.390000
6781.390000
6781.390000
6781.390000
6781.390000
6781.390000
6781.390000
6781.390000
6781.390000
6781.390000
6781.390000
0.000000
0.000000
0.000000
0.000000
0.000000
0.000000
0.000000
350.381948
0.000000
0.000000
3680.363986
3214.154122
1389.279831
1255.861623
716.842709
804.783884
3799.553249
3851.783808
6781.390000
6781.390000
6781.390000
6781.390000
6781.390000
6781.390000
6781.390000
6781.390000
6781.390000
6781.390000
6781.390000
6781.390000
6781.390000
6781.390000
6781.390000
6781.390000
6781.390000
6781.390000
6781.390000
6781.390000
6781.390000
6781.390000
6781.390000
6781.390000
6781.390000
6781.390000
6781.390000
6781.390000
6781.390000
6781.390000
0.000000
0.000000
1543.756059
3138.758859
6781.390000
6781.390000
6293.475242
6781.390000
6781.390000
6781.390000
6781.390000
6781.390000
6781.390000
6781.390000
6781.390000
6781.390000
6781.390000
6781.390000
6781.390000
6781.390000
6781.390000
6781.390000
6781.390000
6781.390000
6781.390000
6781.390000
6781.390000
6781.390000
6781.390000
6781.390000
6781.390000
6781.390000
6781.390000
6781.390000
6781.390000
6781.390000
6781.390000
6781.390000
6781.390000
6781.390000
6781.390000
6781.390000
6781.390000
6781.390000
6781.390000
6781.390000
6781.390000
6781.390000
0.000000
0.000000
0.000000
300.948832
0.000000
0.000000
0.000000
0.000000
0.000000
0.000000
0.000000
0.000000
0.000000
0.000000
0.000000
6781.390000
6781.390000
6781.390000
6781.390000
6781.390000
6781.390000
6781.390000
6781.390000
6781.390000
6781.390000
6781.390000
6781.390000
6781.390000
6781.390000
6781.390000
6781.390000
6781.390000
6781.390000
6781.390000
6781.390000
6781.390000
6781.390000
6781.390000
6781.390000
6781.390000
6781.390000
6781.390000
6781.390000
6781.390000
6781.390000
6781.390000
0.000000
0.000000
0.000000
0.000000
0.000000
0.000000
0.000000
0.000000
0.000000
0.000000
0.000000
0.000000
0.000000
0.000000
0.000000
0.000000
2282.440205
6781.390000
6781.390000
6781.390000
6781.390000
6781.390000
6781.390000
6781.390000
6781.390000
6781.390000
6781.390000
6781.390000
6781.390000
6781.390000
6781.390000
6781.390000
6781.390000
6781.390000
6781.390000
6781.390000
6781.390000
6781.390000
6781.390000
6781.390000
6781.390000
6781.390000
6781.390000
6781.390000
6781.390000
6781.390000
6781.390000
6781.390000
4199.277319
6781.390000
0.000000
0.000000
0.000000
0.000000
0.000000
0.000000
0.000000
0.000000
0.000000
0.000000
0.000000
0.000000
0.000000
0.000000
2701.135892
6781.390000
6781.390000
6781.390000
6781.390000
6781.390000
6781.390000
6781.390000
6781.390000
6781.390000
6781.390000
6781.390000
6781.390000
6781.390000
6781.390000
6781.390000
6781.390000
6781.390000
6781.390000
6781.390000
6781.390000
6781.390000
6781.390000
6781.390000
6781.390000
6781.390000
6781.390000
6781.390000
6781.390000
6781.390000
6781.390000
6781.390000
6781.390000
6781.390000
4304.918510
6349.988298
6781.390000
3849.653809
6781.390000
6781.390000
0.000000
0.000000
0.000000
0.000000
0.000000
0.000000
0.000000
195.134401
4629.413185
0.000000
5184.458478
6781.390000
6781.390000
6781.390000
6781.390000
6781.390000
6781.390000
6781.390000
6781.390000
6781.390000
6781.390000
6781.390000
6781.390000
6781.390000
6781.390000
6781.390000
6781.390000
6781.390000
6781.390000
6781.390000
6781.390000
6781.390000
6781.390000
6781.390000
6781.390000
6781.390000
6781.390000
6781.390000
6781.390000
6781.390000
6781.390000
6781.390000
6781.390000
6781.390000
6299.438873
6781.390000
6781.390000
6781.390000
6781.390000
6781.390000
6781.390000
6781.390000
6781.390000
6781.390000
6781.390000
6781.390000
6781.390000
6781.390000
6781.390000
6781.390000
6781.390000
6781.390000
6781.390000
6781.390000
6781.390000
6781.390000
6781.390000
6781.390000
6781.390000
6781.390000
6781.390000
6781.390000
6781.390000
6781.390000
6781.390000
6781.390000
6781.390000
6781.390000
6781.390000
6781.390000
6781.390000
6781.390000
6781.390000
6781.390000
6781.390000
6781.390000
6781.390000
6781.390000
6781.390000
6781.390000
6781.390000
6781.390000
6781.390000
6781.390000
6781.390000
6781.390000
6025.473663
6781.390000
954.019747
1077.918608
6781.390000
6781.390000
6781.390000
6781.390000
6781.390000
6781.390000
6781.390000
6781.390000
6781.390000
6781.390000
6781.390000
6781.390000
6781.390000
6781.390000
6781.390000
6781.390000
6781.390000
6781.390000
6781.390000
6781.390000
6781.390000
6781.390000
6781.390000
6781.390000
6781.390000
6781.390000
6781.390000
6781.390000
6781.390000
6781.390000
6781.390000
6781.390000
6781.390000
6781.390000
6781.390000
6781.390000
6781.390000
6781.390000
0.000000
0.000000
0.000000
0.000000
0.000000
0.000000
0.000000
0.000000
0.000000
0.000000
0.000000
0.000000
0.000000
0.000000
0.000000
0.000000
0.000000
0.000000
6781.390000
6781.390000
6781.390000
6781.390000
6781.390000
6781.390000
6781.390000
6781.390000
6781.390000
6781.390000
6781.390000
6781.390000
6781.390000
6781.390000
6781.390000
6781.390000
6781.390000
6781.390000
6781.390000
6781.390000
6781.390000
6781.390000
6781.390000
6781.390000
6781.390000
6781.390000
6781.390000
6781.390000
0.000000
0.000000
0.000000
0.000000
0.000000
0.000000
0.000000
0.000000
0.000000
0.000000
0.000000
0.000000
0.000000
0.000000
0.000000
341.959554
1496.048118
0.000000
0.000000
0.000000
6781.390000
6781.390000
6781.390000
6781.390000
6781.390000
6781.390000
6781.390000
6781.390000
6781.390000
6781.390000
6781.390000
6781.390000
6781.390000
6781.390000
6781.390000
6781.390000
6781.390000
6781.390000
6781.390000
6781.390000
6781.390000
6781.390000
6781.390000
6781.390000
6781.390000
6781.390000
6781.390000
6781.390000
0.000000
0.000000
0.000000
0.000000
0.000000
0.000000
0.000000
0.000000
0.000000
0.000000
0.000000
0.000000
0.000000
0.000000
0.000000
0.000000
0.000000
5266.655146
6781.390000
6781.390000
6781.390000
6781.390000
6781.390000
6781.390000
6781.390000
6781.390000
6781.390000
6781.390000
6781.390000
6781.390000
6781.390000
6781.390000
6781.390000
6781.390000
6781.390000
6781.390000
6781.390000
6781.390000
6781.390000
6781.390000
6781.390000
6781.390000
6781.390000
6781.390000
6781.390000
6781.390000
6781.390000
6781.390000
0.000000
0.000000
0.000000
0.000000
0.000000
0.000000
0.000000
0.000000
0.000000
0.000000
0.000000
0.000000
0.000000
0.000000
3154.066292
4980.306506
846.139370
0.000000
6781.390000
6781.390000
6781.390000
6781.390000
6781.390000
6781.390000
6781.390000
6781.390000
6781.390000
6781.390000
6781.390000
6781.390000
6781.390000
6781.390000
6781.390000
6781.390000
6781.390000
6781.390000
6781.390000
6781.390000
6781.390000
6781.390000
6781.390000
6781.390000
6781.390000
6781.390000
6781.390000
6781.390000
6781.390000
6781.390000
6781.390000
6781.390000
6781.390000
6781.390000
6781.390000
6781.390000
6781.390000
6781.390000
6781.390000
6781.390000
6781.390000
6781.390000
6781.390000
6781.390000
6781.390000
6781.390000
6781.390000
6781.390000
6781.390000
6781.390000
6781.390000
6781.390000
6781.390000
6781.390000
6781.390000
6781.390000
6781.390000
6781.390000
6781.390000
6781.390000
6781.390000
6781.390000
6781.390000
6781.390000
6781.390000
6781.390000
6781.390000
6781.390000
6781.390000
6781.390000
6781.390000
6781.390000
6781.390000
6781.390000
6781.390000
6781.390000
6781.390000
6781.390000
0.000000
0.000000
0.000000
0.000000
0.000000
0.000000
0.000000
1818.568286
5639.731503
6781.390000
6781.390000
6781.390000
6781.390000
6781.390000
6781.390000
6781.390000
6781.390000
6781.390000
6781.390000
6781.390000
6781.390000
6781.390000
6781.390000
6781.390000
6781.390000
6781.390000
6781.390000
6781.390000
6781.390000
6781.390000
6781.390000
6781.390000
6781.390000
6781.390000
6781.390000
6781.390000
6781.390000
6781.390000
6781.390000
6781.390000
6781.390000
6781.390000
6781.390000
6781.390000
6781.390000
6781.390000
6781.390000
6781.390000
0.000000
0.000000
0.000000
0.000000
0.000000
0.000000
0.000000
0.000000
0.000000
0.000000
407.317596
567.364763
4922.149119
4563.563025
6118.868831
6781.390000
6781.390000
6781.390000
6781.390000
6781.390000
6781.390000
6781.390000
6781.390000
6781.390000
6781.390000
6781.390000
6781.390000
6781.390000
6781.390000
6781.390000
6781.390000
6781.390000
6781.390000
6781.390000
6781.390000
6781.390000
6781.390000
6781.390000
6781.390000
6781.390000
6781.390000
6781.390000
6781.390000
6781.390000
6781.390000
6781.390000
6781.390000
6781.390000
0.000000
0.000000
0.000000
0.000000
0.000000
0.000000
0.000000
0.000000
0.000000
0.000000
0.000000
0.000000
1171.185885
1789.701980
5181.572233
6781.390000
6781.390000
6781.390000
6781.390000
6781.390000
6781.390000
6781.390000
6781.390000
6781.390000
6781.390000
6781.390000
6781.390000
6781.390000
6781.390000
6781.390000
6781.390000
6781.390000
6781.390000
6781.390000
6781.390000
6781.390000
6781.390000
6781.390000
6781.390000
6781.390000
6781.390000
6781.390000
6781.390000
6781.390000
6781.390000
6781.390000
6781.390000
6781.390000
4375.998305
6781.390000
1453.090759
3932.000259
3385.502920
1448.978986
0.000000
0.000000
0.000000
0.000000
4073.382085
4911.744564
3984.380609
4792.041837
6781.390000
6781.390000
6781.390000
6781.390000
6781.390000
6781.390000
6781.390000
6781.390000
6781.390000
6781.390000
6781.390000
6781.390000
6781.390000
6781.390000
6781.390000
6781.390000
6781.390000
6781.390000
6781.390000
6781.390000
6781.390000
6781.390000
6781.390000
6781.390000
6781.390000
6781.390000
6781.390000
6781.390000
6781.390000
6781.390000
6781.390000
6781.390000
6781.390000
6781.390000
0.000000
0.000000
0.000000
307.185091
0.000000
0.000000
600.995246
0.000000
0.000000
0.000000
0.000000
0.000000
6781.390000
6781.390000
6781.390000
6781.390000
6781.390000
6781.390000
6781.390000
6781.390000
6781.390000
6781.390000
6781.390000
6781.390000
6781.390000
6781.390000
6781.390000
6781.390000
6781.390000
6781.390000
6781.390000
6781.390000
6781.390000
6781.390000
6781.390000
6781.390000
6781.390000
6781.390000
6781.390000
6781.390000
6781.390000
6781.390000
6781.390000
6781.390000
6781.390000
6781.390000
6781.390000
6781.390000
6781.390000
6781.390000
6781.390000
6781.390000
0.000000
0.000000
6781.390000
6781.390000
2602.974850
2766.819718
1740.806283
2695.127064
4914.625676
5571.913759
6005.349554
6781.390000
6781.390000
6781.390000
6781.390000
6781.390000
6781.390000
6781.390000
6781.390000
6781.390000
6781.390000
6781.390000
6781.390000
6781.390000
6781.390000
6781.390000
6781.390000
6781.390000
6781.390000
6781.390000
6781.390000
6781.390000
6781.390000
6781.390000
6781.390000
6781.390000
6781.390000
6781.390000
6781.390000
6781.390000
6781.390000
6781.390000
6781.390000
6781.390000
2840.274536
6195.709350
0.000000
0.000000
0.000000
0.000000
6781.390000
6178.972118
3346.995446
3475.427655
5784.802142
6545.683131
4155.534821
4592.083064
3866.961472
5640.810284
6781.390000
6781.390000
6781.390000
6781.390000
6781.390000
6781.390000
6781.390000
6781.390000
6781.390000
6781.390000
6781.390000
6781.390000
6781.390000
6781.390000
6781.390000
6781.390000
6781.390000
6781.390000
6781.390000
6781.390000
6781.390000
6781.390000
6781.390000
6781.390000
6781.390000
6781.390000
6781.390000
6781.390000
6781.390000
6781.390000
6781.390000
6781.390000
0.000000
0.000000
0.000000
0.000000
0.000000
0.000000
4468.752449
6247.557890
6781.390000
6781.390000
6781.390000
6781.390000
6781.390000
6781.390000
6781.390000
6781.390000
6781.390000
3872.789793
6781.390000
6781.390000
6781.390000
6781.390000
6781.390000
6781.390000
6781.390000
6781.390000
6781.390000
6781.390000
6781.390000
6781.390000
6781.390000
6781.390000
6781.390000
6781.390000
6781.390000
6781.390000
6781.390000
6781.390000
6781.390000
6781.390000
6781.390000
6781.390000
6781.390000
6781.390000
6781.390000
6781.390000
6781.390000
6781.390000
6781.390000
6781.390000
6781.390000
6781.390000
6781.390000
6781.390000
6781.390000
6781.390000
6781.390000
6781.390000
6781.390000
6781.390000
6781.390000
6781.390000
6781.390000
6781.390000
6781.390000
6781.390000
6781.390000
6781.390000
6781.390000
6781.390000
6781.390000
6781.390000
6781.390000
6781.390000
6781.390000
6781.390000
6781.390000
6781.390000
6781.390000
6781.390000
6781.390000
6781.390000
6781.390000
6781.390000
6781.390000
6781.390000
6781.390000
6781.390000
6781.390000
6781.390000
6781.390000
6781.390000
6781.390000
6781.390000
6781.390000
6781.390000
6781.390000
6781.390000
6781.390000
6781.390000
6781.390000
6781.390000
6781.390000
6781.390000
6781.390000
6781.390000
6781.390000
6781.390000
6781.390000
6781.390000
6781.390000
6781.390000
6781.390000
6781.390000
6781.390000
6781.390000
6781.390000
6781.390000
6781.390000
6781.390000
6781.390000
6781.390000
6781.390000
6781.390000
6781.390000
6781.390000
6781.390000
6781.390000
6781.390000
6781.390000
6781.390000
6781.390000
6781.390000
6781.390000
6781.390000
6781.390000
6781.390000
6781.390000
6781.390000
6781.390000
6781.390000
6781.390000
6781.390000
6781.390000
6781.390000
6781.390000
6781.390000
6781.390000
6781.390000
6781.390000
6781.390000
6781.390000
6781.390000
6781.390000
6781.390000
6781.390000
6781.390000
6781.390000
6781.390000
6781.390000
6781.390000
6781.390000
6781.390000
6781.390000
6781.390000
6781.390000
6781.390000
6781.390000
6781.390000
6781.390000
6781.390000
6781.390000
6781.390000
6781.390000
6781.390000
6781.390000
6781.390000
6781.390000
6781.390000
6781.390000
6781.390000
6781.390000
6781.390000
6781.390000
6781.390000
6781.390000
6781.390000
6781.390000
6781.390000
6781.390000
6781.390000
6781.390000
6781.390000
6781.390000
6781.390000
6781.390000
6781.390000
6781.390000
6781.390000
6781.390000
6781.390000
6781.390000
6781.390000
6781.390000
6781.390000
6781.390000
6781.390000
6781.390000
6781.390000
6781.390000
6781.390000
6781.390000
6781.390000
6781.390000
6781.390000
6781.390000
6781.390000
6781.390000
6781.390000
6781.390000
6781.390000
6781.390000
6781.390000
6781.390000
6781.390000
6781.390000
6781.390000
6781.390000
6781.390000
6781.390000
6781.390000
6781.390000
6781.390000
6781.390000
6781.390000
6781.390000
6781.390000
6781.390000
6781.390000
6781.390000
6143.624103
6781.390000
2688.005652
4912.852514
6781.390000
5467.410656
6781.390000
6781.390000
6781.390000
6781.390000
6781.390000
6781.390000
6781.390000
6781.390000
6781.390000
6781.390000
6781.390000
6781.390000
6781.390000
6781.390000
6781.390000
6781.390000
6781.390000
6781.390000
6781.390000
6781.390000
6781.390000
6781.390000
6781.390000
6781.390000
6781.390000
6781.390000
6781.390000
6781.390000
6781.390000
6781.390000
6781.390000
6781.390000
6781.390000
6781.390000
6781.390000
6781.390000
6781.390000
6781.390000
6781.390000
6781.390000
6781.390000
6781.390000
6781.390000
6781.390000
0.000000
1018.376242
0.000000
0.000000
0.000000
0.000000
3298.838506
3390.250791
6781.390000
6781.390000
6781.390000
6781.390000
6781.390000
6781.390000
6781.390000
6781.390000
6781.390000
6781.390000
6781.390000
6781.390000
6781.390000
6781.390000
6781.390000
6781.390000
6781.390000
6781.390000
6781.390000
6781.390000
6781.390000
6781.390000
6781.390000
6781.390000
6781.390000
6781.390000
6781.390000
6781.390000
6781.390000
6781.390000
6781.390000
6781.390000
6781.390000
6781.390000
6781.390000
6781.390000
6781.390000
6781.390000
0.000000
0.000000
0.000000
0.000000
0.000000
0.000000
0.000000
0.000000
0.000000
0.000000
315.021018
232.033732
0.000000
0.000000
5641.249540
6458.317454
6259.991372
6781.390000
6781.390000
6781.390000
6781.390000
6781.390000
6781.390000
6781.390000
6781.390000
6781.390000
6781.390000
6781.390000
6781.390000
6781.390000
6781.390000
6781.390000
6781.390000
6781.390000
6781.390000
6781.390000
6781.390000
6781.390000
6781.390000
6781.390000
6781.390000
6781.390000
6781.390000
6781.390000
6781.390000
6781.390000
6781.390000
6781.390000
0.000000
0.000000
0.000000
0.000000
0.000000
0.000000
0.000000
0.000000
0.000000
0.000000
0.000000
0.000000
6781.390000
6781.390000
6781.390000
6781.390000
6781.390000
6781.390000
2034.589461
5456.263570
6781.390000
6781.390000
6781.390000
6781.390000
6781.390000
6781.390000
6781.390000
6781.390000
6781.390000
6781.390000
6781.390000
6781.390000
6781.390000
6781.390000
6781.390000
6781.390000
6781.390000
6781.390000
6781.390000
6781.390000
6781.390000
6781.390000
6781.390000
6781.390000
6781.390000
6781.390000
6781.390000
6781.390000
3407.919590
6631.905452
0.000000
2322.447222
2939.693255
1098.710296
0.000000
0.000000
0.000000
0.000000
0.000000
0.000000
0.000000
0.000000
0.000000
0.000000
4169.924802
5295.355705
6781.390000
6781.390000
6781.390000
6781.390000
6781.390000
6781.390000
6781.390000
6781.390000
6781.390000
6781.390000
6781.390000
6781.390000
6781.390000
6781.390000
6781.390000
6781.390000
6781.390000
6781.390000
6781.390000
6781.390000
6781.390000
6781.390000
6781.390000
6781.390000
6781.390000
6781.390000
6781.390000
6781.390000
6781.390000
6781.390000
4300.384465
6781.390000
0.000000
0.000000
0.000000
0.000000
0.000000
0.000000
0.000000
0.000000
0.000000
0.000000
6781.390000
6781.390000
6781.390000
6781.390000
6781.390000
6781.390000
6781.390000
6781.390000
6781.390000
6781.390000
6781.390000
6781.390000
6781.390000
6781.390000
6781.390000
6781.390000
6781.390000
6781.390000
6781.390000
6781.390000
6781.390000
6781.390000
6781.390000
6781.390000
6781.390000
6781.390000
6781.390000
6781.390000
6781.390000
6781.390000
6781.390000
6781.390000
6781.390000
6781.390000
6781.390000
6781.390000
0.000000
3031.809241
0.000000
0.000000
0.000000
0.000000
0.000000
0.000000
0.000000
0.000000
1430.231151
2128.761236
6781.390000
6781.390000
6781.390000
6781.390000
6781.390000
6781.390000
6781.390000
6781.390000
6781.390000
6781.390000
6781.390000
6781.390000
6781.390000
6781.390000
6781.390000
6781.390000
6781.390000
6781.390000
6781.390000
6781.390000
6781.390000
6781.390000
6781.390000
6781.390000
6781.390000
6781.390000
6781.390000
6781.390000
6781.390000
6781.390000
6781.390000
6781.390000
6781.390000
6781.390000
6781.390000
6781.390000
3565.979784
6781.390000
2076.669661
4490.803251
6781.390000
6781.390000
6781.390000
6781.390000
5577.991069
5986.886217
6781.390000
6781.390000
6781.390000
6781.390000
6781.390000
6781.390000
6781.390000
6781.390000
6781.390000
6781.390000
6781.390000
6781.390000
6781.390000
6781.390000
6781.390000
6781.390000
6781.390000
6781.390000
6781.390000
6781.390000
6781.390000
6781.390000
6781.390000
6781.390000
6781.390000
6781.390000
6781.390000
6781.390000
6781.390000
6781.390000
6781.390000
6781.390000
6781.390000
6781.390000
6781.390000
6781.390000
6781.390000
6781.390000
6781.390000
6781.390000
6781.390000
6781.390000
6781.390000
6781.390000
6781.390000
6781.390000
6781.390000
6781.390000
6781.390000
6781.390000
6781.390000
6781.390000
6781.390000
6781.390000
6781.390000
6781.390000
6781.390000
6781.390000
6781.390000
6781.390000
6781.390000
6781.390000
6781.390000
6781.390000
6781.390000
6781.390000
6781.390000
6781.390000
6781.390000
6781.390000
6781.390000
6781.390000
6781.390000
6781.390000
6781.390000
6781.390000
6781.390000
6781.390000
6781.390000
6781.390000
6781.390000
6781.390000
6781.390000
6781.390000
6781.390000
6781.390000
6781.390000
6781.390000
6339.819019
6781.390000
6781.390000
6781.390000
1105.617367
3209.225952
3255.047225
5382.866949
0.000000
0.000000
5025.898904
4545.384770
6781.390000
6781.390000
6781.390000
6139.018929
6781.390000
6781.390000
6781.390000
6781.390000
6781.390000
6781.390000
6781.390000
6781.390000
6781.390000
6781.390000
6781.390000
6781.390000
6781.390000
6781.390000
6781.390000
6781.390000
6781.390000
6781.390000
6781.390000
6781.390000
6781.390000
6781.390000
6781.390000
6781.390000
6781.390000
6781.390000
6781.390000
6781.390000
6781.390000
6781.390000
6781.390000
6781.390000
6781.390000
6781.390000
6781.390000
6781.390000
6781.390000
6781.390000
6781.390000
6781.390000
6781.390000
6781.390000
6781.390000
6781.390000
6781.390000
6781.390000
6781.390000
6781.390000
6781.390000
6781.390000
6781.390000
6781.390000
6781.390000
6781.390000
6781.390000
6781.390000
6781.390000
6781.390000
6781.390000
6781.390000
6781.390000
6781.390000
6781.390000
6781.390000
6781.390000
6781.390000
6781.390000
6781.390000
6781.390000
6781.390000
6781.390000
6781.390000
6781.390000
6781.390000
6781.390000
6781.390000
6781.390000
6781.390000
6781.390000
6781.390000
4083.951926
6582.099227
2001.543713
95.912433
0.000000
0.000000
3867.676268
4170.285029
0.000000
0.000000
1549.435852
2033.800814
6781.390000
6781.390000
6781.390000
6781.390000
6781.390000
6781.390000
6781.390000
6781.390000
6781.390000
6781.390000
6781.390000
6781.390000
6781.390000
6781.390000
6781.390000
6781.390000
6781.390000
6781.390000
6781.390000
6781.390000
6781.390000
6781.390000
6781.390000
6781.390000
6781.390000
6781.390000
6781.390000
6781.390000
6781.390000
6781.390000
6781.390000
6781.390000
6781.390000
6781.390000
6781.390000
6781.390000
6781.390000
6781.390000
6781.390000
6781.390000
6781.390000
6781.390000
6781.390000
6781.390000
6781.390000
6781.390000
6781.390000
6781.390000
6781.390000
6781.390000
6781.390000
6781.390000
6781.390000
6781.390000
6781.390000
6781.390000
6781.390000
6781.390000
6781.390000
6781.390000
6781.390000
6781.390000
6781.390000
6781.390000
6781.390000
6781.390000
6781.390000
6781.390000
6781.390000
6781.390000
6781.390000
6781.390000
6781.390000
6781.390000
6781.390000
6781.390000
6781.390000
6781.390000
6781.390000
6781.390000
6781.390000
6781.390000
6781.390000
6781.390000
6781.390000
6781.390000
6781.390000
6781.390000
6781.390000
6781.390000
6781.390000
6781.390000
6781.390000
6781.390000
6781.390000
6781.390000
6781.390000
6781.390000
6781.390000
6781.390000
6781.390000
6781.390000
6781.390000
6781.390000
6781.390000
6781.390000
6781.390000
6781.390000
6781.390000
6781.390000
6781.390000
6781.390000
6781.390000
6781.390000
6781.390000
6781.390000
6781.390000
6781.390000
6781.390000
6781.390000
6781.390000
6781.390000
6781.390000
6781.390000
6781.390000
6781.390000
6781.390000
6781.390000
6781.390000
6781.390000
6781.390000
6781.390000
6781.390000
6781.390000
6781.390000
6781.390000
6781.390000
6781.390000
6781.390000
6781.390000
6781.390000
6781.390000
6781.390000
6781.390000
6781.390000
6781.390000
6781.390000
6781.390000
6781.390000
6781.390000
6781.390000
6781.390000
6781.390000
6781.390000
6781.390000
6781.390000
6781.390000
6781.390000
6781.390000
6781.390000
6781.390000
6781.390000
6781.390000
6781.390000
6781.390000
6781.390000
6781.390000
6781.390000
6781.390000
6781.390000
6781.390000
6781.390000
6781.390000
6781.390000
6781.390000
6781.390000
6781.390000
6781.390000
6781.390000
6781.390000
6781.390000
6781.390000
6781.390000
6781.390000
6781.390000
6781.390000
6781.390000
6781.390000
6781.390000
6781.390000
6781.390000
6781.390000
6781.390000
6781.390000
6781.390000
6781.390000
6781.390000
6781.390000
6781.390000
6781.390000
6781.390000
6781.390000
6781.390000
6781.390000
6781.390000
6781.390000
6781.390000
6781.390000
6781.390000
6781.390000
6781.390000
6781.390000
6781.390000
6781.390000
6781.390000
6781.390000
6781.390000
6781.390000
6781.390000
6781.390000
6781.390000
6781.390000
6781.390000
6781.390000
6781.390000
6781.390000
6781.390000
6781.390000
6781.390000
6781.390000
6781.390000
6781.390000
6781.390000
6781.390000
6781.390000
6781.390000
6781.390000
6781.390000
6781.390000
6781.390000
6781.390000
6781.390000
6781.390000
6781.390000
6781.390000
6781.390000
6781.390000
6781.390000
6781.390000
6781.390000
6781.390000
6781.390000
6781.390000
6781.390000
6781.390000
6781.390000
6781.390000
6781.390000
6781.390000
6781.390000
6781.390000
6781.390000
6781.390000
6781.390000
6781.390000
6781.390000
6781.390000
6781.390000
6781.390000
6781.390000
6781.390000
6781.390000
6781.390000
6781.390000
6781.390000
6781.390000
6781.390000
6781.390000
6781.390000
6781.390000
6781.390000
6781.390000
6781.390000
6781.390000
6781.390000
6781.390000
6781.390000
6781.390000
6781.390000
6781.390000
6781.390000
6781.390000
6781.390000
6781.390000
6781.390000
6781.390000
6781.390000
6781.390000
6781.390000
6781.390000
6781.390000
6781.390000
6781.390000
6781.390000
6781.390000
6781.390000
6781.390000
6781.390000
6781.390000
6781.390000
6781.390000
6781.390000
6781.390000
6781.390000
6781.390000
6781.390000
6781.390000
6781.390000
6781.390000
6781.390000
6781.390000
6781.390000
6781.390000
6781.390000
6781.390000
6781.390000
6781.390000
6781.390000
6781.390000
973.490693
6781.390000
6781.390000
6781.390000
6781.390000
6781.390000
6781.390000
6781.390000
6781.390000
6781.390000
6781.390000
6781.390000
6781.390000
6781.390000
6781.390000
6781.390000
6781.390000
6781.390000
6781.390000
6781.390000
6781.390000
6781.390000
6781.390000
6781.390000
6781.390000
6781.390000
6781.390000
6781.390000
6781.390000
6781.390000
6781.390000
6781.390000
6781.390000
6781.390000
6781.390000
6781.390000
6781.390000
6781.390000
6781.390000
6781.390000
6781.390000
6781.390000
6781.390000
6781.390000
6781.390000
6781.390000
6781.390000
6781.390000
6781.390000
6781.390000
6781.390000
6781.390000
2907.405466
0.000000
594.113642
6781.390000
6781.390000
6781.390000
6781.390000
6781.390000
6781.390000
6781.390000
6781.390000
6781.390000
6781.390000
6781.390000
6781.390000
6781.390000
6781.390000
6781.390000
6781.390000
6781.390000
6781.390000
6781.390000
6781.390000
6781.390000
6781.390000
6781.390000
6781.390000
6781.390000
6781.390000
6781.390000
6781.390000
6781.390000
6781.390000
6781.390000
6781.390000
6781.390000
6781.390000
6781.390000
6781.390000
6781.390000
6781.390000
6781.390000
6781.390000
6781.390000
0.000000
3050.251077
3310.678711
0.000000
745.162558
4064.378974
4674.665865
6781.390000
6781.390000
6781.390000
6781.390000
6781.390000
6781.390000
6781.390000
6781.390000
6781.390000
6781.390000
6781.390000
6781.390000
6781.390000
6781.390000
6781.390000
6781.390000
6781.390000
6781.390000
6781.390000
6781.390000
6781.390000
6781.390000
6781.390000
6781.390000
6781.390000
6781.390000
6781.390000
6781.390000
6781.390000
6781.390000
6781.390000
6781.390000
6781.390000
6781.390000
6781.390000
6781.390000
6781.390000
6781.390000
6781.390000
6781.390000
6781.390000
0.000000
0.000000
0.000000
75.737209
906.274762
6703.230230
6781.390000
6781.390000
6781.390000
6781.390000
6781.390000
6781.390000
6781.390000
6781.390000
6781.390000
6781.390000
6781.390000
6781.390000
6781.390000
6781.390000
6781.390000
6781.390000
6781.390000
6781.390000
6781.390000
6781.390000
6781.390000
6781.390000
6781.390000
6781.390000
6781.390000
6781.390000
6781.390000
6781.390000
6781.390000
6781.390000
6781.390000
6781.390000
6781.390000
6781.390000
6781.390000
2224.805539
6141.082992
6540.101003
6781.390000
6781.390000
6781.390000
6781.390000
6781.390000
6781.390000
6781.390000
6781.390000
6781.390000
6781.390000
6781.390000
6781.390000
6781.390000
6781.390000
6781.390000
6781.390000
6781.390000
6781.390000
6781.390000
6781.390000
6781.390000
6781.390000
6781.390000
6781.390000
6781.390000
6781.390000
6781.390000
6781.390000
6781.390000
6781.390000
6781.390000
6781.390000
6781.390000
6781.390000
6781.390000
6781.390000
6781.390000
6781.390000
6781.390000
6781.390000
6781.390000
6781.390000
6781.390000
6781.390000
6781.390000
6781.390000
6781.390000
1455.958005
3157.006540
6781.390000
6781.390000
6781.390000
6781.390000
6781.390000
6781.390000
6781.390000
6781.390000
6781.390000
6781.390000
6781.390000
6781.390000
6781.390000
6781.390000
6781.390000
6781.390000
6781.390000
6781.390000
6781.390000
6781.390000
6781.390000
6781.390000
6781.390000
6781.390000
6781.390000
6781.390000
6781.390000
6781.390000
6781.390000
6781.390000
6781.390000
6781.390000
6781.390000
6781.390000
6781.390000
6781.390000
6781.390000
6781.390000
6781.390000
6781.390000
6781.390000
6781.390000
6781.390000
6781.390000
6781.390000
6781.390000
6781.390000
6781.390000
0.000000
0.000000
727.753607
3013.098945
4453.279351
6619.237894
6781.390000
6781.390000
6781.390000
6781.390000
6781.390000
6781.390000
6781.390000
6781.390000
6781.390000
6781.390000
6781.390000
6781.390000
6781.390000
6781.390000
6781.390000
6781.390000
6781.390000
6781.390000
6781.390000
6781.390000
6781.390000
6781.390000
6781.390000
6781.390000
6781.390000
6781.390000
6781.390000
6781.390000
6781.390000
6781.390000
6781.390000
6781.390000
6781.390000
6781.390000
6781.390000
6781.390000
6781.390000
6781.390000
6781.390000
6781.390000
6781.390000
6781.390000
6781.390000
6781.390000
6781.390000
6781.390000
6781.390000
6781.390000
6781.390000
6781.390000
6781.390000
6781.390000
6781.390000
6781.390000
6781.390000
6781.390000
6781.390000
6781.390000
6781.390000
6781.390000
6781.390000
6781.390000
6781.390000
6781.390000
6781.390000
6781.390000
6781.390000
6781.390000
6781.390000
6781.390000
6781.390000
6781.390000
6781.390000
6781.390000
6781.390000
6781.390000
6781.390000
6781.390000
6781.390000
6781.390000
6781.390000
6781.390000
6781.390000
6781.390000
6781.390000
6781.390000
6781.390000
6781.390000
6781.390000
6781.390000
6781.390000
6781.390000
6781.390000
6781.390000
6781.390000
6781.390000
6781.390000
6781.390000
6781.390000
6781.390000
6781.390000
6781.390000
6781.390000
6781.390000
6781.390000
6781.390000
6781.390000
6781.390000
6781.390000
6781.390000
6781.390000
6781.390000
6781.390000
6781.390000
6781.390000
6781.390000
6781.390000
6781.390000
6781.390000
6781.390000
6781.390000
6781.390000
6781.390000
6781.390000
6781.390000
6781.390000
6781.390000
6781.390000
6781.390000
6781.390000
6781.390000
6781.390000
6781.390000
6781.390000
0.000000
624.826670
0.000000
0.000000
0.000000
0.000000
0.000000
0.000000
0.000000
0.000000
6781.390000
6781.390000
6781.390000
6781.390000
6781.390000
6781.390000
6781.390000
6781.390000
6781.390000
6781.390000
6781.390000
6781.390000
6781.390000
6781.390000
6781.390000
6781.390000
6781.390000
6781.390000
6781.390000
6781.390000
6781.390000
6781.390000
6781.390000
6781.390000
6781.390000
6781.390000
6781.390000
6781.390000
6781.390000
6781.390000
6781.390000
6781.390000
6781.390000
6781.390000
6781.390000
6781.390000
6781.390000
6781.390000
3728.758485
6781.390000
513.875816
3041.729145
6767.032558
4556.425098
1080.220567
0.000000
2740.935197
3176.562883
4016.499950
4916.316227
6781.390000
6781.390000
6781.390000
6781.390000
6781.390000
6781.390000
6781.390000
6781.390000
6781.390000
6781.390000
6781.390000
6781.390000
6781.390000
6781.390000
6781.390000
6781.390000
6781.390000
6781.390000
6781.390000
6781.390000
6781.390000
6781.390000
6781.390000
6781.390000
6781.390000
6781.390000
6781.390000
6781.390000
6781.390000
6781.390000
6781.390000
6781.390000
6781.390000
6781.390000
6781.390000
6781.390000
6781.390000
6781.390000
6781.390000
6781.390000
6781.390000
6781.390000
6781.390000
6781.390000
6781.390000
6781.390000
6781.390000
6781.390000
6781.390000
6781.390000
6781.390000
6781.390000
6781.390000
6781.390000
6781.390000
6781.390000
6781.390000
6781.390000
6781.390000
6781.390000
6781.390000
6781.390000
6781.390000
6781.390000
6781.390000
6781.390000
6781.390000
6781.390000
6781.390000
6781.390000
6781.390000
6781.390000
6781.390000
6781.390000
6781.390000
6781.390000
6781.390000
6781.390000
6781.390000
6781.390000
6781.390000
6781.390000
6781.390000
6781.390000
6781.390000
6781.390000
6781.390000
6781.390000
6781.390000
6781.390000
6781.390000
6781.390000
6781.390000
6781.390000
6781.390000
6781.390000
6781.390000
6781.390000
6781.390000
6781.390000
6781.390000
6781.390000
6781.390000
6781.390000
6781.390000
6781.390000
6781.390000
6781.390000
6781.390000
6781.390000
6781.390000
6781.390000
6781.390000
6781.390000
6781.390000
6781.390000
6781.390000
6781.390000
6781.390000
6781.390000
6781.390000
6781.390000
6781.390000
6781.390000
6781.390000
6781.390000
6781.390000
6781.390000
6781.390000
6781.390000
6781.390000
6781.390000
0.000000
0.000000
0.000000
0.000000
0.000000
0.000000
0.000000
0.000000
0.000000
0.000000
6781.390000
6781.390000
6781.390000
6781.390000
6781.390000
6781.390000
6781.390000
6781.390000
6781.390000
6781.390000
6781.390000
6781.390000
6781.390000
6781.390000
6781.390000
6781.390000
6781.390000
6781.390000
6781.390000
6781.390000
6781.390000
6781.390000
6781.390000
6781.390000
6781.390000
6781.390000
6781.390000
6781.390000
6781.390000
6781.390000
6781.390000
6781.390000
6781.390000
6781.390000
6781.390000
6781.390000
6781.390000
6781.390000
0.000000
0.000000
0.000000
0.000000
0.000000
0.000000
0.000000
0.000000
6781.390000
6781.390000
6781.390000
6781.390000
6781.390000
6781.390000
6781.390000
6781.390000
6781.390000
6781.390000
6781.390000
6781.390000
6781.390000
6781.390000
6781.390000
6781.390000
6781.390000
6781.390000
6781.390000
6781.390000
6781.390000
6781.390000
6781.390000
6781.390000
6781.390000
6781.390000
6781.390000
6781.390000
6781.390000
6781.390000
6781.390000
6781.390000
6781.390000
6781.390000
6781.390000
6781.390000
6781.390000
6781.390000
6781.390000
6781.390000
6781.390000
6781.390000
6781.390000
6781.390000
6781.390000
6781.390000
6781.390000
6781.390000
6781.390000
6781.390000
6781.390000
6781.390000
6781.390000
6781.390000
6781.390000
6781.390000
6781.390000
6781.390000
6781.390000
6781.390000
6781.390000
6781.390000
6781.390000
6781.390000
6781.390000
6781.390000
6781.390000
6781.390000
6781.390000
6781.390000
6781.390000
6781.390000
6781.390000
6781.390000
6781.390000
6781.390000
6781.390000
6781.390000
6781.390000
6781.390000
6781.390000
6781.390000
6781.390000
6781.390000
6781.390000
6781.390000
6781.390000
6781.390000
6781.390000
6781.390000
6781.390000
6781.390000
6781.390000
6781.390000
6781.390000
6781.390000
6781.390000
6781.390000
4805.645714
5820.844567
6781.390000
6781.390000
6781.390000
6781.390000
6781.390000
6781.390000
6781.390000
6781.390000
6781.390000
6781.390000
6781.390000
6781.390000
6781.390000
6781.390000
6781.390000
6781.390000
6781.390000
6781.390000
6781.390000
6781.390000
6781.390000
6781.390000
6781.390000
6781.390000
6781.390000
6781.390000
6781.390000
6781.390000
6781.390000
6781.390000
6781.390000
6781.390000
6781.390000
6781.390000
6781.390000
6781.390000
6781.390000
6781.390000
6781.390000
6781.390000
6781.390000
6781.390000
6781.390000
6781.390000
6781.390000
6781.390000
0.000000
0.000000
0.000000
0.000000
154.947665
2080.243268
6526.654815
6781.390000
6781.390000
6781.390000
6781.390000
6781.390000
6781.390000
6781.390000
6781.390000
6781.390000
6781.390000
6781.390000
6781.390000
6781.390000
6781.390000
6781.390000
6781.390000
6781.390000
6781.390000
6781.390000
6781.390000
6781.390000
6781.390000
6781.390000
6781.390000
6781.390000
6781.390000
6781.390000
6781.390000
6781.390000
2708.894876
5548.619171
0.000000
0.000000
0.000000
0.000000
0.000000
0.000000
0.000000
0.000000
0.000000
0.000000
0.000000
0.000000
0.000000
0.000000
0.000000
0.000000
2235.514187
0.000000
0.000000
0.000000
4984.666027
6572.343606
6781.390000
6781.390000
6781.390000
6781.390000
6781.390000
6781.390000
6781.390000
6781.390000
6781.390000
6781.390000
6781.390000
6781.390000
6781.390000
6781.390000
6781.390000
6781.390000
6781.390000
6781.390000
6781.390000
6781.390000
6781.390000
6781.390000
6781.390000
6781.390000
6781.390000
6781.390000
0.000000
0.000000
0.000000
0.000000
0.000000
0.000000
0.000000
0.000000
2382.539487
4231.059673
6781.390000
6781.390000
6781.390000
6781.390000
6781.390000
6781.390000
6781.390000
6781.390000
6781.390000
6781.390000
6781.390000
6781.390000
6781.390000
6781.390000
6781.390000
6781.390000
6781.390000
6781.390000
6781.390000
6781.390000
6781.390000
6781.390000
6781.390000
6781.390000
6781.390000
6781.390000
6781.390000
6781.390000
6781.390000
6781.390000
6781.390000
6781.390000
6781.390000
6781.390000
6781.390000
6781.390000
6781.390000
6781.390000
0.000000
0.000000
0.000000
0.000000
0.000000
0.000000
0.000000
320.080232
6781.390000
6781.390000
6781.390000
6781.390000
6781.390000
6781.390000
6781.390000
6781.390000
6781.390000
6781.390000
6781.390000
6781.390000
6781.390000
6781.390000
6781.390000
6781.390000
6781.390000
6781.390000
6781.390000
6781.390000
6781.390000
6781.390000
6781.390000
6781.390000
6781.390000
6781.390000
6781.390000
6781.390000
6781.390000
6781.390000
6781.390000
6781.390000
6781.390000
6781.390000
6781.390000
6781.390000
6781.390000
6781.390000
6781.390000
6781.390000
5141.312750
6781.390000
3453.842704
6234.189380
4627.339615
3182.310250
2995.404735
1427.391993
6781.390000
6781.390000
6588.140645
6781.390000
5090.323079
5612.018410
6781.390000
6781.390000
6781.390000
6781.390000
6781.390000
6781.390000
6781.390000
6781.390000
6781.390000
6781.390000
6781.390000
6781.390000
6781.390000
6781.390000
6781.390000
6781.390000
6781.390000
6781.390000
6781.390000
6781.390000
6781.390000
6781.390000
6781.390000
6781.390000
6781.390000
6781.390000
6781.390000
6781.390000
6781.390000
6781.390000
6781.390000
6781.390000
6781.390000
6781.390000
6781.390000
6781.390000
6781.390000
6781.390000
6781.390000
6781.390000
6781.390000
6781.390000
6781.390000
6781.390000
6781.390000
6781.390000
6781.390000
6781.390000
6781.390000
6781.390000
6781.390000
6781.390000
6781.390000
6781.390000
6781.390000
6781.390000
6781.390000
6781.390000
6781.390000
6781.390000
6781.390000
6781.390000
6781.390000
6781.390000
6781.390000
6781.390000
6781.390000
6781.390000
6781.390000
6781.390000
6781.390000
6781.390000
6781.390000
6781.390000
6781.390000
6781.390000
6781.390000
6781.390000
6781.390000
6781.390000
6781.390000
6781.390000
6781.390000
6781.390000
6781.390000
6781.390000
6781.390000
6781.390000
6781.390000
6781.390000
6781.390000
6781.390000
6781.390000
6781.390000
6781.390000
6781.390000
6781.390000
6781.390000
6781.390000
6781.390000
6781.390000
6781.390000
6781.390000
6781.390000
6781.390000
6781.390000
6781.390000
6781.390000
6781.390000
6781.390000
6781.390000
6781.390000
6781.390000
6781.390000
6781.390000
6781.390000
6781.390000
6781.390000
6781.390000
6781.390000
6781.390000
6781.390000
6781.390000
6781.390000
6781.390000
6781.390000
6781.390000
6781.390000
6781.390000
6781.390000
6781.390000
6781.390000
6781.390000
6781.390000
6781.390000
6781.390000
6781.390000
6781.390000
6781.390000
6781.390000
6781.390000
6781.390000
6781.390000
6781.390000
6781.390000
6781.390000
6781.390000
6781.390000
6781.390000
6781.390000
6781.390000
6781.390000
6781.390000
6781.390000
6781.390000
6781.390000
6781.390000
6781.390000
6781.390000
6781.390000
6781.390000
6781.390000
6781.390000
6781.390000
6781.390000
6781.390000
6781.390000
6781.390000
6781.390000
6781.390000
6781.390000
6781.390000
6781.390000
6781.390000
6781.390000
6781.390000
6781.390000
6781.390000
6781.390000
6781.390000
6781.390000
6781.390000
6781.390000
6781.390000
6781.390000
6781.390000
6781.390000
6781.390000
6781.390000
6781.390000
6781.390000
6781.390000
6781.390000
6781.390000
6781.390000
6781.390000
6781.390000
6781.390000
6781.390000
6781.390000
6781.390000
6781.390000
6781.390000
6781.390000
6781.390000
6781.390000
6781.390000
6781.390000
6781.390000
6781.390000
6781.390000
6781.390000
6781.390000
6781.390000
6781.390000
6781.390000
6781.390000
6781.390000
6781.390000
6781.390000
6781.390000
6781.390000
6781.390000
6781.390000
6781.390000
6781.390000
6781.390000
6781.390000
1166.555823
2798.258343
554.317152
2935.565942
4997.866784
6781.390000
6781.390000
6781.390000
6781.390000
6781.390000
6781.390000
6781.390000
6781.390000
6781.390000
6781.390000
6781.390000
6781.390000
6781.390000
6781.390000
6781.390000
6781.390000
6781.390000
6781.390000
6781.390000
6781.390000
6781.390000
6781.390000
6781.390000
6781.390000
6781.390000
6781.390000
6781.390000
6781.390000
6781.390000
6781.390000
6781.390000
6781.390000
6781.390000
6781.390000
6781.390000
6781.390000
6781.390000
6781.390000
6781.390000
6781.390000
6781.390000
3747.811570
4819.902175
0.000000
0.000000
0.000000
0.000000
5209.407386
6781.390000
6781.390000
6781.390000
6781.390000
6781.390000
6781.390000
6781.390000
6781.390000
6781.390000
6781.390000
6781.390000
6781.390000
6781.390000
6781.390000
6781.390000
6781.390000
6781.390000
6781.390000
6781.390000
6781.390000
6781.390000
6781.390000
6781.390000
6781.390000
6781.390000
6781.390000
6781.390000
6781.390000
6781.390000
6781.390000
6781.390000
6781.390000
6781.390000
6781.390000
6781.390000
6781.390000
6781.390000
6781.390000
6781.390000
6781.390000
6781.390000
6781.390000
6781.390000
2981.438041
5697.681328
6486.158909
4868.932785
2755.185435
1095.883783
6781.390000
6781.390000
6781.390000
6781.390000
6781.390000
6781.390000
6781.390000
6781.390000
6781.390000
6781.390000
6781.390000
6781.390000
6781.390000
6781.390000
6781.390000
6781.390000
6781.390000
6781.390000
6781.390000
6781.390000
6781.390000
6781.390000
6781.390000
6781.390000
6781.390000
6781.390000
6781.390000
6781.390000
6781.390000
6781.390000
6781.390000
6781.390000
6781.390000
6781.390000
6781.390000
6781.390000
6781.390000
6781.390000
6781.390000
6781.390000
6781.390000
6781.390000
0.000000
1102.943844
0.000000
0.000000
0.000000
0.000000
6781.390000
6781.390000
6781.390000
6781.390000
6781.390000
6781.390000
6781.390000
6781.390000
6781.390000
6781.390000
6781.390000
6781.390000
6781.390000
6781.390000
6781.390000
6781.390000
6781.390000
6781.390000
6781.390000
6781.390000
6781.390000
6781.390000
6781.390000
6781.390000
6781.390000
6781.390000
6781.390000
6781.390000
6781.390000
6781.390000
6781.390000
6781.390000
6781.390000
6781.390000
6781.390000
6781.390000
6781.390000
6781.390000
6781.390000
6781.390000
2422.966256
5557.849468
0.000000
2561.168729
1270.889490
0.000000
0.000000
0.000000
5935.186630
6250.682539
6781.390000
6781.390000
6781.390000
6781.390000
6781.390000
6781.390000
6781.390000
6781.390000
6781.390000
6781.390000
6781.390000
6781.390000
6781.390000
6781.390000
6781.390000
6781.390000
6781.390000
6781.390000
6781.390000
6781.390000
6781.390000
6781.390000
6781.390000
6781.390000
6781.390000
6781.390000
6781.390000
6781.390000
6781.390000
6781.390000
6781.390000
6781.390000
6781.390000
6781.390000
6781.390000
6781.390000
6781.390000
6781.390000
0.000000
0.000000
0.000000
0.000000
0.000000
0.000000
0.000000
0.000000
0.000000
0.000000
0.000000
0.000000
73.113113
808.831512
6781.390000
6781.390000
6781.390000
6781.390000
6781.390000
6781.390000
6781.390000
6781.390000
6781.390000
6781.390000
6781.390000
6781.390000
6781.390000
6781.390000
6781.390000
6781.390000
6781.390000
6781.390000
6781.390000
6781.390000
6781.390000
6781.390000
6781.390000
6781.390000
6781.390000
6781.390000
6781.390000
6781.390000
6781.390000
6781.390000
6781.390000
6781.390000
6781.390000
6781.390000
0.000000
0.000000
0.000000
0.000000
0.000000
0.000000
0.000000
0.000000
0.000000
0.000000
0.000000
0.000000
939.400372
1697.273875
6781.390000
6781.390000
6781.390000
6781.390000
6781.390000
6781.390000
6781.390000
6781.390000
6781.390000
6781.390000
6781.390000
6781.390000
6781.390000
6781.390000
6781.390000
6781.390000
6781.390000
6781.390000
6781.390000
6781.390000
6781.390000
6781.390000
6781.390000
6781.390000
6781.390000
6781.390000
6781.390000
6781.390000
6781.390000
6781.390000
6781.390000
6781.390000
6781.390000
6781.390000
1147.119848
2370.635856
0.000000
0.000000
0.000000
0.000000
4552.859805
6634.386342
6781.390000
6781.390000
6781.390000
6781.390000
6781.390000
6781.390000
6781.390000
6781.390000
6781.390000
6781.390000
6781.390000
6781.390000
6781.390000
6781.390000
6781.390000
6781.390000
6781.390000
6781.390000
6781.390000
6781.390000
6781.390000
6781.390000
6781.390000
6781.390000
6781.390000
6781.390000
6781.390000
6781.390000
6781.390000
6781.390000
6781.390000
6781.390000
6781.390000
6781.390000
6781.390000
6781.390000
6781.390000
6781.390000
6781.390000
6781.390000
0.000000
0.000000
0.000000
0.000000
0.000000
0.000000
0.000000
0.000000
0.000000
0.000000
0.000000
0.000000
0.000000
0.000000
0.000000
0.000000
5802.405405
6781.390000
6781.390000
6781.390000
6781.390000
6781.390000
6781.390000
6781.390000
6781.390000
6781.390000
6781.390000
6781.390000
6781.390000
6781.390000
6781.390000
6781.390000
6781.390000
6781.390000
6781.390000
6781.390000
6781.390000
6781.390000
6781.390000
6781.390000
6781.390000
6781.390000
6781.390000
6781.390000
6781.390000
6781.390000
6781.390000
6781.390000
6754.190295
6781.390000
0.000000
212.632607
0.000000
0.000000
0.000000
0.000000
0.000000
0.000000
3970.372498
4892.471437
6781.390000
6781.390000
6781.390000
6781.390000
6781.390000
0.000000
6781.390000
6781.390000
6781.390000
6781.390000
6781.390000
6781.390000
6781.390000
6781.390000
6781.390000
6781.390000
6781.390000
6781.390000
6781.390000
6781.390000
6781.390000
6781.390000
6781.390000
6781.390000
6781.390000
6781.390000
6781.390000
6781.390000
6781.390000
6781.390000
6781.390000
6781.390000
6781.390000
6781.390000
6781.390000
6781.390000
6781.390000
6781.390000
6781.390000
6781.390000
6781.390000
6781.390000
6781.390000
6781.390000
6781.390000
6781.390000
6781.390000
6781.390000
6781.390000
6781.390000
6781.390000
6781.390000
6781.390000
6781.390000
6781.390000
6781.390000
6781.390000
6781.390000
6781.390000
6781.390000
6781.390000
6781.390000
6781.390000
6781.390000
6781.390000
6781.390000
6781.390000
6781.390000
6781.390000
6781.390000
6781.390000
6781.390000
6781.390000
6781.390000
6781.390000
6781.390000
6781.390000
6781.390000
6781.390000
6781.390000
6781.390000
6781.390000
6781.390000
6781.390000
2338.602127
5444.006825
0.000000
2393.227503
1102.847895
0.000000
0.000000
0.000000
5848.513349
6144.581058
6781.390000
6781.390000
6781.390000
6781.390000
6781.390000
6781.390000
6781.390000
6781.390000
6781.390000
6781.390000
6781.390000
6781.390000
6781.390000
6781.390000
6781.390000
6781.390000
6781.390000
6781.390000
6781.390000
6781.390000
6781.390000
6781.390000
6781.390000
6781.390000
6781.390000
6781.390000
6781.390000
6781.390000
6781.390000
6781.390000
6781.390000
6781.390000
6781.390000
6781.390000
6781.390000
6781.390000
6781.390000
6781.390000
0.000000
0.000000
0.000000
0.000000
0.000000
0.000000
0.000000
0.000000
0.000000
0.000000
0.000000
0.000000
0.000000
702.189232
6781.390000
6781.390000
6781.390000
6781.390000
6781.390000
6781.390000
6781.390000
6781.390000
6781.390000
6781.390000
6781.390000
6781.390000
6781.390000
6781.390000
6781.390000
6781.390000
6781.390000
6781.390000
6781.390000
6781.390000
6781.390000
6781.390000
6781.390000
6781.390000
6781.390000
6781.390000
6781.390000
6781.390000
6781.390000
6781.390000
6781.390000
6781.390000
6781.390000
6781.390000
6781.390000
6781.390000
6781.390000
6781.390000
6781.390000
6781.390000
6781.390000
6781.390000
6781.390000
6781.390000
6781.390000
6781.390000
6781.390000
6781.390000
6781.390000
6781.390000
6781.390000
6781.390000
6781.390000
6781.390000
6781.390000
6781.390000
6781.390000
6781.390000
6781.390000
6781.390000
6781.390000
6781.390000
6781.390000
6781.390000
6781.390000
6781.390000
6781.390000
6781.390000
6781.390000
6781.390000
6781.390000
6781.390000
6781.390000
6781.390000
6781.390000
6781.390000
6781.390000
6781.390000
6781.390000
6781.390000
6781.390000
6781.390000
6781.390000
6781.390000
5120.075025
6778.990343
1090.281812
3586.078860
5482.178668
6781.390000
6781.390000
6781.390000
6781.390000
6781.390000
6781.390000
6781.390000
6781.390000
6781.390000
6781.390000
6781.390000
6781.390000
6781.390000
6781.390000
6781.390000
6781.390000
6781.390000
6781.390000
6781.390000
6781.390000
6781.390000
6781.390000
6781.390000
6781.390000
6781.390000
6781.390000
6781.390000
6781.390000
6781.390000
6781.390000
6781.390000
6781.390000
6781.390000
6781.390000
6781.390000
6781.390000
6781.390000
6781.390000
6781.390000
6781.390000
6781.390000
6781.390000
6781.390000
0.000000
0.000000
0.000000
0.000000
0.000000
0.000000
654.859060
2732.095160
6079.943320
6302.357834
6781.390000
6781.390000
6781.390000
6781.390000
6781.390000
6781.390000
6781.390000
6781.390000
6781.390000
6781.390000
6781.390000
6781.390000
6781.390000
6781.390000
6781.390000
6781.390000
6781.390000
6781.390000
6781.390000
6781.390000
6781.390000
6781.390000
6781.390000
6781.390000
6781.390000
6781.390000
6781.390000
6781.390000
6781.390000
6781.390000
6781.390000
6781.390000
6781.390000
6781.390000
6781.390000
6781.390000
6781.390000
6781.390000
6781.390000
6781.390000
1622.087136
4078.045937
6781.390000
6781.390000
6781.390000
6781.390000
6781.390000
6781.390000
6781.390000
6781.390000
6781.390000
6781.390000
6781.390000
6781.390000
6781.390000
6781.390000
6781.390000
6781.390000
6781.390000
6781.390000
6781.390000
6781.390000
6781.390000
6781.390000
6781.390000
6781.390000
6781.390000
6781.390000
6781.390000
6781.390000
6781.390000
6781.390000
6781.390000
6781.390000
6781.390000
6781.390000
6781.390000
6781.390000
6781.390000
6781.390000
6781.390000
6781.390000
6781.390000
6781.390000
6781.390000
6781.390000
6781.390000
6781.390000
6781.390000
6781.390000
6781.390000
6781.390000
6781.390000
6781.390000
6781.390000
6781.390000
6781.390000
6781.390000
6781.390000
6781.390000
6781.390000
6781.390000
6781.390000
6781.390000
6781.390000
6781.390000
6781.390000
6781.390000
6781.390000
6781.390000
6781.390000
6781.390000
6781.390000
6781.390000
6781.390000
6781.390000
6781.390000
6781.390000
6781.390000
6781.390000
6781.390000
6781.390000
6781.390000
6781.390000
6781.390000
6781.390000
6781.390000
6781.390000
6781.390000
6781.390000
6781.390000
6781.390000
2300.472894
5385.192794
0.000000
2340.928271
1053.853110
0.000000
0.000000
0.000000
5833.917776
6124.763672
6781.390000
6781.390000
6781.390000
6781.390000
6781.390000
6781.390000
6781.390000
6781.390000
6781.390000
6781.390000
6781.390000
6781.390000
6781.390000
6781.390000
6781.390000
6781.390000
6781.390000
6781.390000
6781.390000
6781.390000
6781.390000
6781.390000
6781.390000
6781.390000
6781.390000
6781.390000
6781.390000
6781.390000
6781.390000
6781.390000
6781.390000
6781.390000
6781.390000
6781.390000
6781.390000
6781.390000
6781.390000
6781.390000
0.000000
0.000000
0.000000
0.000000
0.000000
0.000000
0.000000
0.000000
0.000000
0.000000
0.000000
0.000000
12.403806
759.276257
6781.390000
6781.390000
6781.390000
6781.390000
6781.390000
6781.390000
6781.390000
6781.390000
6781.390000
6781.390000
6781.390000
6781.390000
6781.390000
6781.390000
6781.390000
6781.390000
6781.390000
6781.390000
6781.390000
6781.390000
6781.390000
6781.390000
6781.390000
6781.390000
6781.390000
6781.390000
6781.390000
6781.390000
6781.390000
6781.390000
6781.390000
6781.390000
6781.390000
6781.390000
6781.390000
6781.390000
0.000000
0.000000
0.000000
0.000000
0.000000
0.000000
34.290851
2232.447142
6564.710717
6781.390000
6781.390000
6781.390000
6781.390000
0.000000
0.000000
0.000000
0.000000
0.000000
3366.456313
6174.157976
6781.390000
6781.390000
6781.390000
6781.390000
6781.390000
6781.390000
6781.390000
6781.390000
6781.390000
6781.390000
6781.390000
6781.390000
6781.390000
6781.390000
6781.390000
6781.390000
4295.097939
3581.852941
6171.655433
6149.755928
6781.390000
6781.390000
6781.390000
6781.390000
2615.835548
3594.166378
0.000000
0.000000
0.000000
0.000000
0.000000
0.000000
0.000000
0.000000
0.000000
0.000000
0.000000
0.000000
0.000000
0.000000
0.000000
0.000000
0.000000
0.000000
0.000000
0.000000
0.000000
0.000000
1206.796808
1447.958937
6781.390000
6781.390000
6781.390000
6781.390000
6781.390000
6781.390000
6781.390000
6781.390000
6781.390000
6781.390000
6781.390000
6781.390000
6781.390000
6781.390000
6781.390000
6781.390000
6781.390000
6781.390000
6781.390000
6781.390000
6781.390000
6781.390000
6781.390000
6781.390000
6781.390000
6781.390000
0.000000
0.000000
0.000000
0.000000
0.000000
0.000000
0.000000
0.000000
0.000000
0.000000
0.000000
0.000000
0.000000
0.000000
0.000000
0.000000
0.000000
0.000000
0.000000
0.000000
6781.390000
6781.390000
6781.390000
6781.390000
6781.390000
6781.390000
6781.390000
6781.390000
6781.390000
6781.390000
6781.390000
6781.390000
6781.390000
6781.390000
6781.390000
6781.390000
6781.390000
6781.390000
6781.390000
6781.390000
6781.390000
6781.390000
6781.390000
6781.390000
6781.390000
6781.390000
6781.390000
6781.390000
0.000000
853.922520
0.000000
0.000000
0.000000
0.000000
0.000000
0.000000
0.000000
0.000000
0.000000
0.000000
0.000000
0.000000
1397.964155
6781.390000
6781.390000
6781.390000
6781.390000
6781.390000
6781.390000
6781.390000
6781.390000
6781.390000
6781.390000
6781.390000
6781.390000
6781.390000
6781.390000
6781.390000
6781.390000
6781.390000
6781.390000
6781.390000
6781.390000
6781.390000
6781.390000
6781.390000
6781.390000
6781.390000
6781.390000
6781.390000
6781.390000
6781.390000
6781.390000
6781.390000
6781.390000
6781.390000
6781.390000
6781.390000
6781.390000
6781.390000
6781.390000
6781.390000
6781.390000
6781.390000
6781.390000
6781.390000
6781.390000
6781.390000
6781.390000
6781.390000
6781.390000
4105.786429
6781.390000
6781.390000
6781.390000
6781.390000
6781.390000
6781.390000
6781.390000
6781.390000
6781.390000
6781.390000
6781.390000
6781.390000
6781.390000
6781.390000
6781.390000
6781.390000
6781.390000
6781.390000
6781.390000
6781.390000
6781.390000
6781.390000
6781.390000
6781.390000
6781.390000
6781.390000
6781.390000
6781.390000
6781.390000
6781.390000
6781.390000
6781.390000
0.000000
0.000000
0.000000
0.000000
0.000000
0.000000
0.000000
0.000000
0.000000
0.000000
0.000000
0.000000
0.000000
0.000000
487.954797
6781.390000
6781.390000
6781.390000
6781.390000
6781.390000
6781.390000
6781.390000
6781.390000
6781.390000
6781.390000
6781.390000
6781.390000
6781.390000
6781.390000
6781.390000
6781.390000
6781.390000
6781.390000
6781.390000
6781.390000
6781.390000
6781.390000
6781.390000
6781.390000
6781.390000
6781.390000
6781.390000
6781.390000
6781.390000
6781.390000
6781.390000
6781.390000
6781.390000
6781.390000
6781.390000
6781.390000
6781.390000
1144.089885
0.000000
3558.509577
3982.343970
4318.110003
5046.388443
6781.390000
6781.390000
6781.390000
6781.390000
6781.390000
6781.390000
6781.390000
6781.390000
6781.390000
6781.390000
6781.390000
6781.390000
6781.390000
6781.390000
6781.390000
6781.390000
6781.390000
6781.390000
6781.390000
6781.390000
6781.390000
6781.390000
6781.390000
6781.390000
6781.390000
6781.390000
6781.390000
6781.390000
6781.390000
6781.390000
6781.390000
6781.390000
6781.390000
6781.390000
6781.390000
6781.390000
6781.390000
6781.390000
2177.204626
4827.385715
6781.390000
6781.390000
6781.390000
6781.390000
6781.390000
6781.390000
6781.390000
6781.390000
6781.390000
6781.390000
6781.390000
6781.390000
6781.390000
6781.390000
6781.390000
6781.390000
6781.390000
6781.390000
6781.390000
6781.390000
6781.390000
6781.390000
6781.390000
6781.390000
6781.390000
6781.390000
6781.390000
6781.390000
6781.390000
6781.390000
6781.390000
6781.390000
6781.390000
6781.390000
6781.390000
6781.390000
6781.390000
6781.390000
6781.390000
6781.390000
6781.390000
6781.390000
6781.390000
6781.390000
2342.224330
3318.541867
0.000000
0.000000
0.000000
0.000000
0.000000
187.622506
731.367354
2902.070450
6781.390000
6781.390000
6781.390000
6781.390000
6781.390000
6781.390000
6781.390000
6781.390000
6781.390000
6781.390000
6781.390000
6781.390000
6781.390000
6781.390000
6781.390000
6781.390000
6781.390000
6781.390000
6781.390000
6781.390000
6781.390000
6781.390000
6781.390000
6781.390000
6781.390000
6781.390000
6781.390000
6781.390000
6781.390000
6781.390000
6781.390000
6781.390000
6781.390000
6781.390000
6781.390000
6781.390000
6781.390000
6781.390000
4060.829213
4965.613146
0.000000
0.000000
0.000000
0.000000
0.000000
0.000000
6781.390000
6781.390000
6781.390000
6781.390000
6781.390000
6781.390000
6781.390000
6781.390000
6781.390000
6781.390000
6781.390000
6781.390000
6781.390000
6781.390000
6781.390000
6781.390000
6781.390000
6781.390000
6781.390000
6781.390000
6781.390000
6781.390000
6781.390000
6781.390000
6781.390000
6781.390000
6781.390000
6781.390000
6781.390000
6781.390000
6781.390000
6781.390000
6781.390000
6781.390000
6781.390000
6781.390000
6781.390000
6781.390000
6781.390000
6781.390000
6781.390000
6781.390000
2268.823320
5058.755653
2219.328918
698.091808
0.000000
0.000000
0.000000
0.000000
4541.848843
5420.902388
6781.390000
6781.390000
6781.390000
6781.390000
6781.390000
6781.390000
6781.390000
6781.390000
6781.390000
6781.390000
6781.390000
6781.390000
6781.390000
6781.390000
6781.390000
6781.390000
6781.390000
6781.390000
6781.390000
6781.390000
6781.390000
6781.390000
6781.390000
6781.390000
6781.390000
6781.390000
6781.390000
6781.390000
6781.390000
6781.390000
6781.390000
6781.390000
6781.390000
6781.390000
6781.390000
6781.390000
6781.390000
6781.390000
2107.747184
5098.234654
6781.390000
5906.749479
6597.139126
5415.841949
0.000000
67.733370
3760.816652
4877.026532
6781.390000
6781.390000
6781.390000
6781.390000
6781.390000
6781.390000
6781.390000
6781.390000
6781.390000
6781.390000
6781.390000
6781.390000
6781.390000
6781.390000
6781.390000
6781.390000
6781.390000
6781.390000
6781.390000
6781.390000
6781.390000
6781.390000
6781.390000
6781.390000
6781.390000
6781.390000
6781.390000
6781.390000
6781.390000
6781.390000
6781.390000
6781.390000
6781.390000
6781.390000
6781.390000
6781.390000
6781.390000
6781.390000
0.000000
0.000000
0.000000
0.000000
0.000000
0.000000
0.000000
0.000000
0.000000
0.000000
6312.667004
6781.390000
6781.390000
6781.390000
6781.390000
6781.390000
6781.390000
6781.390000
6781.390000
6781.390000
6781.390000
6781.390000
6781.390000
6781.390000
6781.390000
6781.390000
6781.390000
6781.390000
6781.390000
6781.390000
6781.390000
6781.390000
6781.390000
6781.390000
6781.390000
6781.390000
6781.390000
6781.390000
6781.390000
6781.390000
6781.390000
6781.390000
6781.390000
6781.390000
6781.390000
6781.390000
6781.390000
6781.390000
4448.837377
6781.390000
6781.390000
5891.398147
1964.843401
764.560147
4142.866672
4893.254516
6781.390000
6781.390000
6781.390000
6781.390000
6781.390000
6781.390000
6781.390000
6781.390000
6781.390000
6781.390000
6781.390000
6781.390000
6781.390000
6781.390000
6781.390000
6781.390000
6781.390000
6781.390000
6781.390000
6781.390000
6781.390000
6781.390000
6781.390000
6781.390000
6781.390000
6781.390000
6781.390000
6781.390000
6781.390000
6781.390000
6781.390000
6781.390000
6781.390000
6781.390000
6781.390000
6781.390000
6781.390000
6781.390000
6781.390000
6781.390000
0.000000
3017.712349
0.000000
0.000000
0.000000
0.000000
0.000000
0.000000
121.048188
1241.135501
4986.304258
5734.341484
6781.390000
6781.390000
6781.390000
6781.390000
6781.390000
6781.390000
6781.390000
6781.390000
6781.390000
6781.390000
6781.390000
6781.390000
6781.390000
6781.390000
6781.390000
6781.390000
6781.390000
6781.390000
6781.390000
6781.390000
6781.390000
6781.390000
6781.390000
6781.390000
6781.390000
6781.390000
6781.390000
6781.390000
6781.390000
6781.390000
6781.390000
6781.390000
6781.390000
6781.390000
6781.390000
6781.390000
0.000000
0.000000
226.498859
2882.355700
6781.390000
6781.390000
6781.390000
6781.390000
6781.390000
6781.390000
6781.390000
6781.390000
6781.390000
6781.390000
6781.390000
6781.390000
6781.390000
6781.390000
6781.390000
6781.390000
6781.390000
6781.390000
6781.390000
6781.390000
6781.390000
6781.390000
6781.390000
6781.390000
6781.390000
6781.390000
6781.390000
6781.390000
6781.390000
6781.390000
6781.390000
6781.390000
6781.390000
6781.390000
6781.390000
6781.390000
6781.390000
6781.390000
6781.390000
6781.390000
6781.390000
6781.390000
6781.390000
6781.390000
6135.232962
6781.390000
3451.938595
5962.224590
6781.390000
6781.390000
6781.390000
6781.390000
6781.390000
6781.390000
6781.390000
6781.390000
6781.390000
6781.390000
6781.390000
6781.390000
6781.390000
6781.390000
6781.390000
6781.390000
6781.390000
6781.390000
6781.390000
6781.390000
6781.390000
6781.390000
6781.390000
6781.390000
6781.390000
6781.390000
6781.390000
6781.390000
6781.390000
6781.390000
6781.390000
6781.390000
6781.390000
6781.390000
6781.390000
6781.390000
6781.390000
6781.390000
6781.390000
6781.390000
6781.390000
6781.390000
6781.390000
6781.390000
6781.390000
6781.390000
6781.390000
6781.390000
6781.390000
6781.390000
6781.390000
6781.390000
6781.390000
6781.390000
6781.390000
6781.390000
6781.390000
6781.390000
6781.390000
6781.390000
6781.390000
6781.390000
6781.390000
6781.390000
6781.390000
6781.390000
6781.390000
6781.390000
6781.390000
6781.390000
6781.390000
6781.390000
6781.390000
6781.390000
6781.390000
6781.390000
6781.390000
6781.390000
6781.390000
6781.390000
6781.390000
6781.390000
6781.390000
6781.390000
6781.390000
6781.390000
6781.390000
6781.390000
6781.390000
6781.390000
6781.390000
6781.390000
6781.390000
6781.390000
6781.390000
6781.390000
6781.390000
6781.390000
6781.390000
6781.390000
6781.390000
6781.390000
6781.390000
6781.390000
6781.390000
6781.390000
6781.390000
6781.390000
6781.390000
6781.390000
6781.390000
6781.390000
6781.390000
6781.390000
6781.390000
6781.390000
6781.390000
6781.390000
6781.390000
6781.390000
6781.390000
6781.390000
6781.390000
6781.390000
6781.390000
6781.390000
6781.390000
6781.390000
6781.390000
6781.390000
6781.390000
6781.390000
6781.390000
6781.390000
6781.390000
6781.390000
6781.390000
6781.390000
6781.390000
6781.390000
6781.390000
6781.390000
6781.390000
6781.390000
6781.390000
6781.390000
6781.390000
6781.390000
6781.390000
6781.390000
6781.390000
6781.390000
6781.390000
6781.390000
6781.390000
6781.390000
6781.390000
6781.390000
6781.390000
6781.390000
6781.390000
6781.390000
6781.390000
6781.390000
6781.390000
6781.390000
6781.390000
6781.390000
6781.390000
6781.390000
6781.390000
6781.390000
6781.390000
6781.390000
6781.390000
6781.390000
6781.390000
6781.390000
6781.390000
6781.390000
6781.390000
6781.390000
6781.390000
6781.390000
6781.390000
6781.390000
6781.390000
6781.390000
6781.390000
6781.390000
6781.390000
6781.390000
6781.390000
6781.390000
6781.390000
6781.390000
6781.390000
6781.390000
6781.390000
6781.390000
6781.390000
6781.390000
6781.390000
6781.390000
6781.390000
6781.390000
6781.390000
6781.390000
6781.390000
6781.390000
6781.390000
6781.390000
6781.390000
6781.390000
6781.390000
6781.390000
6781.390000
6781.390000
6781.390000
6781.390000
6781.390000
6781.390000
6781.390000
6781.390000
6781.390000
6781.390000
6781.390000
6781.390000
6781.390000
6781.390000
6781.390000
6781.390000
6781.390000
6781.390000
6781.390000
6781.390000
6781.390000
6781.390000
6781.390000
6781.390000
6781.390000
6781.390000
6781.390000
6781.390000
6781.390000
6781.390000
6781.390000
6781.390000
6781.390000
6781.390000
6781.390000
6781.390000
6781.390000
6781.390000
6781.390000
6781.390000
6781.390000
6781.390000
6781.390000
6781.390000
6781.390000
6781.390000
6781.390000
6781.390000
6781.390000
6781.390000
6781.390000
6781.390000
6781.390000
6781.390000
6781.390000
6781.390000
6781.390000
6781.390000
6781.390000
6781.390000
6781.390000
6781.390000
6781.390000
6781.390000
6781.390000
6781.390000
6781.390000
6781.390000
6781.390000
6781.390000
6781.390000
6781.390000
6781.390000
6781.390000
6781.390000
6781.390000
6781.390000
6781.390000
6781.390000
6781.390000
6472.271880
6781.390000
6781.390000
0.000000
0.000000
82.668793
4066.588957
6781.067038
6781.390000
6781.390000
6781.390000
6781.390000
6781.390000
6781.390000
6781.390000
6781.390000
6781.390000
6781.390000
6781.390000
6781.390000
6781.390000
6781.390000
6781.390000
6781.390000
6781.390000
6781.390000
6781.390000
6781.390000
6781.390000
6781.390000
6781.390000
6781.390000
6781.390000
6781.390000
4424.954326
5376.711725
0.000000
0.000000
0.000000
0.000000
0.000000
0.000000
0.000000
0.000000
0.000000
0.000000
0.000000
0.000000
0.000000
0.000000
0.000000
6781.390000
6781.390000
6781.390000
6781.390000
6781.390000
6781.390000
6781.390000
6781.390000
6781.390000
6781.390000
6781.390000
6781.390000
6781.390000
6781.390000
6781.390000
6781.390000
6781.390000
6781.390000
6781.390000
6781.390000
6781.390000
6781.390000
6781.390000
6781.390000
6781.390000
6781.390000
6781.390000
6781.390000
6781.390000
6781.390000
6781.390000
6781.390000
6781.390000
6781.390000
6781.390000
6781.390000
6781.390000
6781.390000
6781.390000
6781.390000
6781.390000
6781.390000
6781.390000
6781.390000
6781.390000
6781.390000
6781.390000
6781.390000
6781.390000
6781.390000
6781.390000
6781.390000
6781.390000
6781.390000
6781.390000
6781.390000
6781.390000
6781.390000
6781.390000
6781.390000
6781.390000
6781.390000
6781.390000
6781.390000
6781.390000
6781.390000
6781.390000
6781.390000
6781.390000
6781.390000
6781.390000
6781.390000
6781.390000
6781.390000
6781.390000
6781.390000
6781.390000
6781.390000
6781.390000
0.000000
0.000000
0.000000
0.000000
0.000000
0.000000
0.000000
0.000000
0.000000
0.000000
0.000000
0.000000
0.000000
0.000000
0.000000
0.000000
0.000000
0.000000
0.000000
394.831481
3033.773732
6166.436841
6781.390000
6781.390000
6781.390000
6781.390000
6781.390000
6781.390000
6781.390000
6781.390000
6781.390000
6781.390000
6781.390000
6781.390000
6781.390000
6781.390000
6781.390000
6781.390000
6781.390000
6781.390000
6781.390000
6781.390000
6781.390000
6781.390000
6781.390000
6781.390000
6781.390000
6781.390000
3399.517815
6775.071044
0.000000
0.000000
0.000000
0.000000
0.000000
0.000000
0.000000
0.000000
0.000000
0.000000
0.000000
0.000000
0.000000
1174.618568
4266.778731
6781.390000
6781.390000
6781.390000
6781.390000
6781.390000
6781.390000
6781.390000
6781.390000
6781.390000
6781.390000
6781.390000
6781.390000
6781.390000
6781.390000
6781.390000
6781.390000
6781.390000
6781.390000
6781.390000
6781.390000
6781.390000
6781.390000
6781.390000
6781.390000
6781.390000
6781.390000
6781.390000
6781.390000
6781.390000
6781.390000
6781.390000
6781.390000
6781.390000
0.000000
0.000000
0.000000
0.000000
0.000000
0.000000
0.000000
0.000000
0.000000
0.000000
137.978719
1026.238840
2425.790896
4496.929724
1833.886532
3464.025969
6781.390000
6781.390000
6781.390000
6781.390000
6781.390000
6781.390000
6781.390000
6781.390000
6781.390000
6781.390000
6781.390000
6781.390000
6781.390000
6781.390000
6781.390000
6781.390000
6781.390000
6781.390000
6781.390000
6781.390000
6781.390000
6781.390000
6781.390000
6781.390000
6781.390000
6781.390000
6781.390000
6781.390000
6781.390000
6781.390000
6781.390000
6781.390000
6781.390000
6781.390000
6781.390000
6099.027586
72.728346
0.000000
0.000000
0.000000
1415.615140
2512.192444
2057.862863
2670.352242
2757.140732
4725.329610
6781.390000
6781.390000
6781.390000
6781.390000
6781.390000
6781.390000
6781.390000
6781.390000
6781.390000
6781.390000
6781.390000
6781.390000
6781.390000
6781.390000
6781.390000
6781.390000
6781.390000
6781.390000
6781.390000
6781.390000
6781.390000
6781.390000
6781.390000
6781.390000
6781.390000
6781.390000
6781.390000
6781.390000
6781.390000
6781.390000
6781.390000
6781.390000
6781.390000
6781.390000
0.000000
0.000000
0.000000
0.000000
0.000000
0.000000
0.000000
0.000000
0.000000
0.000000
0.000000
0.000000
0.000000
0.000000
0.000000
0.000000
0.000000
2056.976857
5954.201017
6781.390000
6781.390000
6781.390000
6781.390000
6781.390000
6781.390000
6781.390000
6781.390000
6781.390000
6781.390000
6781.390000
6781.390000
6781.390000
6781.390000
6781.390000
6781.390000
6781.390000
6781.390000
6781.390000
6781.390000
6781.390000
6781.390000
6781.390000
6781.390000
6781.390000
6781.390000
6781.390000
6781.390000
6781.390000
0.000000
0.000000
0.000000
0.000000
0.000000
0.000000
0.000000
0.000000
0.000000
0.000000
2653.676415
2486.156460
0.000000
639.405685
0.000000
1892.219402
6781.390000
6781.390000
6781.390000
6781.390000
6781.390000
6781.390000
6781.390000
6781.390000
6781.390000
6781.390000
6781.390000
6781.390000
6781.390000
6781.390000
6781.390000
6781.390000
6781.390000
6781.390000
6781.390000
6781.390000
6781.390000
6781.390000
6781.390000
6781.390000
6781.390000
6781.390000
6781.390000
6781.390000
6781.390000
6781.390000
6781.390000
6781.390000
0.000000
522.591479
0.000000
0.000000
3095.254381
1586.241468
0.000000
0.000000
4010.816100
4790.435948
1787.798352
2468.933393
5977.569643
6781.390000
6781.390000
6781.390000
6781.390000
6781.390000
6781.390000
6781.390000
6781.390000
6781.390000
6781.390000
6781.390000
6781.390000
6781.390000
6781.390000
6781.390000
6781.390000
6781.390000
6781.390000
6781.390000
6781.390000
6781.390000
6781.390000
6781.390000
6781.390000
6781.390000
6781.390000
6781.390000
6781.390000
6781.390000
6781.390000
6781.390000
6781.390000
6781.390000
6781.390000
6781.390000
5573.186537
6781.390000
0.000000
0.000000
0.000000
0.000000
0.000000
0.000000
0.000000
0.000000
0.000000
0.000000
6781.390000
6781.390000
5995.368751
6781.390000
6781.390000
6781.390000
6781.390000
6781.390000
6781.390000
6781.390000
6781.390000
6781.390000
6781.390000
6781.390000
6781.390000
6781.390000
6781.390000
6781.390000
6781.390000
6781.390000
6781.390000
6781.390000
6781.390000
6781.390000
6781.390000
6781.390000
6781.390000
6781.390000
6781.390000
6781.390000
6781.390000
6781.390000
6781.390000
6781.390000
6781.390000
6781.390000
0.000000
0.000000
0.000000
0.000000
0.000000
0.000000
0.000000
0.000000
4458.715007
5260.695678
6053.153230
6749.931603
6781.390000
6781.390000
6781.390000
6781.390000
6781.390000
6781.390000
6781.390000
6781.390000
6781.390000
6781.390000
6781.390000
6781.390000
6781.390000
6781.390000
6781.390000
6781.390000
6781.390000
6781.390000
6781.390000
6781.390000
6781.390000
6781.390000
6781.390000
6781.390000
6781.390000
6781.390000
6781.390000
6781.390000
6781.390000
6781.390000
6781.390000
6781.390000
6781.390000
6781.390000
6781.390000
6781.390000
6781.390000
6781.390000
6781.390000
6781.390000
6781.390000
6781.390000
6781.390000
6781.390000
6781.390000
6781.390000
6781.390000
6781.390000
6781.390000
6781.390000
6781.390000
6781.390000
6781.390000
6781.390000
6781.390000
6781.390000
6781.390000
6781.390000
6781.390000
6781.390000
6781.390000
6781.390000
6781.390000
6781.390000
6781.390000
6781.390000
6781.390000
6781.390000
6781.390000
6781.390000
6781.390000
6781.390000
6781.390000
6781.390000
6781.390000
6781.390000
6781.390000
6781.390000
6781.390000
6781.390000
6781.390000
6781.390000
6781.390000
6781.390000
6781.390000
6781.390000
6781.390000
6781.390000
0.000000
0.000000
0.000000
0.000000
6781.390000
6781.390000
6781.390000
6781.390000
6781.390000
6781.390000
6781.390000
6781.390000
6781.390000
6781.390000
6781.390000
6781.390000
6781.390000
6781.390000
6781.390000
6781.390000
6781.390000
6781.390000
6781.390000
6781.390000
6781.390000
6781.390000
6781.390000
6781.390000
6781.390000
6781.390000
6781.390000
6781.390000
6781.390000
6781.390000
6781.390000
6781.390000
6781.390000
6781.390000
6781.390000
6781.390000
6781.390000
6781.390000
6781.390000
6781.390000
0.000000
0.000000
0.000000
0.000000
0.000000
0.000000
0.000000
0.000000
0.000000
0.000000
0.000000
0.000000
1307.271122
2256.323000
6781.390000
6781.390000
6781.390000
6781.390000
6781.390000
6781.390000
6781.390000
6781.390000
6781.390000
6781.390000
6781.390000
6781.390000
6781.390000
6781.390000
6781.390000
6781.390000
6781.390000
6781.390000
6781.390000
6781.390000
6781.390000
6781.390000
6781.390000
6781.390000
6781.390000
6781.390000
6781.390000
6781.390000
6781.390000
6781.390000
6781.390000
6781.390000
2564.227909
3535.468628
0.000000
0.000000
0.000000
0.000000
0.000000
0.000000
0.000000
0.000000
0.000000
0.000000
1511.143980
945.920983
6781.390000
6781.390000
6781.390000
6781.390000
5345.397767
6781.390000
6781.390000
6781.390000
6781.390000
6781.390000
6781.390000
6781.390000
6781.390000
6781.390000
6781.390000
6781.390000
6781.390000
6781.390000
6781.390000
6781.390000
6781.390000
6781.390000
6781.390000
6781.390000
6781.390000
6781.390000
6781.390000
6781.390000
6781.390000
6781.390000
6781.390000
6781.390000
6781.390000
6781.390000
6781.390000
6781.390000
6781.390000
6781.390000
6781.390000
6781.390000
6781.390000
6781.390000
6781.390000
6781.390000
6781.390000
6781.390000
6781.390000
6781.390000
6781.390000
6781.390000
6781.390000
6781.390000
6781.390000
6781.390000
6781.390000
6781.390000
6781.390000
6781.390000
6781.390000
6781.390000
6781.390000
6781.390000
6781.390000
6781.390000
6781.390000
6781.390000
6781.390000
6781.390000
6781.390000
6781.390000
6781.390000
6781.390000
6781.390000
6781.390000
6781.390000
6781.390000
6781.390000
6781.390000
6781.390000
6781.390000
6781.390000
6781.390000
6781.390000
6781.390000
6781.390000
6781.390000
6781.390000
6781.390000
6781.390000
6781.390000
6781.390000
6781.390000
6781.390000
6781.390000
6781.390000
6781.390000
6781.390000
6781.390000
6781.390000
6781.390000
6781.390000
6781.390000
6781.390000
6781.390000
6781.390000
6781.390000
6781.390000
6781.390000
6781.390000
6781.390000
6781.390000
6781.390000
6781.390000
6781.390000
6781.390000
6781.390000
6781.390000
6781.390000
6781.390000
6781.390000
6781.390000
6781.390000
6781.390000
6781.390000
6781.390000
6781.390000
6781.390000
6781.390000
6781.390000
6781.390000
6781.390000
6781.390000
6781.390000
6781.390000
6781.390000
6781.390000
6781.390000
6781.390000
6781.390000
6781.390000
6781.390000
6781.390000
6781.390000
6781.390000
6781.390000
6781.390000
6781.390000
6781.390000
6781.390000
6781.390000
6781.390000
6781.390000
6781.390000
6781.390000
6781.390000
6781.390000
6781.390000
6781.390000
6781.390000
6781.390000
6781.390000
6781.390000
6781.390000
6781.390000
6781.390000
6781.390000
6781.390000
6781.390000
6781.390000
6781.390000
6781.390000
6781.390000
6781.390000
6781.390000
6781.390000
6781.390000
6781.390000
6781.390000
6781.390000
6781.390000
6781.390000
6781.390000
6781.390000
6781.390000
6781.390000
6781.390000
6781.390000
6781.390000
6781.390000
6781.390000
6781.390000
6781.390000
6781.390000
6781.390000
6781.390000
6781.390000
6781.390000
6781.390000
6781.390000
6781.390000
6781.390000
6781.390000
6781.390000
6781.390000
6781.390000
6781.390000
6781.390000
6781.390000
6781.390000
6781.390000
6781.390000
6781.390000
6781.390000
6781.390000
6781.390000
6781.390000
6781.390000
6781.390000
6781.390000
6781.390000
6781.390000
6781.390000
6781.390000
6781.390000
6781.390000
6781.390000
6781.390000
6781.390000
6781.390000
6781.390000
6781.390000
6781.390000
6781.390000
6781.390000
6781.390000
6781.390000
6781.390000
6781.390000
6781.390000
6781.390000
6781.390000
6781.390000
6781.390000
6781.390000
6781.390000
6781.390000
6781.390000
6781.390000
6781.390000
6781.390000
6781.390000
6781.390000
6781.390000
6781.390000
6781.390000
6781.390000
6781.390000
6781.390000
6781.390000
6781.390000
6781.390000
6781.390000
6781.390000
6781.390000
6781.390000
6781.390000
6781.390000
6781.390000
6781.390000
6781.390000
6781.390000
6781.390000
6781.390000
6781.390000
6781.390000
6781.390000
6781.390000
6781.390000
0.000000
2264.419295
6781.390000
6781.390000
6781.390000
6781.390000
6781.390000
6781.390000
6781.390000
6781.390000
6781.390000
6781.390000
6781.390000
6781.390000
6781.390000
6781.390000
6781.390000
6781.390000
6781.390000
6781.390000
6781.390000
6781.390000
6781.390000
6781.390000
6781.390000
6781.390000
6781.390000
6781.390000
6781.390000
6781.390000
6781.390000
6781.390000
6781.390000
6781.390000
6781.390000
6781.390000
6781.390000
6781.390000
6781.390000
6781.390000
6781.390000
6781.390000
6781.390000
6781.390000
6781.390000
6781.390000
6781.390000
6781.390000
6781.390000
6781.390000
6781.390000
6781.390000
6781.390000
6781.390000
6781.390000
6781.390000
6781.390000
6781.390000
6781.390000
6781.390000
6781.390000
6781.390000
6781.390000
6781.390000
6781.390000
6781.390000
6781.390000
6781.390000
6781.390000
6781.390000
6781.390000
6781.390000
6781.390000
6781.390000
6781.390000
6781.390000
6781.390000
6781.390000
6781.390000
6781.390000
6781.390000
6781.390000
6781.390000
6781.390000
6781.390000
6781.390000
6781.390000
6781.390000
6781.390000
6781.390000
6781.390000
6781.390000
6781.390000
6781.390000
6781.390000
6781.390000
6781.390000
6781.390000
6781.390000
6781.390000
6781.390000
6781.390000
6781.390000
6781.390000
6781.390000
6781.390000
6781.390000
6781.390000
6781.390000
6781.390000
6781.390000
6781.390000
6781.390000
6781.390000
6781.390000
6781.390000
6781.390000
6781.390000
6781.390000
6781.390000
6781.390000
6781.390000
6781.390000
6781.390000
6781.390000
6781.390000
6781.390000
6781.390000
6781.390000
6781.390000
6781.390000
6781.390000
6781.390000
6781.390000
6781.390000
6781.390000
6781.390000
6781.390000
6781.390000
6781.390000
6781.390000
6781.390000
6781.390000
6781.390000
6781.390000
6781.390000
6781.390000
6781.390000
6781.390000
6781.390000
6781.390000
6781.390000
6781.390000
6781.390000
6781.390000
6781.390000
6781.390000
6781.390000
6781.390000
6781.390000
6781.390000
6781.390000
6781.390000
6781.390000
6781.390000
6781.390000
6781.390000
6781.390000
6781.390000
6781.390000
6781.390000
6781.390000
6781.390000
6781.390000
6781.390000
6781.390000
6781.390000
6781.390000
6781.390000
6781.390000
6781.390000
6781.390000
6781.390000
6781.390000
6781.390000
6781.390000
6781.390000
6781.390000
6781.390000
6781.390000
6781.390000
6781.390000
6781.390000
6781.390000
6781.390000
6781.390000
6781.390000
6781.390000
6781.390000
6781.390000
6781.390000
6781.390000
6781.390000
6781.390000
6781.390000
6781.390000
6781.390000
6781.390000
6781.390000
6781.390000
6781.390000
6781.390000
6781.390000
6781.390000
6781.390000
6781.390000
6781.390000
6781.390000
6781.390000
6781.390000
6781.390000
6781.390000
6781.390000
6781.390000
6781.390000
6781.390000
6781.390000
6781.390000
6781.390000
6781.390000
6781.390000
6781.390000
6781.390000
6781.390000
6781.390000
6781.390000
6781.390000
6781.390000
6781.390000
6781.390000
6781.390000
6781.390000
6781.390000
6781.390000
6781.390000
6781.390000
6781.390000
6781.390000
6781.390000
6781.390000
6781.390000
6781.390000
6781.390000
6781.390000
6781.390000
6781.390000
6781.390000
6781.390000
6781.390000
6781.390000
6781.390000
6781.390000
6781.390000
6781.390000
6781.390000
6781.390000
6781.390000
6781.390000
6781.390000
6781.390000
6781.390000
6781.390000
6781.390000
6781.390000
6781.390000
6781.390000
6781.390000
6781.390000
6781.390000
6781.390000
6781.390000
6781.390000
6781.390000
6781.390000
6781.390000
6781.390000
6781.390000
6781.390000
6781.390000
6781.390000
6781.390000
6781.390000
6781.390000
6781.390000
6781.390000
6781.390000
6781.390000
6781.390000
6781.390000
6781.390000
6781.390000
6781.390000
6781.390000
6781.390000
6781.390000
6781.390000
6781.390000
6781.390000
6781.390000
6781.390000
6781.390000
6781.390000
6781.390000
6781.390000
6781.390000
6781.390000
6781.390000
6781.390000
6781.390000
6781.390000
6781.390000
6781.390000
6781.390000
6781.390000
6781.390000
6781.390000
6781.390000
6781.390000
6781.390000
6781.390000
6781.390000
6781.390000
6781.390000
6781.390000
6781.390000
6781.390000
6781.390000
6781.390000
6781.390000
6781.390000
6781.390000
6781.390000
6781.390000
6781.390000
6781.390000
6781.390000
6781.390000
6781.390000
6781.390000
6781.390000
6781.390000
6781.390000
6781.390000
6781.390000
6781.390000
6781.390000
6781.390000
6781.390000
6781.390000
6781.390000
6781.390000
6781.390000
6781.390000
6781.390000
6781.390000
6781.390000
6781.390000
6781.390000
6781.390000
6781.390000
6781.390000
6781.390000
6781.390000
6781.390000
6781.390000
6781.390000
6781.390000
6781.390000
6781.390000
6781.390000
6781.390000
6781.390000
0.000000
0.000000
0.000000
0.000000
0.000000
0.000000
0.000000
0.000000
0.000000
0.000000
2131.154638
1607.063563
6781.390000
6781.390000
6781.390000
6781.390000
6781.390000
6781.390000
6781.390000
6781.390000
6781.390000
6781.390000
6781.390000
6781.390000
6781.390000
6781.390000
6781.390000
6781.390000
6781.390000
6781.390000
6781.390000
6781.390000
6781.390000
6781.390000
6781.390000
6781.390000
6781.390000
6781.390000
6781.390000
6781.390000
6781.390000
6781.390000
6781.390000
6781.390000
6781.390000
6781.390000
6781.390000
6781.390000
0.000000
836.393545
0.000000
0.000000
0.000000
0.000000
0.000000
0.000000
1961.398539
2739.826958
6781.390000
6781.390000
6781.390000
6781.390000
6781.390000
6781.390000
6781.390000
6781.390000
6781.390000
6781.390000
6781.390000
6781.390000
6781.390000
6781.390000
6781.390000
6781.390000
6781.390000
6781.390000
6781.390000
6781.390000
6781.390000
6781.390000
6781.390000
6781.390000
6781.390000
6781.390000
6781.390000
6781.390000
6781.390000
6781.390000
6781.390000
6781.390000
6781.390000
6781.390000
6781.390000
6781.390000
6781.390000
6781.390000
0.000000
2263.740524
0.000000
0.000000
0.000000
0.000000
0.000000
0.000000
4664.796312
5587.138247
6781.390000
6781.390000
6781.390000
6781.390000
6781.390000
6781.390000
6781.390000
6781.390000
6781.390000
6781.390000
6781.390000
6781.390000
6781.390000
6781.390000
6781.390000
6781.390000
6781.390000
6781.390000
6781.390000
6781.390000
6781.390000
6781.390000
6781.390000
6781.390000
6781.390000
6781.390000
6781.390000
6781.390000
6781.390000
6781.390000
6781.390000
6781.390000
6781.390000
6781.390000
6781.390000
6781.390000
6781.390000
6781.390000
0.000000
0.000000
0.000000
0.000000
0.000000
0.000000
6599.529016
6781.390000
4778.377598
5612.463336
6781.390000
6781.390000
6781.390000
6781.390000
6781.390000
6781.390000
6781.390000
6781.390000
6781.390000
6781.390000
6781.390000
6781.390000
6781.390000
6781.390000
6781.390000
6781.390000
6781.390000
6781.390000
6781.390000
6781.390000
6781.390000
6781.390000
6781.390000
6781.390000
6781.390000
6781.390000
6781.390000
6781.390000
6781.390000
6781.390000
6781.390000
6781.390000
6781.390000
6781.390000
6781.390000
6781.390000
6781.390000
6781.390000
6781.390000
6781.390000
6781.390000
6781.390000
6781.390000
6781.390000
6781.390000
6781.390000
6781.390000
6781.390000
6781.390000
6781.390000
6781.390000
6781.390000
6781.390000
6781.390000
6781.390000
6781.390000
6781.390000
6781.390000
6781.390000
6781.390000
6781.390000
6781.390000
6781.390000
6781.390000
6781.390000
6781.390000
6781.390000
6781.390000
6781.390000
6781.390000
6781.390000
6781.390000
6781.390000
6781.390000
6781.390000
6781.390000
6781.390000
6781.390000
6781.390000
6781.390000
6781.390000
6781.390000
6781.390000
6781.390000
6781.390000
6781.390000
6781.390000
6781.390000
6781.390000
6781.390000
6781.390000
6781.390000
6781.390000
6781.390000
6781.390000
6781.390000
6781.390000
6781.390000
6781.390000
6781.390000
6781.390000
6781.390000
6781.390000
6781.390000
6781.390000
6781.390000
6781.390000
6781.390000
6781.390000
6781.390000
6781.390000
6781.390000
6781.390000
6781.390000
6781.390000
6781.390000
6781.390000
6781.390000
6781.390000
6781.390000
6781.390000
6781.390000
6781.390000
6781.390000
6781.390000
6781.390000
6781.390000
6781.390000
6781.390000
6781.390000
6781.390000
6781.390000
6781.390000
6781.390000
6781.390000
6781.390000
6781.390000
6781.390000
6781.390000
6781.390000
6781.390000
6781.390000
6781.390000
6781.390000
6781.390000
6781.390000
6781.390000
6781.390000
6781.390000
6781.390000
6781.390000
6781.390000
6781.390000
6781.390000
6781.390000
6781.390000
6781.390000
6781.390000
6781.390000
6781.390000
6781.390000
6781.390000
6781.390000
6781.390000
6781.390000
6781.390000
6781.390000
6781.390000
6781.390000
6781.390000
6781.390000
6781.390000
6781.390000
6781.390000
6781.390000
6781.390000
6781.390000
6781.390000
6781.390000
6781.390000
6781.390000
6781.390000
485.963680
2109.730095
0.000000
0.000000
0.000000
0.000000
300.274126
2265.050002
6781.390000
6781.390000
6781.390000
6781.390000
6781.390000
6781.390000
6781.390000
6781.390000
6781.390000
6781.390000
6781.390000
6781.390000
6781.390000
6781.390000
6781.390000
6781.390000
6781.390000
6781.390000
6781.390000
6781.390000
6781.390000
6781.390000
6781.390000
6781.390000
6781.390000
6781.390000
6781.390000
6781.390000
6781.390000
6781.390000
6781.390000
6781.390000
6781.390000
6781.390000
6781.390000
6781.390000
6781.390000
6781.390000
6781.390000
6781.390000
6781.390000
6781.390000
4335.523597
2447.618760
0.000000
0.000000
0.000000
0.000000
5157.491033
5993.325045
6781.390000
6781.390000
6781.390000
6781.390000
6781.390000
6781.390000
6781.390000
6781.390000
6781.390000
6781.390000
6781.390000
6781.390000
6781.390000
6781.390000
6781.390000
6781.390000
6781.390000
6781.390000
6781.390000
6781.390000
6781.390000
6781.390000
6781.390000
6781.390000
6781.390000
6781.390000
6781.390000
6781.390000
6781.390000
6781.390000
6781.390000
6781.390000
6781.390000
6781.390000
6781.390000
6781.390000
6781.390000
6781.390000
6781.390000
6781.390000
3258.331569
1153.786407
0.000000
0.000000
0.000000
0.000000
0.000000
0.000000
3166.679831
3861.051058
6781.390000
6781.390000
6781.390000
6781.390000
6781.390000
6781.390000
6781.390000
6781.390000
6781.390000
6781.390000
6781.390000
6781.390000
6781.390000
6781.390000
6781.390000
6781.390000
6781.390000
6781.390000
6781.390000
6781.390000
6781.390000
6781.390000
6781.390000
6781.390000
6781.390000
6781.390000
6781.390000
6781.390000
6781.390000
6781.390000
6781.390000
6781.390000
6781.390000
6781.390000
6781.390000
6781.390000
0.000000
1242.883545
0.000000
0.000000
0.000000
0.000000
0.000000
0.000000
4280.867450
5216.623373
6781.390000
6781.390000
6781.390000
6781.390000
6781.390000
6781.390000
6781.390000
6781.390000
6781.390000
6781.390000
6781.390000
6781.390000
6781.390000
6781.390000
6781.390000
6781.390000
6781.390000
6781.390000
6781.390000
6781.390000
6781.390000
6781.390000
6781.390000
6781.390000
6781.390000
6781.390000
6781.390000
6781.390000
6781.390000
6781.390000
6781.390000
6781.390000
6781.390000
6781.390000
6781.390000
6781.390000
6781.390000
6781.390000
6781.390000
6781.390000
6781.390000
6781.390000
0.000000
0.000000
0.000000
0.000000
4269.980893
4957.597776
6781.390000
6781.390000
6781.390000
6781.390000
6781.390000
6781.390000
6781.390000
6781.390000
6781.390000
6781.390000
6781.390000
6781.390000
6781.390000
6781.390000
6781.390000
6781.390000
6781.390000
6781.390000
6781.390000
6781.390000
6781.390000
6781.390000
6781.390000
6781.390000
6781.390000
6781.390000
6781.390000
6781.390000
6781.390000
6781.390000
6781.390000
6781.390000
6781.390000
6781.390000
6781.390000
6781.390000
6781.390000
6781.390000
6781.390000
6781.390000
3121.462328
1033.115444
0.000000
0.000000
0.000000
0.000000
0.000000
0.000000
6781.390000
6781.390000
124.439643
1814.910355
3608.118669
6781.390000
6781.390000
6781.390000
6781.390000
6781.390000
6781.390000
6781.390000
6781.390000
6781.390000
6781.390000
6781.390000
6781.390000
6781.390000
6781.390000
6781.390000
6781.390000
6781.390000
6781.390000
6781.390000
6781.390000
6781.390000
6781.390000
6781.390000
6781.390000
6781.390000
6781.390000
6781.390000
6781.390000
6781.390000
6781.390000
6781.390000
6781.390000
6781.390000
0.000000
0.000000
0.000000
0.000000
0.000000
0.000000
0.000000
0.000000
0.000000
0.000000
6781.390000
6781.390000
6781.390000
6781.390000
6781.390000
6781.390000
6781.390000
6781.390000
6781.390000
6781.390000
6781.390000
6781.390000
6781.390000
6781.390000
6781.390000
6781.390000
6781.390000
6781.390000
6781.390000
6781.390000
6781.390000
6781.390000
6781.390000
6781.390000
6781.390000
6781.390000
6781.390000
6781.390000
6781.390000
6781.390000
6781.390000
6781.390000
6781.390000
6781.390000
6781.390000
6781.390000
6781.390000
6781.390000
0.000000
0.000000
0.000000
0.000000
0.000000
0.000000
0.000000
0.000000
0.000000
0.000000
3432.620891
3032.913669
0.000000
0.000000
3762.198821
6781.390000
6781.390000
6781.390000
6781.390000
6781.390000
6781.390000
6781.390000
6781.390000
6781.390000
6781.390000
6781.390000
6781.390000
6781.390000
6781.390000
6781.390000
6781.390000
6781.390000
6781.390000
6781.390000
6781.390000
6781.390000
6781.390000
6781.390000
6781.390000
6781.390000
6781.390000
6781.390000
6781.390000
6781.390000
6781.390000
6781.390000
6781.390000
6781.390000
0.000000
1592.322115
0.000000
0.000000
0.000000
0.000000
0.000000
0.000000
1956.649910
2434.772498
705.685003
1088.145388
932.054395
2434.674121
6781.390000
3569.758589
6781.390000
6781.390000
6781.390000
6781.390000
6781.390000
6781.390000
6781.390000
6781.390000
6781.390000
6781.390000
6781.390000
6781.390000
6781.390000
6781.390000
6781.390000
6781.390000
6781.390000
6781.390000
6781.390000
6781.390000
6781.390000
6781.390000
6781.390000
6781.390000
6781.390000
6781.390000
6781.390000
6781.390000
6781.390000
6781.390000
6781.390000
6781.390000
6781.390000
6781.390000
3687.726471
1804.523279
0.000000
0.000000
0.000000
0.000000
0.000000
0.000000
1037.241972
1848.789002
2063.917664
3804.574917
3410.821449
6781.390000
6781.390000
6781.390000
6781.390000
6781.390000
6781.390000
6781.390000
6781.390000
6781.390000
6781.390000
6781.390000
6781.390000
6781.390000
6781.390000
6781.390000
6781.390000
6781.390000
6781.390000
6781.390000
6781.390000
6781.390000
6781.390000
6781.390000
6781.390000
6781.390000
6781.390000
6781.390000
6781.390000
6781.390000
6781.390000
6781.390000
6781.390000
6781.390000
0.000000
0.000000
0.000000
0.000000
0.000000
0.000000
0.000000
0.000000
1349.175965
2004.093072
6781.390000
6781.390000
6781.390000
6781.390000
6781.390000
4959.417309
6781.390000
6781.390000
6781.390000
6781.390000
6781.390000
6781.390000
6781.390000
6781.390000
6781.390000
6781.390000
6781.390000
6781.390000
6781.390000
6781.390000
6781.390000
6781.390000
6781.390000
6781.390000
6781.390000
6781.390000
6781.390000
6781.390000
6781.390000
6781.390000
6781.390000
6781.390000
6781.390000
6781.390000
6781.390000
6781.390000
6781.390000
6781.390000
6781.390000
6781.390000
5980.960159
3825.046452
3885.191250
2072.048619
4006.018196
4110.650411
6781.390000
6781.390000
6781.390000
6781.390000
6781.390000
6781.390000
6781.390000
6781.390000
6781.390000
6781.390000
6781.390000
6781.390000
6781.390000
6781.390000
6781.390000
6781.390000
6781.390000
6781.390000
6781.390000
6781.390000
6781.390000
6781.390000
6781.390000
6781.390000
6781.390000
6781.390000
6781.390000
6781.390000
6781.390000
6781.390000
6781.390000
6781.390000
6781.390000
6781.390000
6781.390000
6781.390000
6781.390000
6781.390000
6781.390000
6781.390000
6781.390000
6781.390000
6781.390000
6781.390000
6781.390000
6781.390000
6781.390000
6781.390000
6781.390000
6781.390000
6781.390000
6781.390000
6781.390000
6781.390000
6781.390000
6781.390000
6781.390000
6781.390000
6781.390000
6781.390000
6781.390000
6781.390000
6781.390000
6781.390000
6781.390000
6781.390000
6781.390000
6781.390000
6781.390000
6781.390000
6781.390000
6781.390000
6781.390000
6781.390000
6781.390000
6781.390000
6781.390000
6781.390000
6781.390000
6781.390000
6781.390000
6781.390000
6781.390000
6781.390000
6781.390000
6781.390000
6781.390000
6781.390000
6781.390000
6781.390000
0.000000
1926.459898
744.261566
2887.158915
6107.082444
6781.390000
4105.577112
4225.198460
6781.390000
6781.390000
1785.620963
2202.855765
6781.390000
6781.390000
6781.390000
6781.390000
6781.390000
6781.390000
6781.390000
6781.390000
6781.390000
6781.390000
6781.390000
6781.390000
6781.390000
6781.390000
6781.390000
6781.390000
6781.390000
6781.390000
6781.390000
6781.390000
6781.390000
6781.390000
6781.390000
6781.390000
6781.390000
6781.390000
6781.390000
6781.390000
6781.390000
6781.390000
6781.390000
6781.390000
6781.390000
6781.390000
6781.390000
6781.390000
2720.190066
4975.089847
6781.390000
6781.390000
0.000000
1345.114090
6781.390000
6781.390000
6781.390000
6781.390000
6781.390000
6781.390000
6781.390000
6781.390000
6781.390000
6781.390000
6781.390000
6781.390000
6781.390000
6781.390000
6781.390000
6781.390000
6781.390000
6781.390000
6781.390000
6781.390000
6781.390000
6781.390000
6781.390000
6781.390000
6781.390000
6781.390000
6781.390000
6781.390000
6781.390000
6781.390000
6781.390000
6781.390000
6781.390000
6781.390000
6781.390000
6781.390000
6781.390000
6781.390000
6781.390000
6781.390000
6781.390000
6781.390000
5847.135753
3838.836344
550.860848
0.000000
618.678457
845.906293
6781.390000
6781.390000
5842.019916
6483.963764
6781.390000
6781.390000
6781.390000
6764.427469
6781.390000
6781.390000
6781.390000
6781.390000
6781.390000
6781.390000
6781.390000
6781.390000
6781.390000
6781.390000
6781.390000
6781.390000
6781.390000
6781.390000
6781.390000
6781.390000
6781.390000
6781.390000
6781.390000
6781.390000
6781.390000
6781.390000
6781.390000
6781.390000
6781.390000
6781.390000
6781.390000
6781.390000
6781.390000
6781.390000
6781.390000
6781.390000
6781.390000
6781.390000
6781.390000
6781.390000
2283.601329
567.807855
0.000000
0.000000
6781.390000
6781.390000
6781.390000
6781.390000
6781.390000
6781.390000
6781.390000
6781.390000
6781.390000
6781.390000
6781.390000
6781.390000
6781.390000
6781.390000
6781.390000
6781.390000
6781.390000
6781.390000
6781.390000
6781.390000
6781.390000
6781.390000
6781.390000
6781.390000
6781.390000
6781.390000
6781.390000
6781.390000
6781.390000
6781.390000
6781.390000
6781.390000
6781.390000
6781.390000
6781.390000
6781.390000
6781.390000
6781.390000
6781.390000
6781.390000
6781.390000
6781.390000
6781.390000
5920.095879
0.000000
0.000000
414.534500
525.301645
0.000000
0.000000
6781.390000
6781.390000
6781.390000
6781.390000
6781.390000
6781.390000
6781.390000
6781.390000
6781.390000
6781.390000
6781.390000
6781.390000
6781.390000
6781.390000
6781.390000
6781.390000
6781.390000
6781.390000
6781.390000
6781.390000
6781.390000
6781.390000
6781.390000
6781.390000
6781.390000
6781.390000
6781.390000
6781.390000
6781.390000
6781.390000
6781.390000
6781.390000
6781.390000
6781.390000
6781.390000
6781.390000
6781.390000
6781.390000
6781.390000
6781.390000
6781.390000
6781.390000
6781.390000
6781.390000
6781.390000
6781.390000
6781.390000
6781.390000
6781.390000
6781.390000
6781.390000
6781.390000
6781.390000
6781.390000
6781.390000
6781.390000
6781.390000
6781.390000
6781.390000
6781.390000
6781.390000
6781.390000
6781.390000
6781.390000
6781.390000
6781.390000
6781.390000
6781.390000
6781.390000
6781.390000
6781.390000
6781.390000
6781.390000
6781.390000
6781.390000
6781.390000
6781.390000
6781.390000
6781.390000
6781.390000
6781.390000
6781.390000
6781.390000
6781.390000
6781.390000
6781.390000
6781.390000
6781.390000
6781.390000
6781.390000
0.000000
0.000000
0.000000
0.000000
3651.004904
4407.800542
6781.390000
6781.390000
6781.390000
6781.390000
6781.390000
6781.390000
6781.390000
6781.390000
6781.390000
6781.390000
6781.390000
6781.390000
6781.390000
6781.390000
6781.390000
6781.390000
6781.390000
6781.390000
6781.390000
6781.390000
6781.390000
6781.390000
6781.390000
6781.390000
6781.390000
6781.390000
6781.390000
6781.390000
6781.390000
6781.390000
6781.390000
6781.390000
6781.390000
6781.390000
6781.390000
6781.390000
6781.390000
6781.390000
0.000000
0.000000
0.000000
0.000000
0.000000
0.000000
0.000000
0.000000
3906.399019
3890.108812
6781.390000
6781.390000
6781.390000
6781.390000
6781.390000
6781.390000
6781.390000
6781.390000
6781.390000
6781.390000
6781.390000
6781.390000
6781.390000
6781.390000
6781.390000
6781.390000
6781.390000
6781.390000
6781.390000
6781.390000
6781.390000
6781.390000
6781.390000
6781.390000
6781.390000
6781.390000
6781.390000
6781.390000
6781.390000
6781.390000
6781.390000
6781.390000
6781.390000
6781.390000
6781.390000
6781.390000
6781.390000
6781.390000
6781.390000
6781.390000
2860.082053
5171.358056
4969.530516
6781.390000
1934.625399
3669.127280
6781.390000
6781.390000
6781.390000
6781.390000
6781.390000
6781.390000
6781.390000
6781.390000
6781.390000
6781.390000
6781.390000
6781.390000
6781.390000
6781.390000
6781.390000
6781.390000
6781.390000
6781.390000
6781.390000
6781.390000
6781.390000
6781.390000
6781.390000
6781.390000
6781.390000
6781.390000
6781.390000
6781.390000
6781.390000
6781.390000
6781.390000
6781.390000
6781.390000
6781.390000
6781.390000
6781.390000
6781.390000
6781.390000
6781.390000
6781.390000
6781.390000
6781.390000
6781.390000
6781.390000
6781.390000
6781.390000
6781.390000
6781.390000
6781.390000
6781.390000
6781.390000
6781.390000
6781.390000
6781.390000
6781.390000
6781.390000
6781.390000
6781.390000
6781.390000
6781.390000
6781.390000
6781.390000
6781.390000
6781.390000
6781.390000
6781.390000
6781.390000
6781.390000
6781.390000
6781.390000
6781.390000
6781.390000
6781.390000
6781.390000
6781.390000
6781.390000
6781.390000
6781.390000
6781.390000
6781.390000
6781.390000
6781.390000
6781.390000
6781.390000
6781.390000
6781.390000
6781.390000
6781.390000
6781.390000
6781.390000
6781.390000
6781.390000
6781.390000
6781.390000
6781.390000
6781.390000
6781.390000
6781.390000
6781.390000
6781.390000
6781.390000
6781.390000
6781.390000
6781.390000
6781.390000
6781.390000
6781.390000
6781.390000
6781.390000
6781.390000
6781.390000
6781.390000
6781.390000
6781.390000
6781.390000
6781.390000
6781.390000
6781.390000
6781.390000
6781.390000
6781.390000
6781.390000
6781.390000
6781.390000
6781.390000
6781.390000
6781.390000
6781.390000
6781.390000
6781.390000
6781.390000
6781.390000
6781.390000
6781.390000
6781.390000
6781.390000
6781.390000
6781.390000
6781.390000
6781.390000
6781.390000
6781.390000
6781.390000
6781.390000
6781.390000
6781.390000
6781.390000
6781.390000
6781.390000
6781.390000
6781.390000
6781.390000
6781.390000
6781.390000
6781.390000
6781.390000
6781.390000
6781.390000
6781.390000
6781.390000
6781.390000
6781.390000
6781.390000
6781.390000
6781.390000
6781.390000
6781.390000
6781.390000
6781.390000
6781.390000
6781.390000
6781.390000
6781.390000
6781.390000
6781.390000
6781.390000
6781.390000
6781.390000
6781.390000
6781.390000
6781.390000
6781.390000
6781.390000
6781.390000
6781.390000
6781.390000
6781.390000
6781.390000
6781.390000
6781.390000
6781.390000
6781.390000
6781.390000
6781.390000
6781.390000
6781.390000
6781.390000
6781.390000
6781.390000
6781.390000
6781.390000
6781.390000
6781.390000
6781.390000
6781.390000
6781.390000
6781.390000
6781.390000
6781.390000
6781.390000
6781.390000
6781.390000
6781.390000
6781.390000
6781.390000
6781.390000
6781.390000
6781.390000
6781.390000
6781.390000
6781.390000
6781.390000
6781.390000
6781.390000
6781.390000
6781.390000
6781.390000
6781.390000
6781.390000
6781.390000
6781.390000
6781.390000
6781.390000
6781.390000
6781.390000
6781.390000
6781.390000
6781.390000
6781.390000
6781.390000
6781.390000
6781.390000
6781.390000
6781.390000
6781.390000
6781.390000
6781.390000
6781.390000
6781.390000
6781.390000
6781.390000
6781.390000
6781.390000
6781.390000
6781.390000
6781.390000
6781.390000
6781.390000
6781.390000
6781.390000
6781.390000
6781.390000
6781.390000
6781.390000
6781.390000
6781.390000
6781.390000
6781.390000
6781.390000
6781.390000
6781.390000
6781.390000
6781.390000
6781.390000
6781.390000
6781.390000
6781.390000
6781.390000
6781.390000
6781.390000
6781.390000
6781.390000
6781.390000
6781.390000
6781.390000
6781.390000
6781.390000
6781.390000
6781.390000
6781.390000
6781.390000
6781.390000
6781.390000
6781.390000
6781.390000
6781.390000
6781.390000
6781.390000
6781.390000
6781.390000
6781.390000
6781.390000
6781.390000
6781.390000
6781.390000
6781.390000
6781.390000
6781.390000
6781.390000
6781.390000
6781.390000
6781.390000
6781.390000
6781.390000
6781.390000
6781.390000
6781.390000
6781.390000
6781.390000
6781.390000
6781.390000
6781.390000
6781.390000
6781.390000
6781.390000
6781.390000
6781.390000
6781.390000
6781.390000
6781.390000
6781.390000
6781.390000
6781.390000
6781.390000
6781.390000
6781.390000
6781.390000
6781.390000
6781.390000
6781.390000
6781.390000
6781.390000
6781.390000
6781.390000
6781.390000
6781.390000
6781.390000
6781.390000
6781.390000
6781.390000
6781.390000
6781.390000
6781.390000
6781.390000
6781.390000
6781.390000
6781.390000
6781.390000
6781.390000
6781.390000
6781.390000
6781.390000
6781.390000
6781.390000
6781.390000
6781.390000
6781.390000
6781.390000
6781.390000
6781.390000
6781.390000
6781.390000
6781.390000
6781.390000
6781.390000
6781.390000
6781.390000
6781.390000
6781.390000
6781.390000
6781.390000
6781.390000
6781.390000
6781.390000
6781.390000
6781.390000
6781.390000
6781.390000
6781.390000
6781.390000
6781.390000
6781.390000
6781.390000
6781.390000
6781.390000
6781.390000
6781.390000
6781.390000
6781.390000
6781.390000
6781.390000
6781.390000
6781.390000
6781.390000
6781.390000
6781.390000
6781.390000
6781.390000
6781.390000
6781.390000
6781.390000
6781.390000
6781.390000
6781.390000
6781.390000
6781.390000
6781.390000
6781.390000
6781.390000
6781.390000
6781.390000
6781.390000
6781.390000
6781.390000
6781.390000
6781.390000
6781.390000
6781.390000
6781.390000
6781.390000
6781.390000
6781.390000
6781.390000
6781.390000
6781.390000
6781.390000
6781.390000
6781.390000
6781.390000
6781.390000
6781.390000
6781.390000
6781.390000
6781.390000
6781.390000
6781.390000
6781.390000
6781.390000
6781.390000
6781.390000
6781.390000
6781.390000
6781.390000
6781.390000
6781.390000
6781.390000
6781.390000
6781.390000
6781.390000
6781.390000
6781.390000
6781.390000
6781.390000
6781.390000
6781.390000
6781.390000
6781.390000
6781.390000
6781.390000
6781.390000
6781.390000
6781.390000
6781.390000
6781.390000
6781.390000
6781.390000
6781.390000
6781.390000
6781.390000
6781.390000
6781.390000
6781.390000
6781.390000
6781.390000
6781.390000
6781.390000
6781.390000
6781.390000
6781.390000
6781.390000
6781.390000
6781.390000
6781.390000
6781.390000
6781.390000
6781.390000
6781.390000
6781.390000
6781.390000
6781.390000
6781.390000
6781.390000
6781.390000
6781.390000
6781.390000
6781.390000
6781.390000
6781.390000
6781.390000
6781.390000
6781.390000
6781.390000
6781.390000
6781.390000
6781.390000
6781.390000
6781.390000
6781.390000
6781.390000
6781.390000
6781.390000
6781.390000
6781.390000
6781.390000
6781.390000
6781.390000
6781.390000
6781.390000
6781.390000
6781.390000
6781.390000
6781.390000
6781.390000
6781.390000
6781.390000
6781.390000
6781.390000
6781.390000
6781.390000
6781.390000
6781.390000
6781.390000
6781.390000
6781.390000
6781.390000
6781.390000
6781.390000
6781.390000
6781.390000
6781.390000
6781.390000
6781.390000
6781.390000
6781.390000
6781.390000
6781.390000
6781.390000
6781.390000
6781.390000
6781.390000
6781.390000
6781.390000
6781.390000
6781.390000
6781.390000
6781.390000
6781.390000
6781.390000
6781.390000
6781.390000
4057.630983
5996.647272
4324.935944
6409.827396
1289.768365
3277.711726
0.000000
0.000000
0.000000
0.000000
0.000000
0.000000
0.000000
6781.390000
6781.390000
6781.390000
6781.390000
6781.390000
6781.390000
6781.390000
6781.390000
6781.390000
6781.390000
6781.390000
6781.390000
6781.390000
6781.390000
6781.390000
6781.390000
6781.390000
6781.390000
6781.390000
6781.390000
6781.390000
6781.390000
6781.390000
6781.390000
6781.390000
6781.390000
6781.390000
6781.390000
6781.390000
6781.390000
6781.390000
6781.390000
6781.390000
6781.390000
6781.390000
4849.579930
6781.390000
6781.390000
6781.390000
6781.390000
6781.390000
6781.390000
6781.390000
6781.390000
6781.390000
6781.390000
6781.390000
6781.390000
0.000000
5046.416076
6781.390000
6781.390000
6781.390000
6781.390000
6781.390000
6781.390000
6781.390000
6781.390000
6781.390000
6781.390000
6781.390000
6781.390000
6781.390000
6781.390000
6781.390000
6781.390000
6781.390000
6781.390000
6781.390000
6781.390000
6781.390000
6781.390000
6781.390000
6781.390000
6781.390000
6781.390000
6781.390000
6781.390000
6781.390000
6781.390000
6781.390000
6781.390000
6781.390000
6781.390000
6781.390000
6781.390000
6781.390000
6781.390000
6781.390000
6781.390000
6781.390000
6781.390000
6781.390000
6781.390000
6781.390000
6781.390000
6781.390000
6781.390000
6781.390000
6781.390000
6781.390000
6781.390000
6781.390000
6781.390000
6781.390000
6781.390000
6781.390000
6781.390000
6781.390000
6781.390000
6781.390000
6781.390000
6781.390000
6781.390000
6781.390000
6781.390000
6781.390000
6781.390000
6781.390000
6781.390000
6781.390000
6781.390000
6781.390000
6781.390000
6781.390000
6781.390000
6781.390000
6781.390000
6781.390000
6781.390000
6781.390000
6781.390000
6781.390000
6781.390000
6781.390000
6781.390000
6781.390000
6781.390000
6781.390000
6781.390000
6781.390000
6781.390000
6781.390000
6781.390000
6781.390000
6781.390000
6781.390000
6781.390000
6781.390000
6781.390000
6781.390000
6781.390000
6781.390000
6781.390000
6781.390000
6781.390000
6781.390000
6781.390000
6781.390000
6781.390000
6781.390000
6781.390000
6781.390000
6781.390000
6781.390000
6781.390000
6781.390000
6781.390000
6781.390000
6781.390000
6781.390000
6781.390000
6781.390000
6781.390000
6781.390000
6781.390000
6781.390000
2681.229244
5432.590092
6781.390000
4840.132608
6781.390000
6164.223923
6781.390000
6781.390000
6781.390000
6781.390000
6781.390000
6781.390000
6781.390000
6781.390000
6781.390000
6781.390000
6781.390000
6781.390000
6781.390000
6781.390000
6781.390000
6781.390000
6781.390000
6781.390000
6781.390000
6781.390000
6781.390000
6781.390000
6781.390000
6781.390000
6781.390000
6781.390000
6781.390000
6781.390000
6781.390000
6781.390000
6781.390000
6781.390000
6781.390000
6781.390000
6781.390000
6781.390000
6781.390000
6781.390000
6781.390000
6781.390000
6781.390000
6781.390000
6781.390000
6781.390000
6781.390000
6781.390000
6781.390000
6781.390000
6781.390000
6781.390000
6781.390000
6781.390000
6781.390000
6781.390000
6781.390000
6781.390000
6781.390000
6781.390000
6781.390000
6781.390000
6781.390000
6781.390000
6781.390000
6781.390000
6781.390000
6781.390000
6781.390000
6781.390000
6781.390000
6781.390000
6781.390000
6781.390000
6781.390000
6781.390000
6781.390000
6781.390000
6781.390000
6781.390000
6781.390000
6781.390000
6781.390000
6781.390000
6781.390000
6781.390000
6781.390000
6781.390000
6781.390000
6781.390000
6781.390000
6781.390000
6781.390000
6781.390000
6781.390000
6781.390000
6781.390000
6781.390000
6781.390000
6781.390000
6781.390000
6781.390000
6781.390000
6781.390000
6781.390000
6781.390000
6781.390000
6781.390000
6781.390000
6781.390000
6781.390000
6781.390000
6781.390000
6781.390000
6781.390000
6781.390000
6781.390000
6781.390000
6781.390000
6781.390000
6781.390000
6781.390000
6781.390000
6781.390000
6781.390000
6781.390000
6781.390000
6781.390000
6781.390000
6781.390000
6781.390000
6781.390000
6781.390000
6781.390000
6781.390000
6781.390000
6781.390000
6781.390000
6781.390000
6781.390000
6781.390000
6781.390000
6781.390000
6781.390000
6781.390000
6781.390000
6781.390000
6781.390000
6781.390000
6781.390000
6781.390000
6781.390000
6781.390000
6781.390000
6781.390000
6781.390000
6781.390000
6781.390000
6781.390000
6781.390000
6781.390000
6781.390000
6781.390000
6781.390000
6781.390000
6781.390000
6781.390000
6781.390000
6781.390000
6781.390000
6781.390000
6781.390000
6781.390000
6781.390000
6781.390000
6781.390000
6781.390000
6781.390000
6781.390000
6781.390000
6781.390000
6781.390000
6781.390000
6781.390000
6781.390000
6781.390000
6781.390000
6781.390000
6781.390000
6781.390000
1171.231960
2979.341525
3250.579739
5600.980751
0.000000
0.000000
1610.202878
3652.527012
6781.390000
6781.390000
6781.390000
6781.390000
6781.390000
6781.390000
6781.390000
6781.390000
6781.390000
6781.390000
6781.390000
6781.390000
6781.390000
6781.390000
6781.390000
6781.390000
6781.390000
6781.390000
6781.390000
6781.390000
6781.390000
6781.390000
6781.390000
6781.390000
6781.390000
6781.390000
6781.390000
6781.390000
6781.390000
6781.390000
6781.390000
6781.390000
6781.390000
6781.390000
6781.390000
6781.390000
6781.390000
6781.390000
6781.390000
6781.390000
6781.390000
6781.390000
6781.390000
6781.390000
6781.390000
6781.390000
6781.390000
6781.390000
6781.390000
6781.390000
6781.390000
6781.390000
6781.390000
6781.390000
6781.390000
6781.390000
6781.390000
6781.390000
6781.390000
6781.390000
6781.390000
6781.390000
6781.390000
6781.390000
6781.390000
6781.390000
6781.390000
6781.390000
6781.390000
6781.390000
6781.390000
6781.390000
6781.390000
6781.390000
6781.390000
6781.390000
6781.390000
6781.390000
6781.390000
6781.390000
6781.390000
6781.390000
6781.390000
6781.390000
6781.390000
6781.390000
6781.390000
6781.390000
6118.229522
6781.390000
3955.528172
447.449281
0.000000
0.000000
0.000000
0.000000
6781.390000
6781.390000
2471.811340
2787.336426
6781.390000
6781.390000
6781.390000
6781.390000
6781.390000
6781.390000
6781.390000
6781.390000
6781.390000
6781.390000
6781.390000
6781.390000
6781.390000
6781.390000
6781.390000
6781.390000
6781.390000
6781.390000
6781.390000
6781.390000
6781.390000
6781.390000
6781.390000
6781.390000
6781.390000
6781.390000
6781.390000
6781.390000
6781.390000
6781.390000
6781.390000
6781.390000
6781.390000
6781.390000
6781.390000
6781.390000
6517.734622
6781.390000
6781.390000
6781.390000
6781.390000
6781.390000
6781.390000
6781.390000
6781.390000
6781.390000
6781.390000
6781.390000
6781.390000
6781.390000
6781.390000
6781.390000
6781.390000
6781.390000
6781.390000
6781.390000
6781.390000
6781.390000
6781.390000
6781.390000
6781.390000
6781.390000
6781.390000
6781.390000
6781.390000
6781.390000
6781.390000
6781.390000
6781.390000
6781.390000
6781.390000
6781.390000
6781.390000
6781.390000
6781.390000
6781.390000
6781.390000
6781.390000
6781.390000
6781.390000
6781.390000
6781.390000
6781.390000
6781.390000
6781.390000
6781.390000
6781.390000
6781.390000
6781.390000
6781.390000
6781.390000
6781.390000
6781.390000
6781.390000
6781.390000
6781.390000
6781.390000
6781.390000
6781.390000
6781.390000
6781.390000
6781.390000
6781.390000
6781.390000
6781.390000
6781.390000
6781.390000
6781.390000
6781.390000
6781.390000
6781.390000
6781.390000
6781.390000
6781.390000
6781.390000
6781.390000
6781.390000
6781.390000
6781.390000
6781.390000
6781.390000
6781.390000
6781.390000
6781.390000
6781.390000
6781.390000
6781.390000
6781.390000
6781.390000
6781.390000
6781.390000
6781.390000
6781.390000
6781.390000
6781.390000
6781.390000
6781.390000
6781.390000
6781.390000
6781.390000
6781.390000
6781.390000
6781.390000
6781.390000
6781.390000
6781.390000
6781.390000
6781.390000
6781.390000
6781.390000
6781.390000
6781.390000
6781.390000
6781.390000
6781.390000
6781.390000
6781.390000
6781.390000
6781.390000
6781.390000
6781.390000
6781.390000
6781.390000
6781.390000
6781.390000
6781.390000
6781.390000
6781.390000
6781.390000
6781.390000
6781.390000
6781.390000
6781.390000
6781.390000
6781.390000
6781.390000
6781.390000
6781.390000
6781.390000
6781.390000
6781.390000
6781.390000
6781.390000
6781.390000
6781.390000
6781.390000
6781.390000
6781.390000
6781.390000
6781.390000
6781.390000
6781.390000
6781.390000
6781.390000
6781.390000
6781.390000
6781.390000
6781.390000
6781.390000
6781.390000
6781.390000
6781.390000
6781.390000
6781.390000
6781.390000
6781.390000
6781.390000
6781.390000
6781.390000
6781.390000
6781.390000
6781.390000
6781.390000
6781.390000
6781.390000
6781.390000
6781.390000
6781.390000
6781.390000
6781.390000
6781.390000
6781.390000
6781.390000
6781.390000
6781.390000
6781.390000
6781.390000
6781.390000
1290.224934
2961.707977
3273.663627
5643.661436
0.000000
0.000000
1673.103178
3715.555648
6781.390000
6781.390000
6781.390000
6781.390000
6781.390000
6781.390000
6781.390000
6781.390000
6781.390000
6781.390000
6781.390000
6781.390000
6781.390000
6781.390000
6781.390000
6781.390000
6781.390000
6781.390000
6781.390000
6781.390000
6781.390000
6781.390000
6781.390000
6781.390000
6781.390000
6781.390000
6781.390000
6781.390000
6781.390000
6781.390000
6781.390000
6781.390000
6781.390000
6781.390000
6781.390000
6781.390000
6781.390000
6781.390000
6781.390000
6781.390000
6781.390000
6781.390000
6781.390000
6781.390000
6781.390000
6781.390000
6781.390000
6781.390000
6781.390000
6781.390000
6781.390000
6781.390000
6781.390000
6781.390000
6781.390000
6781.390000
6781.390000
6781.390000
6781.390000
6781.390000
6781.390000
6781.390000
6781.390000
6781.390000
6781.390000
6781.390000
6781.390000
6781.390000
6781.390000
6781.390000
6781.390000
6781.390000
6781.390000
6781.390000
6781.390000
6781.390000
6781.390000
6781.390000
6781.390000
6781.390000
6781.390000
6781.390000
6781.390000
6781.390000
6781.390000
6781.390000
0.000000
799.240097
0.000000
0.000000
0.000000
0.000000
0.000000
0.000000
0.000000
0.000000
0.000000
0.000000
0.000000
0.000000
0.000000
6781.390000
6781.390000
6781.390000
6781.390000
6781.390000
6781.390000
6781.390000
6781.390000
6781.390000
6781.390000
6781.390000
6781.390000
6781.390000
6781.390000
6781.390000
6781.390000
6781.390000
6781.390000
6781.390000
6781.390000
6781.390000
6781.390000
6781.390000
6781.390000
6781.390000
6781.390000
6781.390000
6781.390000
6781.390000
6781.390000
6781.390000
6781.390000
6781.390000
6781.390000
6781.390000
6781.390000
6781.390000
6781.390000
3893.532056
0.000000
0.000000
3521.526693
4216.317689
6781.390000
6781.390000
6781.390000
6781.390000
6781.390000
6781.390000
6781.390000
6781.390000
6781.390000
6781.390000
6781.390000
6781.390000
6781.390000
6781.390000
6781.390000
6781.390000
6781.390000
6781.390000
6781.390000
6781.390000
6781.390000
6781.390000
6781.390000
6781.390000
6781.390000
6781.390000
6781.390000
6781.390000
6781.390000
6781.390000
6781.390000
6781.390000
6781.390000
6781.390000
6781.390000
6781.390000
6781.390000
6781.390000
6781.390000
6781.390000
6781.390000
6781.390000
6781.390000
6781.390000
6781.390000
6781.390000
6781.390000
6781.390000
6781.390000
6781.390000
6781.390000
6781.390000
6781.390000
6781.390000
6781.390000
6781.390000
6781.390000
6781.390000
6781.390000
6781.390000
6781.390000
6781.390000
6781.390000
6781.390000
6781.390000
6781.390000
6781.390000
6781.390000
6781.390000
6781.390000
6781.390000
6781.390000
6781.390000
6781.390000
6781.390000
6781.390000
6781.390000
6781.390000
6781.390000
6781.390000
6781.390000
6781.390000
6781.390000
6781.390000
6781.390000
6781.390000
6781.390000
6781.390000
659.417102
2685.888873
0.000000
0.000000
0.000000
0.000000
0.000000
0.000000
4961.293147
5733.801445
6781.390000
6781.390000
6781.390000
6781.390000
6781.390000
6781.390000
6781.390000
6781.390000
6781.390000
6781.390000
6781.390000
6781.390000
6781.390000
6781.390000
6781.390000
6781.390000
6781.390000
6781.390000
6781.390000
6781.390000
6781.390000
6781.390000
6781.390000
6781.390000
6781.390000
6781.390000
6781.390000
6781.390000
6781.390000
6781.390000
6781.390000
6781.390000
6781.390000
6781.390000
6781.390000
6781.390000
6781.390000
6781.390000
6781.390000
6781.390000
6781.390000
6781.390000
6781.390000
6781.390000
6781.390000
6781.390000
6781.390000
6781.390000
6781.390000
6781.390000
6781.390000
6781.390000
6781.390000
6781.390000
6781.390000
6781.390000
6781.390000
6781.390000
6781.390000
6781.390000
6781.390000
6781.390000
6781.390000
6781.390000
6781.390000
6781.390000
6781.390000
6781.390000
6781.390000
6781.390000
6781.390000
6781.390000
6781.390000
6781.390000
6781.390000
6781.390000
6781.390000
6781.390000
6781.390000
6781.390000
6781.390000
6781.390000
6781.390000
6781.390000
6781.390000
6781.390000
6781.390000
6781.390000
6781.390000
6781.390000
6781.390000
6781.390000
6781.390000
6781.390000
6781.390000
6781.390000
6781.390000
6781.390000
6781.390000
6781.390000
6781.390000
6781.390000
6781.390000
6781.390000
6781.390000
6781.390000
6781.390000
6781.390000
6781.390000
6781.390000
6781.390000
6781.390000
6781.390000
6781.390000
6781.390000
6781.390000
6781.390000
6781.390000
6781.390000
6781.390000
6781.390000
6781.390000
6781.390000
6781.390000
6781.390000
6781.390000
6781.390000
6781.390000
6781.390000
6781.390000
6781.390000
6781.390000
6781.390000
6781.390000
6781.390000
6781.390000
6781.390000
6781.390000
6781.390000
6781.390000
6781.390000
6781.390000
6781.390000
6781.390000
6781.390000
6781.390000
6781.390000
6781.390000
6781.390000
6781.390000
6781.390000
6781.390000
6781.390000
6781.390000
6781.390000
6781.390000
6781.390000
6781.390000
6781.390000
6781.390000
6781.390000
6781.390000
6781.390000
6781.390000
6781.390000
6781.390000
6781.390000
6781.390000
6781.390000
6781.390000
6781.390000
6781.390000
6781.390000
6781.390000
6781.390000
6781.390000
6781.390000
6781.390000
6781.390000
6781.390000
6781.390000
6781.390000
6781.390000
6781.390000
6781.390000
6781.390000
6781.390000
6781.390000
6781.390000
6178.740360
0.000000
264.695773
3368.002140
3518.813298
4962.294046
1054.144493
6781.390000
6781.390000
6781.390000
6781.390000
6781.390000
6781.390000
6781.390000
6781.390000
6781.390000
6781.390000
6781.390000
6781.390000
6781.390000
6781.390000
6781.390000
6781.390000
6781.390000
6781.390000
6781.390000
6781.390000
6781.390000
6781.390000
6781.390000
6781.390000
6781.390000
6781.390000
6781.390000
6781.390000
6781.390000
6781.390000
6781.390000
6781.390000
3227.448741
2687.793281
0.000000
955.490427
0.000000
0.000000
0.000000
0.000000
0.000000
0.000000
3564.838010
4590.737903
5596.872314
6093.334855
6781.390000
6781.390000
6781.390000
6781.390000
6781.390000
6781.390000
6781.390000
6781.390000
6781.390000
6781.390000
6781.390000
6781.390000
6781.390000
6781.390000
6781.390000
6781.390000
6781.390000
6781.390000
6781.390000
6781.390000
6781.390000
6781.390000
6781.390000
6781.390000
6781.390000
6781.390000
6781.390000
6781.390000
6781.390000
6781.390000
6781.390000
6781.390000
6781.390000
6781.390000
6781.390000
6781.390000
6781.390000
6781.390000
6781.390000
6781.390000
6781.390000
6781.390000
6781.390000
6781.390000
6781.390000
6781.390000
6781.390000
6781.390000
6781.390000
6781.390000
6781.390000
6781.390000
6781.390000
6781.390000
6781.390000
6781.390000
6781.390000
6781.390000
6781.390000
6781.390000
6781.390000
6781.390000
6781.390000
6781.390000
6781.390000
6781.390000
6781.390000
6781.390000
6781.390000
6781.390000
6781.390000
6781.390000
6781.390000
6781.390000
6781.390000
6781.390000
6781.390000
6781.390000
6781.390000
6781.390000
6781.390000
6781.390000
6781.390000
6781.390000
6781.390000
6781.390000
6781.390000
6781.390000
6781.390000
6781.390000
6781.390000
6781.390000
6781.390000
6781.390000
6781.390000
6781.390000
6781.390000
6781.390000
6781.390000
6781.390000
6781.390000
6781.390000
6781.390000
6781.390000
6781.390000
6781.390000
6781.390000
6781.390000
6781.390000
6781.390000
6781.390000
6781.390000
6781.390000
6781.390000
6781.390000
6781.390000
6781.390000
6781.390000
6781.390000
6781.390000
6781.390000
6781.390000
6781.390000
6781.390000
6781.390000
6781.390000
6781.390000
6781.390000
6781.390000
6781.390000
6781.390000
6781.390000
6781.390000
6781.390000
6781.390000
6781.390000
6781.390000
6781.390000
6781.390000
6781.390000
6781.390000
6781.390000
6781.390000
6781.390000
6781.390000
6781.390000
6781.390000
6781.390000
6781.390000
6781.390000
6781.390000
6781.390000
6781.390000
6781.390000
6781.390000
6781.390000
6781.390000
6781.390000
6781.390000
6781.390000
6781.390000
6781.390000
6781.390000
6781.390000
6781.390000
6781.390000
6781.390000
6781.390000
6781.390000
6781.390000
6781.390000
6781.390000
6781.390000
6781.390000
6781.390000
6781.390000
6781.390000
6781.390000
6781.390000
6781.390000
6781.390000
6781.390000
6781.390000
6781.390000
655.673825
1800.228602
6781.390000
6781.390000
6781.390000
6781.390000
6781.390000
6781.390000
6781.390000
6781.390000
6781.390000
6781.390000
6781.390000
6781.390000
6781.390000
6781.390000
6781.390000
6781.390000
6781.390000
6781.390000
6781.390000
6781.390000
6781.390000
6781.390000
6781.390000
6781.390000
6781.390000
6781.390000
6781.390000
6781.390000
6781.390000
6781.390000
6781.390000
6781.390000
6781.390000
6781.390000
6781.390000
6781.390000
6781.390000
6781.390000
6781.390000
6781.390000
6781.390000
6781.390000
4729.806327
5153.591325
0.000000
659.993101
6781.390000
6781.390000
6781.390000
6781.390000
6781.390000
6781.390000
6781.390000
6781.390000
6781.390000
6781.390000
6781.390000
6781.390000
6781.390000
6781.390000
6781.390000
6781.390000
6781.390000
6781.390000
6781.390000
6781.390000
6781.390000
6781.390000
6781.390000
6781.390000
6781.390000
6781.390000
6781.390000
6781.390000
6781.390000
6781.390000
6781.390000
6781.390000
6781.390000
6781.390000
6781.390000
6781.390000
6781.390000
6781.390000
6781.390000
6781.390000
6781.390000
6781.390000
6781.390000
6781.390000
1204.741099
2437.825300
0.000000
0.000000
3278.522416
2383.560310
0.000000
0.000000
6691.100237
6781.390000
6781.390000
6781.390000
6781.390000
6781.390000
6781.390000
6781.390000
6781.390000
6781.390000
6781.390000
6781.390000
6781.390000
6781.390000
6781.390000
6781.390000
6781.390000
6781.390000
6781.390000
6781.390000
6781.390000
6781.390000
6781.390000
6781.390000
6781.390000
6781.390000
6781.390000
6781.390000
6781.390000
6781.390000
6781.390000
6781.390000
6781.390000
6781.390000
6781.390000
6781.390000
6781.390000
6781.390000
6781.390000
6781.390000
6781.390000
6781.390000
6781.390000
6781.390000
6781.390000
6781.390000
6781.390000
6781.390000
6781.390000
6781.390000
6781.390000
6781.390000
6781.390000
6781.390000
6781.390000
6781.390000
6781.390000
6781.390000
6781.390000
6781.390000
6781.390000
6781.390000
6781.390000
6781.390000
6781.390000
6781.390000
6781.390000
6781.390000
6781.390000
6781.390000
6781.390000
6781.390000
6781.390000
6781.390000
6781.390000
6781.390000
6781.390000
6781.390000
6781.390000
6781.390000
6781.390000
6781.390000
6781.390000
6781.390000
6781.390000
6781.390000
6781.390000
6781.390000
6781.390000
6781.390000
6781.390000
6781.390000
6781.390000
6781.390000
6781.390000
6781.390000
6781.390000
6781.390000
6781.390000
6781.390000
6781.390000
6781.390000
6781.390000
6781.390000
6781.390000
6781.390000
6781.390000
6781.390000
6781.390000
6781.390000
6781.390000
6781.390000
6781.390000
6781.390000
6781.390000
6781.390000
6781.390000
6781.390000
6781.390000
6781.390000
6781.390000
6781.390000
6781.390000
6781.390000
6781.390000
6781.390000
6781.390000
6781.390000
6781.390000
6781.390000
6781.390000
6781.390000
6781.390000
6781.390000
6781.390000
6781.390000
6781.390000
6781.390000
6781.390000
6781.390000
6781.390000
6781.390000
6781.390000
6781.390000
6781.390000
6781.390000
6781.390000
6781.390000
6781.390000
6781.390000
6781.390000
6781.390000
6781.390000
6781.390000
6781.390000
6781.390000
6781.390000
6781.390000
6781.390000
6781.390000
6781.390000
6781.390000
6781.390000
6781.390000
6781.390000
6781.390000
6781.390000
6781.390000
6781.390000
6781.390000
6781.390000
6781.390000
6781.390000
6781.390000
6781.390000
6781.390000
6781.390000
6781.390000
6781.390000
6781.390000
6781.390000
6781.390000
6781.390000
6781.390000
6781.390000
6781.390000
6781.390000
6781.390000
703.421850
0.000000
0.000000
0.000000
1496.493416
2240.223133
6781.390000
6781.390000
6781.390000
6781.390000
6781.390000
6781.390000
6781.390000
6781.390000
6781.390000
6781.390000
6781.390000
6781.390000
6781.390000
6781.390000
6781.390000
6781.390000
6781.390000
6781.390000
6781.390000
6781.390000
6781.390000
6781.390000
6781.390000
6781.390000
6781.390000
6781.390000
6781.390000
6781.390000
6781.390000
6781.390000
6781.390000
6781.390000
6781.390000
6781.390000
6781.390000
6781.390000
6781.390000
6781.390000
0.000000
0.000000
722.430186
1656.569861
0.000000
0.000000
6781.390000
6781.390000
6781.390000
6781.390000
1588.512894
1302.929929
6781.390000
6781.390000
6781.390000
6781.390000
6781.390000
6781.390000
6781.390000
6781.390000
6781.390000
6781.390000
6781.390000
6781.390000
6781.390000
6781.390000
6781.390000
6781.390000
6781.390000
6781.390000
6781.390000
6781.390000
6781.390000
6781.390000
6781.390000
6781.390000
6781.390000
6781.390000
6781.390000
6781.390000
6781.390000
6781.390000
6781.390000
6781.390000
6781.390000
6781.390000
6781.390000
6781.390000
1502.138574
2618.532625
5338.380482
6781.390000
6781.390000
6781.390000
6781.390000
6781.390000
6781.390000
6781.390000
6781.390000
6781.390000
6781.390000
6781.390000
6781.390000
6781.390000
6781.390000
6781.390000
6781.390000
6781.390000
6781.390000
6781.390000
6781.390000
6781.390000
6781.390000
6781.390000
6781.390000
6781.390000
6781.390000
6781.390000
6781.390000
6781.390000
6781.390000
6781.390000
6781.390000
6781.390000
6781.390000
6781.390000
6781.390000
6781.390000
6781.390000
6781.390000
6781.390000
6781.390000
6781.390000
6781.390000
6781.390000
6781.390000
6781.390000
6781.390000
6781.390000
6781.390000
6074.960350
4619.572678
2269.601917
2772.612565
6072.719356
6781.390000
6781.390000
6781.390000
6781.390000
6781.390000
6781.390000
6781.390000
6781.390000
6781.390000
6781.390000
6781.390000
6781.390000
6781.390000
6781.390000
6781.390000
6781.390000
6781.390000
6781.390000
6781.390000
6781.390000
6781.390000
6781.390000
6781.390000
6781.390000
6781.390000
6781.390000
6781.390000
6781.390000
6781.390000
6781.390000
6781.390000
6781.390000
6781.390000
6781.390000
6781.390000
6781.390000
6781.390000
6781.390000
6781.390000
6781.390000
6781.390000
6125.934909
1302.984497
0.000000
0.000000
0.000000
0.000000
2082.142629
3030.720980
5629.130097
6237.132037
6781.390000
6781.390000
6781.390000
6781.390000
6781.390000
6781.390000
6781.390000
6781.390000
6781.390000
6781.390000
6781.390000
6781.390000
6781.390000
6781.390000
6781.390000
6781.390000
6781.390000
6781.390000
6781.390000
6781.390000
6781.390000
6781.390000
6781.390000
6781.390000
6781.390000
6781.390000
6781.390000
6781.390000
6781.390000
6781.390000
6781.390000
6781.390000
6781.390000
6781.390000
6781.390000
6781.390000
6781.390000
6781.390000
199.258457
0.000000
0.000000
0.000000
0.000000
0.000000
103.294141
1056.793690
6781.390000
6781.390000
6781.390000
6781.390000
6781.390000
6781.390000
6781.390000
6781.390000
6781.390000
6781.390000
6781.390000
6781.390000
6781.390000
6781.390000
6781.390000
6781.390000
6781.390000
6781.390000
6781.390000
6781.390000
6781.390000
6781.390000
6781.390000
6781.390000
6781.390000
6781.390000
6781.390000
6781.390000
6781.390000
6781.390000
6781.390000
6781.390000
6781.390000
6781.390000
6781.390000
6781.390000
6781.390000
6781.390000
824.866954
2403.670772
0.000000
0.000000
0.000000
0.000000
0.000000
0.000000
0.000000
0.000000
0.000000
0.000000
0.000000
6781.390000
6781.390000
6781.390000
6781.390000
6781.390000
6781.390000
6781.390000
6781.390000
6781.390000
6781.390000
6781.390000
6781.390000
6781.390000
6781.390000
6781.390000
6781.390000
6781.390000
6781.390000
6781.390000
6781.390000
6781.390000
6781.390000
6781.390000
6781.390000
6781.390000
6781.390000
6781.390000
6781.390000
6781.390000
6781.390000
6781.390000
6781.390000
6781.390000
6781.390000
6781.390000
0.000000
0.000000
0.000000
0.000000
0.000000
0.000000
0.000000
0.000000
0.000000
0.000000
0.000000
0.000000
4604.413307
6781.390000
6781.390000
6781.390000
6781.390000
6781.390000
6781.390000
6781.390000
6781.390000
6781.390000
6781.390000
6781.390000
6781.390000
6781.390000
6781.390000
6781.390000
6781.390000
6781.390000
6781.390000
6781.390000
6781.390000
6781.390000
6781.390000
6781.390000
6781.390000
6781.390000
6781.390000
6781.390000
6781.390000
6781.390000
6781.390000
6781.390000
6781.390000
6781.390000
2069.689910
3132.251820
0.000000
0.000000
0.000000
0.000000
0.000000
0.000000
0.000000
0.000000
0.000000
0.000000
0.000000
0.000000
0.000000
6781.390000
6781.390000
6781.390000
6781.390000
6781.390000
6781.390000
6781.390000
6781.390000
6781.390000
6781.390000
6781.390000
6781.390000
6781.390000
6781.390000
6781.390000
6781.390000
6781.390000
6781.390000
6781.390000
6781.390000
6781.390000
6781.390000
6781.390000
6781.390000
6781.390000
6781.390000
6781.390000
6781.390000
6781.390000
6781.390000
6781.390000
6781.390000
6781.390000
6781.390000
6781.390000
0.000000
0.000000
0.000000
0.000000
0.000000
0.000000
6743.623477
6781.390000
6781.390000
6781.390000
6781.390000
6781.390000
6781.390000
6781.390000
6781.390000
6781.390000
6781.390000
6781.390000
6781.390000
6781.390000
6781.390000
6781.390000
6781.390000
6781.390000
6781.390000
6781.390000
6781.390000
6781.390000
6781.390000
6781.390000
6781.390000
6781.390000
6781.390000
6781.390000
6781.390000
6781.390000
6781.390000
6781.390000
6781.390000
6781.390000
6781.390000
6781.390000
6781.390000
6781.390000
6781.390000
6781.390000
6781.390000
6781.390000
6781.390000
6781.390000
4743.026237
868.928085
449.117023
0.000000
6781.390000
6781.390000
6781.390000
6781.390000
6781.390000
6781.390000
6781.390000
6781.390000
6781.390000
6781.390000
6781.390000
6781.390000
6781.390000
6781.390000
6781.390000
6781.390000
6781.390000
6781.390000
6781.390000
6781.390000
6781.390000
6781.390000
6781.390000
6781.390000
6781.390000
6781.390000
6781.390000
6781.390000
6781.390000
6781.390000
6781.390000
6781.390000
6781.390000
6781.390000
6781.390000
6781.390000
6781.390000
6781.390000
6781.390000
6781.390000
6781.390000
6781.390000
6781.390000
6781.390000
6781.390000
6781.390000
6781.390000
6781.390000
6781.390000
6781.390000
6781.390000
6781.390000
6781.390000
6781.390000
6781.390000
6781.390000
6781.390000
6781.390000
6781.390000
6781.390000
6781.390000
6781.390000
6781.390000
6781.390000
6781.390000
6781.390000
6781.390000
6781.390000
6781.390000
6781.390000
6781.390000
6781.390000
6781.390000
6781.390000
6781.390000
6781.390000
6781.390000
6781.390000
6781.390000
6781.390000
6781.390000
6781.390000
6781.390000
6781.390000
6781.390000
6781.390000
6781.390000
6781.390000
6781.390000
6781.390000
6781.390000
6781.390000
6781.390000
6781.390000
6781.390000
6781.390000
6781.390000
6781.390000
6781.390000
6781.390000
6781.390000
6781.390000
6781.390000
6781.390000
6781.390000
6781.390000
6781.390000
6781.390000
6781.390000
6781.390000
6781.390000
6781.390000
6781.390000
6781.390000
6781.390000
6781.390000
6781.390000
6781.390000
6781.390000
6781.390000
6781.390000
6781.390000
6781.390000
6781.390000
6781.390000
6781.390000
6781.390000
6781.390000
6781.390000
6781.390000
6781.390000
6781.390000
6781.390000
6781.390000
6781.390000
6781.390000
6781.390000
6781.390000
6781.390000
6781.390000
6781.390000
6781.390000
6781.390000
6781.390000
6781.390000
6781.390000
6781.390000
6781.390000
6781.390000
6781.390000
6781.390000
6781.390000
6781.390000
6781.390000
6781.390000
6781.390000
6781.390000
6781.390000
6781.390000
6781.390000
6781.390000
6781.390000
6781.390000
6781.390000
6781.390000
6781.390000
6781.390000
6781.390000
6781.390000
6781.390000
6781.390000
6781.390000
6781.390000
6781.390000
6781.390000
6781.390000
6781.390000
6781.390000
6781.390000
6781.390000
6781.390000
6781.390000
6781.390000
6781.390000
6781.390000
6781.390000
6781.390000
6781.390000
6781.390000
6781.390000
6781.390000
6781.390000
6781.390000
6781.390000
6781.390000
6781.390000
6781.390000
6781.390000
6781.390000
6781.390000
6781.390000
6781.390000
6781.390000
6781.390000
6781.390000
6781.390000
6781.390000
6781.390000
6781.390000
6781.390000
6781.390000
6781.390000
6781.390000
6781.390000
6781.390000
6781.390000
6781.390000
6781.390000
6781.390000
6781.390000
6781.390000
6781.390000
6781.390000
6781.390000
6781.390000
6781.390000
6781.390000
6781.390000
6781.390000
6781.390000
6781.390000
6781.390000
6781.390000
6781.390000
6781.390000
6781.390000
6781.390000
6781.390000
4200.642387
5783.916355
3246.849194
5078.963609
6781.390000
6781.390000
6781.390000
6781.390000
6781.390000
6781.390000
6781.390000
6781.390000
6781.390000
6781.390000
6781.390000
6781.390000
6781.390000
6781.390000
6781.390000
6781.390000
6781.390000
6781.390000
6781.390000
6781.390000
6781.390000
6781.390000
6781.390000
6781.390000
6781.390000
6781.390000
6781.390000
6781.390000
6781.390000
6781.390000
6781.390000
6781.390000
6781.390000
6781.390000
6781.390000
6781.390000
6781.390000
6781.390000
6781.390000
6781.390000
6781.390000
6781.390000
3142.471318
4745.524737
6781.390000
6781.390000
6622.749188
6781.390000
6781.390000
6781.390000
6781.390000
6781.390000
6781.390000
6781.390000
6781.390000
6781.390000
6781.390000
6781.390000
6781.390000
6781.390000
6781.390000
6781.390000
6781.390000
6781.390000
6781.390000
6781.390000
6781.390000
6781.390000
6781.390000
6781.390000
6781.390000
6781.390000
6781.390000
6781.390000
6781.390000
6781.390000
6781.390000
6781.390000
6781.390000
6781.390000
6781.390000
6781.390000
6781.390000
6781.390000
6781.390000
6781.390000
6781.390000
6781.390000
6781.390000
6781.390000
6781.390000
6781.390000
6781.390000
6781.390000
6781.390000
6781.390000
6781.390000
6781.390000
6781.390000
6781.390000
6781.390000
6781.390000
6781.390000
6781.390000
6781.390000
6781.390000
6781.390000
6781.390000
6781.390000
6781.390000
6781.390000
6781.390000
6781.390000
6781.390000
6781.390000
6781.390000
6781.390000
6781.390000
6781.390000
6781.390000
6781.390000
6781.390000
6781.390000
6781.390000
6781.390000
6781.390000
6781.390000
6781.390000
6781.390000
6781.390000
6781.390000
6781.390000
6781.390000
6781.390000
6781.390000
6781.390000
5218.135036
6646.561863
0.000000
0.000000
0.000000
0.000000
0.000000
0.000000
0.000000
0.000000
0.000000
0.000000
0.000000
6781.390000
6781.390000
6781.390000
6781.390000
6781.390000
6781.390000
6781.390000
6781.390000
6781.390000
6781.390000
6781.390000
6781.390000
6781.390000
6781.390000
6781.390000
6781.390000
6781.390000
6781.390000
6781.390000
6781.390000
6781.390000
6781.390000
6781.390000
6781.390000
6781.390000
6781.390000
6781.390000
6781.390000
6781.390000
6781.390000
6781.390000
6781.390000
6781.390000
6781.390000
6781.390000
6781.390000
6781.390000
6781.390000
6781.390000
6781.390000
6781.390000
6781.390000
6781.390000
6781.390000
6781.390000
6781.390000
6781.390000
6781.390000
6781.390000
6781.390000
6781.390000
6781.390000
6781.390000
6781.390000
6781.390000
6781.390000
6781.390000
6781.390000
6781.390000
6781.390000
6781.390000
6781.390000
6781.390000
6781.390000
6781.390000
6781.390000
6781.390000
6781.390000
6781.390000
6781.390000
6781.390000
6781.390000
6781.390000
6781.390000
6781.390000
6781.390000
6781.390000
6781.390000
6781.390000
6781.390000
6781.390000
6781.390000
6781.390000
6781.390000
6781.390000
6781.390000
6781.390000
6781.390000
6781.390000
6781.390000
6781.390000
6781.390000
6781.390000
6781.390000
6781.390000
6781.390000
6781.390000
6781.390000
6781.390000
6781.390000
6781.390000
6781.390000
6781.390000
6781.390000
6781.390000
6781.390000
6781.390000
6781.390000
6781.390000
6781.390000
6781.390000
6781.390000
6781.390000
6781.390000
6781.390000
6781.390000
6781.390000
6781.390000
6781.390000
6781.390000
6781.390000
6781.390000
6781.390000
6781.390000
6781.390000
6781.390000
6781.390000
6781.390000
6781.390000
6781.390000
6781.390000
6781.390000
6781.390000
6781.390000
6781.390000
6781.390000
6781.390000
6781.390000
6781.390000
6781.390000
6781.390000
6781.390000
6781.390000
6781.390000
6781.390000
6781.390000
6781.390000
6781.390000
6781.390000
6781.390000
6781.390000
6781.390000
6781.390000
6781.390000
6781.390000
6781.390000
6781.390000
6781.390000
6781.390000
6781.390000
6781.390000
6781.390000
6781.390000
6781.390000
6781.390000
6781.390000
6781.390000
6781.390000
6781.390000
6781.390000
6781.390000
6781.390000
6781.390000
6781.390000
6781.390000
6781.390000
6781.390000
6781.390000
6781.390000
6781.390000
6781.390000
6781.390000
6781.390000
6781.390000
6781.390000
6781.390000
6781.390000
6781.390000
6781.390000
6781.390000
6781.390000
6781.390000
6781.390000
6781.390000
6781.390000
6781.390000
6781.390000
6781.390000
6781.390000
6781.390000
6781.390000
6781.390000
6781.390000
6781.390000
6781.390000
6781.390000
6781.390000
6781.390000
6781.390000
6781.390000
6781.390000
6781.390000
6781.390000
6781.390000
6781.390000
6781.390000
6781.390000
6781.390000
6781.390000
6781.390000
6781.390000
6781.390000
6781.390000
6781.390000
6781.390000
6781.390000
6781.390000
6781.390000
6781.390000
6781.390000
6781.390000
6781.390000
6781.390000
6781.390000
6781.390000
6781.390000
6781.390000
6781.390000
6781.390000
6781.390000
6781.390000
6781.390000
6781.390000
6781.390000
6781.390000
6781.390000
6781.390000
6781.390000
6781.390000
6781.390000
6781.390000
6781.390000
6781.390000
6781.390000
6781.390000
6781.390000
6781.390000
6781.390000
6781.390000
6781.390000
6781.390000
6781.390000
6781.390000
6781.390000
6781.390000
6781.390000
6781.390000
6781.390000
6781.390000
6781.390000
6781.390000
6781.390000
6781.390000
6781.390000
6781.390000
6781.390000
6781.390000
6781.390000
6781.390000
6781.390000
6781.390000
6781.390000
6781.390000
6781.390000
6781.390000
6781.390000
6781.390000
6781.390000
6781.390000
6781.390000
6781.390000
6781.390000
6781.390000
6781.390000
6781.390000
6781.390000
6781.390000
6781.390000
6781.390000
6781.390000
6781.390000
6781.390000
6781.390000
6781.390000
6781.390000
6781.390000
6781.390000
6781.390000
6781.390000
6781.390000
6781.390000
6781.390000
6781.390000
6781.390000
6781.390000
6781.390000
6781.390000
6781.390000
6781.390000
6781.390000
6781.390000
6781.390000
6781.390000
6781.390000
6781.390000
6781.390000
6781.390000
6781.390000
6781.390000
6781.390000
6781.390000
6781.390000
6781.390000
6781.390000
6781.390000
6781.390000
6781.390000
6781.390000
6781.390000
6781.390000
6781.390000
6781.390000
6781.390000
6781.390000
6781.390000
6781.390000
6781.390000
6781.390000
6781.390000
6781.390000
6781.390000
6781.390000
6781.390000
6781.390000
6781.390000
6781.390000
6781.390000
6781.390000
6781.390000
6781.390000
6781.390000
6781.390000
6781.390000
6781.390000
6781.390000
6781.390000
6781.390000
6781.390000
6781.390000
6781.390000
6781.390000
6781.390000
6781.390000
6781.390000
6781.390000
6781.390000
6781.390000
6781.390000
6781.390000
6781.390000
6781.390000
6781.390000
6781.390000
6781.390000
6781.390000
6781.390000
6781.390000
6781.390000
6781.390000
6781.390000
6781.390000
6781.390000
6781.390000
6781.390000
6781.390000
6781.390000
6781.390000
6781.390000
6781.390000
6781.390000
6781.390000
6781.390000
6781.390000
6781.390000
6781.390000
6781.390000
6781.390000
6781.390000
6781.390000
6781.390000
6781.390000
6781.390000
6781.390000
6781.390000
6781.390000
6781.390000
6781.390000
6781.390000
6781.390000
6781.390000
6781.390000
6781.390000
6781.390000
6781.390000
6781.390000
6781.390000
6781.390000
6781.390000
6781.390000
6781.390000
6781.390000
6781.390000
6781.390000
6781.390000
6781.390000
6781.390000
6781.390000
6781.390000
6781.390000
6781.390000
6781.390000
6781.390000
6781.390000
6781.390000
6781.390000
6781.390000
6781.390000
6781.390000
6781.390000
6781.390000
6781.390000
6781.390000
6781.390000
6781.390000
6781.390000
6781.390000
6781.390000
6781.390000
6781.390000
6781.390000
6781.390000
6781.390000
6781.390000
6781.390000
6781.390000
6781.390000
6781.390000
6781.390000
6781.390000
6781.390000
6781.390000
6781.390000
6781.390000
6781.390000
6781.390000
6781.390000
6781.390000
6781.390000
6781.390000
6781.390000
6781.390000
6781.390000
6781.390000
6781.390000
6781.390000
6781.390000
6781.390000
6781.390000
6781.390000
6781.390000
6781.390000
6781.390000
6781.390000
6781.390000
6781.390000
6781.390000
6781.390000
6781.390000
6781.390000
6781.390000
6781.390000
6781.390000
6781.390000
6781.390000
6781.390000
6781.390000
6781.390000
6781.390000
6781.390000
6781.390000
6781.390000
6781.390000
6781.390000
6781.390000
6781.390000
6781.390000
6781.390000
6781.390000
6781.390000
6781.390000
6781.390000
6781.390000
6781.390000
6781.390000
6781.390000
6781.390000
6781.390000
6781.390000
6781.390000
6781.390000
6781.390000
6781.390000
6781.390000
6781.390000
6781.390000
6781.390000
6781.390000
6781.390000
6781.390000
6781.390000
6781.390000
6781.390000
6781.390000
6781.390000
6781.390000
6781.390000
6781.390000
6781.390000
6781.390000
6781.390000
6781.390000
6781.390000
6781.390000
6781.390000
6781.390000
6781.390000
6781.390000
6781.390000
6781.390000
6781.390000
6781.390000
6781.390000
6781.390000
6781.390000
6781.390000
6781.390000
6781.390000
6781.390000
6781.390000
6781.390000
6781.390000
6781.390000
6781.390000
6781.390000
6781.390000
6781.390000
6781.390000
6781.390000
6781.390000
6781.390000
6781.390000
6781.390000
6781.390000
6781.390000
6781.390000
6781.390000
6781.390000
6781.390000
6781.390000
6781.390000
6781.390000
6781.390000
6781.390000
6781.390000
6781.390000
6781.390000
6781.390000
6781.390000
6781.390000
6781.390000
6781.390000
6781.390000
6781.390000
6781.390000
6781.390000
6781.390000
6781.390000
6781.390000
6781.390000
6781.390000
6781.390000
6781.390000
6781.390000
6781.390000
6781.390000
6781.390000
6781.390000
6781.390000
6781.390000
6781.390000
6781.390000
6781.390000
6781.390000
6781.390000
6781.390000
6781.390000
6781.390000
6781.390000
6781.390000
6781.390000
6781.390000
6781.390000
6781.390000
6781.390000
6781.390000
6781.390000
6781.390000
6781.390000
6781.390000
6781.390000
6781.390000
6781.390000
6781.390000
6781.390000
6781.390000
6781.390000
6781.390000
6781.390000
6781.390000
6781.390000
6781.390000
6781.390000
6781.390000
6781.390000
6781.390000
6781.390000
6781.390000
6781.390000
6781.390000
6781.390000
6781.390000
4296.629211
0.000000
0.000000
0.000000
0.000000
0.000000
0.000000
0.000000
1547.492803
2112.048583
5916.199147
6781.390000
6781.390000
6781.390000
6781.390000
6781.390000
6781.390000
6781.390000
6781.390000
6781.390000
6781.390000
6781.390000
6781.390000
6781.390000
6781.390000
6781.390000
6781.390000
6781.390000
6781.390000
6781.390000
6781.390000
6781.390000
6781.390000
6781.390000
6781.390000
6781.390000
6781.390000
6781.390000
6781.390000
6781.390000
6781.390000
6781.390000
6781.390000
6781.390000
6781.390000
6781.390000
6781.390000
6781.390000
6781.390000
4872.788226
0.000000
0.000000
0.000000
0.000000
2291.698035
2980.625923
6781.390000
6781.390000
6781.390000
6781.390000
6781.390000
6781.390000
6781.390000
6781.390000
6781.390000
6781.390000
6781.390000
6781.390000
6781.390000
6781.390000
6781.390000
6781.390000
6781.390000
6781.390000
6781.390000
6781.390000
6781.390000
6781.390000
6781.390000
6781.390000
6781.390000
6781.390000
6781.390000
6781.390000
6781.390000
6781.390000
6781.390000
6781.390000
6781.390000
6781.390000
6781.390000
6781.390000
6781.390000
6781.390000
6781.390000
6781.390000
6781.390000
6781.390000
1108.632251
0.000000
63.402690
463.311790
2213.142529
2965.128268
6781.390000
6781.390000
6781.390000
6781.390000
6781.390000
6781.390000
6781.390000
6781.390000
6781.390000
6781.390000
6781.390000
6781.390000
6781.390000
6781.390000
6781.390000
6781.390000
6781.390000
6781.390000
6781.390000
6781.390000
6781.390000
6781.390000
6781.390000
6781.390000
6781.390000
6781.390000
6781.390000
6781.390000
6781.390000
6781.390000
6781.390000
6781.390000
6781.390000
6781.390000
6781.390000
6781.390000
6781.390000
6781.390000
6781.390000
6781.390000
6781.390000
6781.390000
6781.390000
6781.390000
6781.390000
6781.390000
6781.390000
6781.390000
6781.390000
6781.390000
6781.390000
6781.390000
6781.390000
6781.390000
6781.390000
6781.390000
6781.390000
6781.390000
6781.390000
6781.390000
6781.390000
6781.390000
6781.390000
6781.390000
6781.390000
6781.390000
6781.390000
6781.390000
6781.390000
6781.390000
6781.390000
6781.390000
6781.390000
6781.390000
6781.390000
6781.390000
6781.390000
6781.390000
6781.390000
6781.390000
6781.390000
6781.390000
6781.390000
6781.390000
6781.390000
6781.390000
6781.390000
6781.390000
6781.390000
6781.390000
6781.390000
6781.390000
6781.390000
6781.390000
6781.390000
6781.390000
6781.390000
6781.390000
6781.390000
6781.390000
6781.390000
6781.390000
6781.390000
6781.390000
6781.390000
6781.390000
6781.390000
6781.390000
6781.390000
6781.390000
6781.390000
6781.390000
6781.390000
6781.390000
6781.390000
6781.390000
6781.390000
6781.390000
6781.390000
6781.390000
6781.390000
6781.390000
6781.390000
6781.390000
6781.390000
6781.390000
6781.390000
6781.390000
6781.390000
6781.390000
6781.390000
6781.390000
6781.390000
6781.390000
6781.390000
6781.390000
776.752290
1806.997217
0.000000
0.000000
6781.390000
6781.390000
5426.777452
3886.362017
6781.390000
6781.390000
6781.390000
6781.390000
6781.390000
6781.390000
6781.390000
6781.390000
6781.390000
6781.390000
6781.390000
6781.390000
6781.390000
6781.390000
6781.390000
6781.390000
6781.390000
6781.390000
6781.390000
6781.390000
6781.390000
6781.390000
6781.390000
6781.390000
6781.390000
6781.390000
6781.390000
6781.390000
6781.390000
6781.390000
6781.390000
6781.390000
6781.390000
6781.390000
6781.390000
6781.390000
6781.390000
6781.390000
6781.390000
6781.390000
0.000000
0.000000
3127.484038
2905.428383
2947.190426
3991.704136
5200.669468
4877.178385
2723.066126
2534.055063
6781.390000
6781.390000
6781.390000
6781.390000
6781.390000
6781.390000
6781.390000
6781.390000
6781.390000
6781.390000
6781.390000
6781.390000
6781.390000
6781.390000
6781.390000
6781.390000
6781.390000
6781.390000
6781.390000
6781.390000
6781.390000
6781.390000
6781.390000
6781.390000
6781.390000
6781.390000
6781.390000
6781.390000
6781.390000
6781.390000
6781.390000
6781.390000
6781.390000
6781.390000
6781.390000
6781.390000
6781.390000
6781.390000
6781.390000
2948.661587
0.000000
0.000000
0.000000
0.000000
0.000000
337.443595
6781.390000
6781.390000
6781.390000
6781.390000
6781.390000
6781.390000
6781.390000
6781.390000
6781.390000
6781.390000
6781.390000
6781.390000
6781.390000
6781.390000
6781.390000
6781.390000
6781.390000
6781.390000
6781.390000
6781.390000
6781.390000
6781.390000
6781.390000
6781.390000
6781.390000
6781.390000
6781.390000
6781.390000
6781.390000
6781.390000
6781.390000
6781.390000
6781.390000
6781.390000
6781.390000
6781.390000
6781.390000
6781.390000
6781.390000
6781.390000
6781.390000
6781.390000
6781.390000
6781.390000
4125.435837
4368.110479
6781.390000
6781.390000
6781.390000
6781.390000
6781.390000
6781.390000
6781.390000
6781.390000
6781.390000
6781.390000
6781.390000
6781.390000
6781.390000
6781.390000
6781.390000
6781.390000
6781.390000
6781.390000
6781.390000
6781.390000
6781.390000
6781.390000
6781.390000
6781.390000
6781.390000
6781.390000
6781.390000
6781.390000
6781.390000
6781.390000
6781.390000
6781.390000
6781.390000
6781.390000
6781.390000
6781.390000
6781.390000
6781.390000
6781.390000
6781.390000
6781.390000
6781.390000
6781.390000
6781.390000
6781.390000
6781.390000
0.000000
0.000000
6227.399335
6754.869294
6536.254713
6781.390000
6781.390000
6781.390000
6781.390000
6781.390000
6781.390000
6781.390000
6781.390000
6781.390000
6781.390000
6781.390000
6781.390000
6781.390000
6781.390000
6781.390000
6781.390000
6781.390000
6781.390000
6781.390000
6781.390000
6781.390000
6781.390000
6781.390000
6781.390000
6781.390000
6781.390000
6781.390000
6781.390000
6781.390000
6781.390000
6781.390000
6781.390000
6781.390000
6781.390000
6781.390000
6781.390000
6781.390000
6781.390000
6781.390000
6781.390000
6781.390000
6781.390000
6781.390000
6781.390000
6781.390000
6781.390000
6781.390000
6781.390000
6781.390000
6781.390000
6781.390000
6781.390000
6781.390000
6781.390000
6781.390000
6781.390000
6781.390000
6781.390000
6781.390000
6781.390000
6781.390000
6781.390000
6781.390000
6781.390000
6781.390000
6781.390000
6781.390000
6781.390000
6781.390000
6781.390000
6781.390000
6781.390000
6781.390000
6781.390000
6781.390000
6781.390000
6781.390000
6781.390000
6781.390000
6781.390000
6781.390000
6781.390000
6781.390000
6781.390000
6781.390000
6781.390000
6781.390000
6781.390000
6781.390000
6781.390000
6781.390000
6781.390000
6781.390000
6781.390000
6781.390000
6781.390000
6781.390000
6781.390000
6781.390000
6781.390000
6781.390000
6781.390000
6781.390000
6781.390000
6781.390000
6781.390000
6781.390000
6781.390000
6781.390000
6781.390000
6781.390000
6781.390000
6781.390000
6781.390000
6781.390000
6781.390000
6781.390000
6781.390000
6781.390000
6781.390000
6781.390000
6781.390000
6781.390000
6781.390000
6781.390000
6781.390000
6781.390000
6781.390000
6781.390000
6781.390000
6781.390000
6781.390000
6781.390000
6781.390000
6781.390000
6781.390000
6781.390000
6781.390000
6781.390000
6781.390000
6781.390000
6781.390000
6781.390000
6781.390000
6781.390000
6781.390000
6781.390000
6781.390000
6781.390000
6781.390000
6781.390000
6781.390000
6781.390000
6781.390000
6781.390000
6781.390000
6781.390000
6781.390000
6781.390000
6781.390000
6781.390000
6781.390000
6781.390000
6781.390000
6781.390000
6781.390000
6781.390000
6781.390000
6781.390000
6781.390000
6781.390000
6781.390000
6781.390000
6781.390000
6781.390000
6781.390000
6781.390000
6781.390000
6781.390000
6781.390000
6781.390000
6781.390000
6781.390000
6781.390000
6781.390000
6781.390000
6781.390000
6781.390000
6781.390000
6781.390000
6781.390000
6781.390000
6781.390000
6781.390000
6781.390000
6781.390000
6781.390000
6781.390000
6781.390000
6781.390000
6781.390000
6781.390000
6781.390000
6781.390000
6781.390000
6781.390000
6781.390000
6781.390000
6781.390000
6781.390000
6781.390000
6781.390000
6781.390000
6781.390000
6781.390000
6781.390000
6781.390000
6781.390000
6781.390000
6781.390000
6781.390000
6781.390000
6781.390000
6781.390000
6781.390000
6781.390000
6781.390000
6781.390000
6781.390000
6781.390000
6781.390000
6781.390000
6781.390000
4915.512863
3214.024451
0.000000
0.000000
0.000000
0.000000
776.142582
1007.137088
6781.390000
6781.390000
6781.390000
6781.390000
6781.390000
6781.390000
6781.390000
6781.390000
6781.390000
6781.390000
6781.390000
6781.390000
6781.390000
6781.390000
6781.390000
6781.390000
6781.390000
6781.390000
6781.390000
6781.390000
6781.390000
6781.390000
6781.390000
6781.390000
6781.390000
6781.390000
6781.390000
6781.390000
6781.390000
6781.390000
6781.390000
6781.390000
6781.390000
6781.390000
6781.390000
6781.390000
6781.390000
6781.390000
5826.719727
886.355146
0.000000
0.000000
0.000000
0.000000
0.000000
0.000000
0.000000
0.000000
0.000000
0.000000
1628.449322
4860.756402
6781.390000
6781.390000
6781.390000
6781.390000
6781.390000
6781.390000
6781.390000
6781.390000
6781.390000
6781.390000
6781.390000
6781.390000
6781.390000
6781.390000
6781.390000
6781.390000
6781.390000
6781.390000
6781.390000
6781.390000
6781.390000
6781.390000
6781.390000
6781.390000
6781.390000
6781.390000
6781.390000
6781.390000
6781.390000
6781.390000
6781.390000
6781.390000
0.000000
1248.859432
0.000000
0.000000
0.000000
0.000000
0.000000
0.000000
0.000000
208.444851
2627.840991
3209.344413
6475.839593
4368.188932
6781.390000
6781.390000
6781.390000
6781.390000
6781.390000
6781.390000
6781.390000
6781.390000
6781.390000
6781.390000
6781.390000
6781.390000
6781.390000
6781.390000
6781.390000
6781.390000
6781.390000
6781.390000
6781.390000
6781.390000
6781.390000
6781.390000
6781.390000
6781.390000
6781.390000
6781.390000
6781.390000
6781.390000
6781.390000
6781.390000
6781.390000
6781.390000
6781.390000
6781.390000
6781.390000
6781.390000
6781.390000
5251.215557
0.000000
0.000000
0.000000
0.000000
0.000000
0.000000
0.000000
0.000000
5975.230735
6781.390000
6781.390000
6781.390000
6781.390000
6781.390000
6781.390000
6781.390000
6781.390000
6781.390000
6781.390000
6781.390000
6781.390000
6781.390000
6781.390000
6781.390000
6781.390000
6781.390000
6781.390000
6781.390000
6781.390000
6781.390000
6781.390000
6781.390000
6781.390000
6781.390000
6781.390000
6781.390000
6781.390000
6781.390000
6781.390000
6781.390000
6781.390000
6781.390000
6781.390000
6781.390000
6781.390000
6781.390000
6781.390000
6781.390000
6781.390000
6781.390000
6781.390000
6781.390000
6781.390000
6781.390000
6781.390000
6781.390000
6781.390000
6781.390000
6781.390000
6781.390000
6781.390000
6781.390000
6781.390000
6781.390000
6781.390000
6781.390000
6781.390000
6781.390000
6781.390000
6781.390000
6781.390000
6781.390000
6781.390000
6781.390000
6781.390000
6781.390000
6781.390000
6781.390000
6781.390000
6781.390000
6781.390000
6781.390000
6781.390000
6781.390000
6781.390000
6781.390000
6781.390000
6781.390000
6781.390000
6781.390000
1011.348540
2639.655964
0.000000
0.000000
0.000000
0.000000
0.000000
0.000000
0.000000
0.000000
0.000000
0.000000
0.000000
0.000000
5405.962534
6781.390000
6781.390000
6781.390000
6781.390000
6781.390000
6781.390000
6781.390000
6781.390000
6781.390000
6781.390000
6781.390000
6781.390000
6781.390000
6781.390000
6781.390000
6781.390000
6781.390000
6781.390000
6781.390000
6781.390000
6781.390000
6781.390000
6781.390000
6781.390000
6781.390000
6781.390000
6781.390000
6781.390000
6781.390000
6781.390000
6781.390000
6781.390000
6781.390000
6781.390000
6781.390000
6781.390000
6781.390000
6781.390000
5483.126815
6781.390000
6531.789702
4983.915715
5182.446958
6781.390000
6781.390000
6781.390000
6781.390000
6781.390000
6781.390000
6781.390000
6781.390000
6781.390000
6781.390000
6781.390000
6781.390000
6781.390000
6781.390000
6781.390000
6781.390000
6781.390000
6781.390000
6781.390000
6781.390000
6781.390000
6781.390000
6781.390000
6781.390000
6781.390000
6781.390000
6781.390000
6781.390000
6781.390000
6781.390000
6781.390000
6781.390000
6781.390000
6781.390000
6781.390000
6781.390000
6781.390000
6781.390000
6781.390000
6781.390000
6781.390000
6781.390000
6781.390000
1533.449035
0.000000
0.000000
0.000000
0.000000
0.000000
0.000000
0.000000
0.000000
2720.942886
5923.156996
6781.390000
6781.390000
6781.390000
6781.390000
6781.390000
6781.390000
6781.390000
6781.390000
6781.390000
6781.390000
6781.390000
6781.390000
6781.390000
6781.390000
6781.390000
6781.390000
6781.390000
6781.390000
6781.390000
6781.390000
6781.390000
6781.390000
6781.390000
6781.390000
6781.390000
6781.390000
6781.390000
6781.390000
6781.390000
6781.390000
6781.390000
6781.390000
6781.390000
6781.390000
6781.390000
6781.390000
6781.390000
6781.390000
6781.390000
6781.390000
6781.390000
6781.390000
6781.390000
6781.390000
6781.390000
6781.390000
6781.390000
2863.018556
6781.390000
6781.390000
6781.390000
6781.390000
6781.390000
6781.390000
6781.390000
6781.390000
6781.390000
6781.390000
6781.390000
6781.390000
6781.390000
6781.390000
6781.390000
6781.390000
6781.390000
6781.390000
6781.390000
6781.390000
6781.390000
6781.390000
6781.390000
6781.390000
6781.390000
6781.390000
6781.390000
6781.390000
6781.390000
6781.390000
6781.390000
6781.390000
6781.390000
6781.390000
6781.390000
6781.390000
6461.812406
956.282671
0.000000
0.000000
0.000000
0.000000
6781.390000
6781.390000
6781.390000
6781.390000
6781.390000
6781.390000
6781.390000
6781.390000
6781.390000
6781.390000
6781.390000
6781.390000
6781.390000
6781.390000
6781.390000
6781.390000
6781.390000
6781.390000
6781.390000
6781.390000
6781.390000
6781.390000
6781.390000
6781.390000
6781.390000
6781.390000
6781.390000
6781.390000
6781.390000
6781.390000
6781.390000
6781.390000
6781.390000
6781.390000
6781.390000
6781.390000
6781.390000
6781.390000
6781.390000
6781.390000
6781.390000
6781.390000
6781.390000
6781.390000
6781.390000
6781.390000
2413.922872
2783.932186
6335.525116
6781.390000
6781.390000
6781.390000
6781.390000
6781.390000
6781.390000
6781.390000
6781.390000
6781.390000
6781.390000
6781.390000
6781.390000
6781.390000
6781.390000
6781.390000
6781.390000
6781.390000
6781.390000
6781.390000
6781.390000
6781.390000
6781.390000
6781.390000
6781.390000
6781.390000
6781.390000
6781.390000
6781.390000
6781.390000
6781.390000
6781.390000
6781.390000
6781.390000
6781.390000
6781.390000
6781.390000
6781.390000
6781.390000
6781.390000
6781.390000
6781.390000
6781.390000
6781.390000
3919.566137
5157.707237
4425.168563
6174.924227
6781.390000
6781.390000
6781.390000
6781.390000
6781.390000
6781.390000
6781.390000
6781.390000
6781.390000
6781.390000
6781.390000
6781.390000
6781.390000
6781.390000
6781.390000
6781.390000
6781.390000
6781.390000
6781.390000
6781.390000
6781.390000
6781.390000
6781.390000
6781.390000
6781.390000
6781.390000
6781.390000
6781.390000
6781.390000
6781.390000
6781.390000
6781.390000
6781.390000
6781.390000
6781.390000
6781.390000
6781.390000
6781.390000
6781.390000
6781.390000
0.000000
0.000000
0.000000
1138.962821
6781.390000
6781.390000
6458.734443
6781.390000
6781.390000
6781.390000
6781.390000
6781.390000
6781.390000
6781.390000
6781.390000
6781.390000
6781.390000
6781.390000
6781.390000
6781.390000
6781.390000
6781.390000
6781.390000
6781.390000
6781.390000
6781.390000
6781.390000
6781.390000
6781.390000
6781.390000
6781.390000
6781.390000
6781.390000
6781.390000
6781.390000
6781.390000
6781.390000
6781.390000
6781.390000
6781.390000
6781.390000
6781.390000
6781.390000
6781.390000
6781.390000
6781.390000
6781.390000
6781.390000
6781.390000
6781.390000
6781.390000
6781.390000
6781.390000
6781.390000
6781.390000
6781.390000
6781.390000
6781.390000
6781.390000
6781.390000
6781.390000
6781.390000
6781.390000
6781.390000
6781.390000
6781.390000
6781.390000
6781.390000
6781.390000
6781.390000
6781.390000
6781.390000
6781.390000
6781.390000
6781.390000
6781.390000
6781.390000
6781.390000
6781.390000
6781.390000
6781.390000
6781.390000
6781.390000
6781.390000
6781.390000
6781.390000
6781.390000
6781.390000
6781.390000
6781.390000
6781.390000
6781.390000
6781.390000
6781.390000
6781.390000
6781.390000
6781.390000
6781.390000
6781.390000
6781.390000
6781.390000
6781.390000
6781.390000
6781.390000
6781.390000
6781.390000
6781.390000
6781.390000
6781.390000
6781.390000
6781.390000
6781.390000
6781.390000
6781.390000
6781.390000
6781.390000
6781.390000
6781.390000
6781.390000
6781.390000
6781.390000
6781.390000
6781.390000
6781.390000
6781.390000
6781.390000
6781.390000
6781.390000
6781.390000
6781.390000
6781.390000
6781.390000
6781.390000
6781.390000
6781.390000
6781.390000
6781.390000
6781.390000
6781.390000
6781.390000
6781.390000
6781.390000
6781.390000
6781.390000
6781.390000
6781.390000
6781.390000
6781.390000
6781.390000
6781.390000
6781.390000
6781.390000
6781.390000
6781.390000
6781.390000
6781.390000
6781.390000
6781.390000
6781.390000
6781.390000
6781.390000
6781.390000
6781.390000
6781.390000
6781.390000
6781.390000
6781.390000
6781.390000
6781.390000
6781.390000
6781.390000
6781.390000
6781.390000
6781.390000
6781.390000
6781.390000
6781.390000
6781.390000
6781.390000
6781.390000
6781.390000
6781.390000
6781.390000
6781.390000
6781.390000
6781.390000
6781.390000
6781.390000
6781.390000
6781.390000
6781.390000
6781.390000
6781.390000
6781.390000
6781.390000
6781.390000
6781.390000
6781.390000
0.000000
0.000000
2364.576368
2791.979107
6316.382954
6619.852050
6781.390000
6781.390000
6781.390000
6781.390000
6781.390000
6781.390000
6781.390000
6781.390000
6781.390000
6781.390000
6781.390000
6781.390000
6781.390000
6781.390000
6781.390000
6781.390000
6781.390000
6781.390000
6781.390000
6781.390000
6781.390000
6781.390000
6781.390000
6781.390000
6781.390000
6781.390000
6781.390000
6781.390000
6781.390000
6781.390000
6781.390000
6781.390000
6781.390000
6781.390000
6781.390000
6781.390000
6781.390000
6781.390000
6781.390000
6781.390000
3718.089572
1056.541248
0.000000
0.000000
6781.390000
6781.390000
6781.390000
6781.390000
6781.390000
6781.390000
6781.390000
6781.390000
6781.390000
6781.390000
6781.390000
6781.390000
6781.390000
6781.390000
6781.390000
6781.390000
6781.390000
6781.390000
6781.390000
6781.390000
6781.390000
6781.390000
6781.390000
6781.390000
6781.390000
6781.390000
6781.390000
6781.390000
6781.390000
6781.390000
6781.390000
6781.390000
6781.390000
6781.390000
6781.390000
6781.390000
6781.390000
6781.390000
6781.390000
6781.390000
6781.390000
6781.390000
6781.390000
6781.390000
6781.390000
6781.390000
6781.390000
6781.390000
6781.390000
6781.390000
6781.390000
6781.390000
6781.390000
6781.390000
6781.390000
6781.390000
6781.390000
6781.390000
6781.390000
6781.390000
6781.390000
6781.390000
6781.390000
6781.390000
6781.390000
6781.390000
6781.390000
6781.390000
6781.390000
6781.390000
6781.390000
6781.390000
6781.390000
6781.390000
6781.390000
6781.390000
6781.390000
6781.390000
6781.390000
6781.390000
6781.390000
6781.390000
6781.390000
6781.390000
6781.390000
6781.390000
6781.390000
6781.390000
6781.390000
6781.390000
6781.390000
6781.390000
4028.480281
4834.117189
1859.600806
3565.832668
6781.390000
6781.390000
6781.390000
6781.390000
6781.390000
6781.390000
6781.390000
6781.390000
6781.390000
6781.390000
6781.390000
6781.390000
6781.390000
6781.390000
6781.390000
6781.390000
6781.390000
6781.390000
6781.390000
6781.390000
6781.390000
6781.390000
6781.390000
6781.390000
6781.390000
6781.390000
6781.390000
6781.390000
6781.390000
6781.390000
6781.390000
6781.390000
6781.390000
6781.390000
6781.390000
6781.390000
6781.390000
6781.390000
6781.390000
6781.390000
6781.390000
6781.390000
6781.390000
6781.390000
4670.052048
2674.297527
6781.390000
6781.390000
6781.390000
6781.390000
6781.390000
6781.390000
6781.390000
6781.390000
6781.390000
6781.390000
6781.390000
6781.390000
6781.390000
6781.390000
6781.390000
6781.390000
6781.390000
6781.390000
6781.390000
6781.390000
6781.390000
6781.390000
6781.390000
6781.390000
6781.390000
6781.390000
6781.390000
6781.390000
6781.390000
6781.390000
6781.390000
6781.390000
6781.390000
6781.390000
6781.390000
6781.390000
6781.390000
6781.390000
6781.390000
6781.390000
6781.390000
6781.390000
6781.390000
6781.390000
6781.390000
6781.390000
6781.390000
6781.390000
6781.390000
6781.390000
6781.390000
6781.390000
6781.390000
6781.390000
6781.390000
6781.390000
6781.390000
6781.390000
6781.390000
6781.390000
6781.390000
6781.390000
6781.390000
6781.390000
6781.390000
6781.390000
6781.390000
6781.390000
6781.390000
6781.390000
6781.390000
6781.390000
6781.390000
6781.390000
6781.390000
6781.390000
6781.390000
6781.390000
6781.390000
6781.390000
6781.390000
6781.390000
6781.390000
6781.390000
6781.390000
6781.390000
6781.390000
6781.390000
6781.390000
6781.390000
6781.390000
6781.390000
6781.390000
2572.412622
0.000000
0.000000
0.000000
0.000000
0.000000
0.000000
1435.123867
1703.352112
0.000000
6781.390000
6781.390000
6781.390000
6781.390000
6781.390000
6781.390000
6781.390000
6781.390000
6781.390000
6781.390000
6781.390000
6781.390000
6781.390000
6781.390000
6781.390000
6781.390000
6781.390000
6781.390000
6781.390000
6781.390000
6781.390000
6781.390000
6781.390000
6781.390000
6781.390000
6781.390000
6781.390000
6781.390000
6781.390000
6781.390000
6781.390000
6781.390000
6781.390000
6781.390000
6781.390000
6781.390000
6781.390000
6781.390000
6781.390000
796.480830
0.000000
0.000000
0.000000
0.000000
0.000000
6781.390000
6781.390000
6781.390000
6781.390000
6781.390000
6781.390000
6781.390000
6781.390000
6781.390000
6781.390000
6781.390000
6781.390000
6781.390000
6781.390000
6781.390000
6781.390000
6781.390000
6781.390000
6781.390000
6781.390000
6781.390000
6781.390000
6781.390000
6781.390000
6781.390000
6781.390000
6781.390000
6781.390000
6781.390000
6781.390000
6781.390000
6781.390000
6781.390000
6781.390000
6781.390000
6781.390000
6781.390000
6781.390000
6781.390000
6781.390000
6781.390000
6781.390000
6551.926832
5114.771626
6781.390000
6781.390000
6781.390000
6781.390000
6781.390000
6781.390000
6781.390000
6781.390000
6781.390000
6781.390000
6781.390000
6781.390000
6781.390000
6781.390000
6781.390000
6781.390000
6781.390000
6781.390000
6781.390000
6781.390000
6781.390000
6781.390000
6781.390000
6781.390000
6781.390000
6781.390000
6781.390000
6781.390000
6781.390000
6781.390000
6781.390000
6781.390000
6781.390000
6781.390000
6781.390000
6781.390000
6781.390000
6781.390000
6781.390000
6781.390000
6781.390000
6781.390000
6781.390000
6781.390000
6781.390000
6781.390000
6781.390000
6781.390000
6781.390000
6781.390000
6781.390000
6781.390000
6781.390000
6781.390000
6781.390000
6781.390000
6781.390000
6781.390000
6781.390000
6781.390000
6781.390000
6781.390000
6781.390000
6781.390000
6781.390000
6781.390000
6781.390000
6781.390000
6781.390000
6781.390000
6781.390000
6781.390000
6781.390000
6781.390000
6781.390000
6781.390000
6781.390000
6781.390000
6781.390000
6781.390000
6781.390000
6781.390000
6781.390000
6781.390000
6781.390000
6781.390000
6781.390000
6781.390000
6781.390000
6781.390000
6781.390000
6781.390000
2613.908045
3197.632021
5806.608754
5830.966528
1791.598087
3139.485656
3024.640988
1872.905996
2714.018741
2163.270495
6781.390000
6781.390000
6781.390000
6781.390000
6781.390000
6781.390000
6781.390000
6781.390000
6781.390000
6781.390000
6781.390000
6781.390000
6781.390000
6781.390000
6781.390000
6781.390000
6781.390000
6781.390000
6781.390000
6781.390000
6781.390000
6781.390000
6781.390000
6781.390000
6781.390000
6781.390000
6781.390000
6781.390000
6781.390000
6781.390000
6781.390000
6781.390000
6781.390000
6781.390000
6781.390000
6781.390000
6781.390000
6781.390000
6781.390000
6781.390000
6781.390000
6781.390000
6781.390000
6781.390000
6781.390000
6781.390000
6781.390000
6781.390000
6781.390000
6781.390000
6781.390000
6781.390000
6781.390000
6781.390000
6781.390000
6781.390000
6781.390000
6781.390000
6781.390000
6781.390000
6781.390000
6781.390000
6781.390000
6781.390000
6781.390000
6781.390000
6781.390000
6781.390000
6781.390000
6781.390000
6781.390000
6781.390000
6781.390000
6781.390000
6781.390000
6781.390000
6781.390000
6781.390000
6781.390000
6781.390000
6781.390000
6781.390000
6781.390000
6781.390000
6781.390000
6781.390000
6781.390000
4014.097071
0.000000
0.000000
0.000000
0.000000
6624.516810
6781.390000
0.000000
48.021909
6781.390000
6781.390000
6781.390000
6781.390000
6781.390000
6781.390000
6781.390000
6781.390000
6781.390000
6781.390000
6781.390000
6781.390000
6781.390000
6781.390000
6781.390000
6781.390000
6781.390000
6781.390000
6781.390000
6781.390000
6781.390000
6781.390000
6781.390000
6781.390000
6781.390000
6781.390000
6781.390000
6781.390000
6781.390000
6781.390000
6781.390000
6781.390000
6781.390000
6781.390000
6781.390000
6781.390000
6781.390000
6781.390000
6781.390000
2984.648512
2215.021725
47.592125
2462.167039
2525.163090
6781.390000
6781.390000
6781.390000
6781.390000
6781.390000
6781.390000
6781.390000
6781.390000
6781.390000
6781.390000
6781.390000
6781.390000
6781.390000
6781.390000
6781.390000
6781.390000
6781.390000
6781.390000
6781.390000
6781.390000
6781.390000
6781.390000
6781.390000
6781.390000
6781.390000
6781.390000
6781.390000
6781.390000
6781.390000
6781.390000
6781.390000
6781.390000
6781.390000
6781.390000
6781.390000
6781.390000
6781.390000
6781.390000
6781.390000
6781.390000
6781.390000
6781.390000
6781.390000
6781.390000
6781.390000
6781.390000
6781.390000
6781.390000
6781.390000
6781.390000
6781.390000
6781.390000
6781.390000
6781.390000
6781.390000
6781.390000
6781.390000
6781.390000
6781.390000
6781.390000
6781.390000
6781.390000
6781.390000
6781.390000
6781.390000
6781.390000
6781.390000
6781.390000
6781.390000
6781.390000
6781.390000
6781.390000
6781.390000
6781.390000
6781.390000
6781.390000
6781.390000
6781.390000
6781.390000
6781.390000
6781.390000
6781.390000
6781.390000
6781.390000
6781.390000
6781.390000
6781.390000
6781.390000
6781.390000
6781.390000
4922.941471
0.000000
2201.022191
127.477265
3404.723355
3521.770998
2707.698138
3304.816588
5585.489177
5721.388482
6781.390000
6781.390000
6781.390000
6781.390000
6781.390000
6781.390000
6781.390000
6781.390000
6781.390000
6781.390000
6781.390000
6781.390000
6781.390000
6781.390000
6781.390000
6781.390000
6781.390000
6781.390000
6781.390000
6781.390000
6781.390000
6781.390000
6781.390000
6781.390000
6781.390000
6781.390000
6781.390000
6781.390000
6781.390000
6781.390000
6781.390000
6781.390000
6781.390000
6781.390000
6781.390000
6781.390000
0.000000
0.000000
0.000000
0.000000
0.000000
0.000000
48.793434
1803.020279
4509.285674
3714.727760
6781.390000
6781.390000
6781.390000
6781.390000
6781.390000
6781.390000
6781.390000
6781.390000
6781.390000
6781.390000
6781.390000
6781.390000
6781.390000
6781.390000
6781.390000
6781.390000
6781.390000
6781.390000
6781.390000
6781.390000
6781.390000
6781.390000
6781.390000
6781.390000
6781.390000
6781.390000
6781.390000
6781.390000
6781.390000
6781.390000
6781.390000
6781.390000
6781.390000
6781.390000
6781.390000
6781.390000
2502.531835
4228.590496
0.000000
0.000000
0.000000
0.000000
0.000000
0.000000
0.000000
0.000000
0.000000
0.000000
0.000000
0.000000
0.000000
6781.390000
6781.390000
6781.390000
6781.390000
6781.390000
6781.390000
6781.390000
6781.390000
6781.390000
6781.390000
6781.390000
6781.390000
6781.390000
6781.390000
6781.390000
6781.390000
6781.390000
6781.390000
6781.390000
6781.390000
6781.390000
6781.390000
6781.390000
6781.390000
6781.390000
6781.390000
6781.390000
6781.390000
6781.390000
6781.390000
6781.390000
6781.390000
6781.390000
6781.390000
6781.390000
6781.390000
6781.390000
6781.390000
6781.390000
6781.390000
4639.355275
195.036845
461.469206
6781.390000
6781.390000
6781.390000
6781.390000
6781.390000
6781.390000
6781.390000
6781.390000
6781.390000
6781.390000
6781.390000
6781.390000
6781.390000
6781.390000
6781.390000
6781.390000
6781.390000
6781.390000
6781.390000
6781.390000
6781.390000
6781.390000
6781.390000
6781.390000
6781.390000
6781.390000
6781.390000
6781.390000
6781.390000
6781.390000
6781.390000
6781.390000
6781.390000
6781.390000
6781.390000
6781.390000
6781.390000
6781.390000
6781.390000
6781.390000
6781.390000
6781.390000
6781.390000
6781.390000
6781.390000
6781.390000
6781.390000
6781.390000
6781.390000
6781.390000
6781.390000
6781.390000
6781.390000
6781.390000
6781.390000
6781.390000
6781.390000
6781.390000
6781.390000
6781.390000
6781.390000
6781.390000
6781.390000
6781.390000
6781.390000
6781.390000
6781.390000
6781.390000
6781.390000
6781.390000
6781.390000
6781.390000
6781.390000
6781.390000
6781.390000
6781.390000
6781.390000
6781.390000
6781.390000
6781.390000
6781.390000
6781.390000
6781.390000
6781.390000
6781.390000
6781.390000
6781.390000
6781.390000
6781.390000
6781.390000
6781.390000
5918.063616
6781.390000
5676.135721
6781.390000
6781.390000
6781.390000
6781.390000
6781.390000
6781.390000
6781.390000
6781.390000
6781.390000
6781.390000
6781.390000
6781.390000
6781.390000
6781.390000
6781.390000
6781.390000
6781.390000
6781.390000
6781.390000
6781.390000
6781.390000
6781.390000
6781.390000
6781.390000
6781.390000
6781.390000
6781.390000
6781.390000
6781.390000
6781.390000
6781.390000
6781.390000
6781.390000
6781.390000
6781.390000
6781.390000
6781.390000
6781.390000
6781.390000
6781.390000
6781.390000
6781.390000
6781.390000
6781.390000
6781.390000
6781.390000
6781.390000
6781.390000
6781.390000
6781.390000
6781.390000
6781.390000
6781.390000
6781.390000
6781.390000
6781.390000
6781.390000
6781.390000
6781.390000
6781.390000
6781.390000
6781.390000
6781.390000
6781.390000
6781.390000
6781.390000
6781.390000
6781.390000
6781.390000
6781.390000
6781.390000
6781.390000
6781.390000
6781.390000
6781.390000
6781.390000
6781.390000
6781.390000
6781.390000
6781.390000
6781.390000
6781.390000
6781.390000
6781.390000
6781.390000
6781.390000
6781.390000
6781.390000
6781.390000
6781.390000
6781.390000
6781.390000
6781.390000
6781.390000
6781.390000
6233.269133
6781.390000
6781.390000
6781.390000
6781.390000
6781.390000
6781.390000
6781.390000
6781.390000
6781.390000
6781.390000
6781.390000
6781.390000
6781.390000
6781.390000
6781.390000
6781.390000
6781.390000
6781.390000
6781.390000
6781.390000
6781.390000
6781.390000
6781.390000
6781.390000
6781.390000
6781.390000
6781.390000
6781.390000
6781.390000
6781.390000
6781.390000
6781.390000
6781.390000
6781.390000
6781.390000
6781.390000
6781.390000
6781.390000
6781.390000
6781.390000
6781.390000
6781.390000
0.000000
557.739884
620.513853
551.443984
3979.061645
4777.554760
0.000000
0.000000
0.000000
0.000000
306.688054
0.000000
5908.112629
6781.390000
6781.390000
6781.390000
6781.390000
6781.390000
6781.390000
6781.390000
6781.390000
6781.390000
6781.390000
6781.390000
6781.390000
6781.390000
6781.390000
6781.390000
6781.390000
6781.390000
6781.390000
6781.390000
6781.390000
6781.390000
6781.390000
6781.390000
6781.390000
6781.390000
6781.390000
6781.390000
6781.390000
6781.390000
6781.390000
6781.390000
6781.390000
6781.390000
6781.390000
6781.390000
6627.090965
6781.390000
6781.390000
6781.390000
577.680592
1384.441164
1171.888445
2763.171522
3708.401361
2849.740118
4122.265595
3838.619906
6781.390000
6781.390000
6781.390000
6781.390000
6781.390000
6781.390000
6781.390000
6781.390000
6781.390000
6781.390000
6781.390000
6781.390000
6781.390000
6781.390000
6781.390000
6781.390000
6781.390000
6781.390000
6781.390000
6781.390000
6781.390000
6781.390000
6781.390000
6781.390000
6781.390000
6781.390000
6781.390000
6781.390000
6781.390000
6781.390000
6781.390000
6781.390000
6781.390000
6781.390000
6781.390000
6781.390000
6781.390000
6781.390000
6781.390000
3966.272597
5299.441958
2555.635522
0.000000
0.000000
2984.400700
3108.398140
0.000000
0.000000
0.000000
466.651052
6781.390000
6781.390000
6781.390000
6781.390000
6781.390000
6781.390000
6781.390000
6781.390000
6781.390000
6781.390000
6781.390000
6781.390000
6781.390000
6781.390000
6781.390000
6781.390000
6781.390000
6781.390000
6781.390000
6781.390000
6781.390000
6781.390000
6781.390000
6781.390000
6781.390000
6781.390000
6781.390000
6781.390000
6781.390000
6781.390000
6781.390000
6781.390000
6781.390000
6781.390000
6781.390000
6781.390000
6781.390000
6642.892714
2745.553854
0.000000
0.000000
0.000000
0.000000
0.000000
0.000000
0.000000
0.000000
0.000000
0.000000
0.000000
6781.390000
6781.390000
6781.390000
6781.390000
6781.390000
6781.390000
6781.390000
6781.390000
6781.390000
6781.390000
6781.390000
6781.390000
6781.390000
6781.390000
6781.390000
6781.390000
6781.390000
6781.390000
6781.390000
6781.390000
6781.390000
6781.390000
6781.390000
6781.390000
6781.390000
6781.390000
6781.390000
6781.390000
6781.390000
6781.390000
6781.390000
6781.390000
6781.390000
6781.390000
6781.390000
6781.390000
6781.390000
6781.390000
6781.390000
6781.390000
6781.390000
6781.390000
6781.390000
6781.390000
0.000000
0.000000
0.000000
0.000000
6781.390000
6781.390000
6781.390000
6781.390000
6781.390000
6781.390000
6781.390000
6781.390000
6781.390000
6781.390000
6781.390000
6781.390000
6781.390000
6781.390000
6781.390000
6781.390000
6781.390000
6781.390000
6781.390000
6781.390000
6781.390000
6781.390000
6781.390000
6781.390000
6781.390000
6781.390000
6781.390000
6781.390000
6781.390000
6781.390000
6781.390000
6781.390000
6781.390000
6781.390000
6781.390000
6781.390000
6781.390000
6781.390000
6167.972498
6480.237712
5308.615950
5877.353595
0.000000
0.000000
0.000000
4989.920131
6781.390000
6781.390000
6781.390000
6781.390000
6781.390000
6781.390000
6781.390000
6781.390000
6781.390000
6781.390000
6781.390000
6781.390000
6781.390000
6781.390000
6781.390000
6781.390000
6781.390000
6781.390000
6781.390000
6781.390000
6781.390000
6781.390000
6781.390000
6781.390000
6781.390000
6781.390000
6781.390000
6781.390000
6781.390000
6781.390000
6781.390000
6781.390000
6781.390000
6781.390000
6781.390000
6781.390000
6781.390000
2129.106160
2787.804599
649.949228
1232.767864
1394.814017
0.000000
0.000000
0.000000
0.000000
788.133056
0.000000
4923.502436
6781.390000
6781.390000
6781.390000
6781.390000
6781.390000
6781.390000
6781.390000
6781.390000
6781.390000
6781.390000
6781.390000
6781.390000
6781.390000
6781.390000
6781.390000
6781.390000
6781.390000
6781.390000
6781.390000
6781.390000
6781.390000
6781.390000
6781.390000
6781.390000
6781.390000
6781.390000
6781.390000
6781.390000
6781.390000
6781.390000
6781.390000
5213.914818
6389.466354
0.000000
0.000000
0.000000
0.000000
0.000000
0.000000
0.000000
0.000000
816.122680
0.000000
1137.870032
734.425751
6781.390000
6781.390000
6781.390000
6781.390000
6781.390000
6781.390000
6781.390000
6781.390000
6781.390000
6781.390000
6781.390000
6781.390000
6781.390000
6781.390000
6781.390000
6781.390000
6781.390000
6781.390000
6781.390000
6781.390000
6781.390000
6781.390000
6781.390000
6781.390000
6781.390000
6781.390000
6781.390000
6781.390000
6781.390000
6781.390000
6781.390000
6781.390000
6781.390000
6781.390000
6781.390000
6781.390000
6781.390000
6781.390000
3458.701315
4889.220330
6781.390000
6781.390000
6781.390000
6781.390000
6781.390000
6781.390000
6781.390000
6781.390000
6781.390000
6781.390000
6781.390000
6781.390000
6781.390000
6781.390000
6781.390000
6781.390000
6781.390000
6781.390000
6781.390000
6781.390000
6781.390000
6781.390000
6781.390000
6781.390000
6781.390000
6781.390000
6781.390000
6781.390000
6781.390000
6781.390000
6781.390000
6781.390000
6781.390000
6781.390000
6781.390000
6781.390000
6781.390000
6781.390000
6781.390000
6781.390000
6781.390000
6781.390000
6781.390000
6781.390000
6781.390000
6781.390000
6781.390000
4341.505101
3192.189877
1648.600015
0.000000
0.000000
0.000000
0.000000
2521.878764
3102.626547
6781.390000
6781.390000
6781.390000
6781.390000
6781.390000
6781.390000
6781.390000
6781.390000
6781.390000
6781.390000
6781.390000
6781.390000
6781.390000
6781.390000
6781.390000
6781.390000
6781.390000
6781.390000
6781.390000
6781.390000
6781.390000
6781.390000
6781.390000
6781.390000
6781.390000
6781.390000
6781.390000
6781.390000
6781.390000
6781.390000
6781.390000
6781.390000
6781.390000
6781.390000
6781.390000
6781.390000
6781.390000
6781.390000
6781.390000
6781.390000
3801.819926
1574.945653
0.000000
0.000000
0.000000
0.000000
0.000000
0.000000
4238.387232
6781.390000
6781.390000
6781.390000
6781.390000
6781.390000
6781.390000
6781.390000
6781.390000
6781.390000
6781.390000
6781.390000
6781.390000
6781.390000
6781.390000
6781.390000
6781.390000
6781.390000
6781.390000
6781.390000
6781.390000
6781.390000
6781.390000
6781.390000
6781.390000
6781.390000
6781.390000
6781.390000
6781.390000
6781.390000
6781.390000
6781.390000
6781.390000
6781.390000
6781.390000
6781.390000
6781.390000
6781.390000
6781.390000
6781.390000
6781.390000
6781.390000
6781.390000
6781.390000
6781.390000
6781.390000
6781.390000
6781.390000
6781.390000
6781.390000
6781.390000
6781.390000
6781.390000
6781.390000
6781.390000
6781.390000
6781.390000
6781.390000
6781.390000
6781.390000
6781.390000
6781.390000
6781.390000
6781.390000
6781.390000
6781.390000
6781.390000
6781.390000
6781.390000
6781.390000
6781.390000
6781.390000
6781.390000
6781.390000
6781.390000
6781.390000
6781.390000
6781.390000
6781.390000
6781.390000
6781.390000
6781.390000
6781.390000
6781.390000
6781.390000
6781.390000
6601.632880
0.000000
0.000000
0.000000
0.000000
0.000000
0.000000
0.000000
0.000000
0.000000
0.000000
0.000000
0.000000
0.000000
6781.390000
6781.390000
6781.390000
6781.390000
6781.390000
6781.390000
6781.390000
6781.390000
6781.390000
6781.390000
6781.390000
6781.390000
6781.390000
6781.390000
6781.390000
6781.390000
6781.390000
6781.390000
6781.390000
6781.390000
6781.390000
6781.390000
6781.390000
6781.390000
6781.390000
6781.390000
6781.390000
6781.390000
6781.390000
6781.390000
6781.390000
6781.390000
0.000000
2188.520522
0.000000
0.000000
0.000000
0.000000
0.000000
0.000000
0.000000
29.643988
0.000000
0.000000
0.000000
3873.402380
6781.390000
6781.390000
6781.390000
6781.390000
6781.390000
6781.390000
6781.390000
6781.390000
6781.390000
6781.390000
6781.390000
6781.390000
6781.390000
6781.390000
6781.390000
6781.390000
6781.390000
6781.390000
6781.390000
6781.390000
6781.390000
6781.390000
6781.390000
6781.390000
6781.390000
6781.390000
6781.390000
6781.390000
6781.390000
6781.390000
6781.390000
6781.390000
6781.390000
6781.390000
6781.390000
6781.390000
6781.390000
6781.390000
6781.390000
6781.390000
6781.390000
6781.390000
6781.390000
6781.390000
6781.390000
6781.390000
6781.390000
6781.390000
6781.390000
6781.390000
6781.390000
6781.390000
6781.390000
6781.390000
6781.390000
6781.390000
6781.390000
6781.390000
6781.390000
6781.390000
6781.390000
6781.390000
6781.390000
6781.390000
6781.390000
6781.390000
6781.390000
6781.390000
6781.390000
6781.390000
6781.390000
6781.390000
6781.390000
6781.390000
6781.390000
6781.390000
6781.390000
6781.390000
6781.390000
6781.390000
6781.390000
6781.390000
6781.390000
6781.390000
1.987515
1000.203660
0.000000
0.000000
0.000000
0.000000
0.000000
0.000000
0.000000
0.000000
0.000000
496.470363
5845.274783
6088.642917
6781.390000
6781.390000
6781.390000
6781.390000
6781.390000
6781.390000
6781.390000
6781.390000
6781.390000
6781.390000
6781.390000
6781.390000
6781.390000
6781.390000
6781.390000
6781.390000
6781.390000
6781.390000
6781.390000
6781.390000
6781.390000
6781.390000
6781.390000
6781.390000
6781.390000
6781.390000
6781.390000
6781.390000
6781.390000
6781.390000
6781.390000
6781.390000
6781.390000
6781.390000
6781.390000
5637.692077
0.000000
0.000000
0.000000
0.000000
0.000000
0.000000
0.000000
0.000000
1909.605055
5074.050856
6781.390000
6781.390000
6781.390000
6781.390000
6781.390000
6781.390000
6781.390000
6781.390000
6781.390000
6781.390000
6781.390000
6781.390000
6781.390000
6781.390000
6781.390000
6781.390000
6781.390000
6781.390000
6781.390000
6781.390000
6781.390000
6781.390000
6781.390000
6781.390000
6781.390000
6781.390000
6781.390000
6781.390000
6781.390000
6781.390000
6781.390000
6781.390000
3118.064141
6699.270479
0.000000
0.000000
0.000000
0.000000
0.000000
0.000000
0.000000
0.000000
0.000000
0.000000
0.000000
0.000000
0.000000
1569.335355
6781.390000
6781.390000
6781.390000
6781.390000
6781.390000
6781.390000
6781.390000
6781.390000
6781.390000
6781.390000
6781.390000
6781.390000
6781.390000
6781.390000
6781.390000
6781.390000
6781.390000
6781.390000
6781.390000
6781.390000
6781.390000
6781.390000
6781.390000
6781.390000
6781.390000
6781.390000
6781.390000
6781.390000
6781.390000
6781.390000
6781.390000
6781.390000
6781.390000
6781.390000
6781.390000
6781.390000
6781.390000
2135.703680
0.000000
0.000000
0.000000
0.000000
0.000000
0.000000
0.000000
0.000000
410.799253
0.000000
0.000000
0.000000
6781.390000
6781.390000
6781.390000
6781.390000
6781.390000
6781.390000
6781.390000
6781.390000
6781.390000
6781.390000
6781.390000
6781.390000
6781.390000
6781.390000
6781.390000
6781.390000
6781.390000
6781.390000
6781.390000
6781.390000
6781.390000
6781.390000
6781.390000
6781.390000
6781.390000
6781.390000
6781.390000
6781.390000
6781.390000
6781.390000
6781.390000
6781.390000
6781.390000
6781.390000
6781.390000
6781.390000
2887.411313
1024.386341
2455.135072
2914.637696
1495.249736
2290.437535
6781.390000
6781.390000
6781.390000
6781.390000
6781.390000
6781.390000
6781.390000
6781.390000
6781.390000
6781.390000
6781.390000
6781.390000
6781.390000
6781.390000
6781.390000
6781.390000
6781.390000
6781.390000
6781.390000
6781.390000
6781.390000
6781.390000
6781.390000
6781.390000
6781.390000
6781.390000
6781.390000
6781.390000
6781.390000
6781.390000
6781.390000
6781.390000
6781.390000
6781.390000
6781.390000
6781.390000
6781.390000
6781.390000
6781.390000
6781.390000
6781.390000
6781.390000
6781.390000
6781.390000
942.211987
1378.053095
0.000000
152.052742
1095.323109
1473.972296
5607.044681
6691.749520
6781.390000
6781.390000
6781.390000
6781.390000
6781.390000
6781.390000
6781.390000
6781.390000
6781.390000
6781.390000
6781.390000
6781.390000
6781.390000
6781.390000
6781.390000
6781.390000
6781.390000
6781.390000
6781.390000
6781.390000
6781.390000
6781.390000
6781.390000
6781.390000
6781.390000
6781.390000
6781.390000
6781.390000
6781.390000
6781.390000
6781.390000
6781.390000
2749.570169
3116.028459
0.000000
0.000000
0.000000
0.000000
0.000000
0.000000
1905.456705
3670.904614
4796.746512
4035.449678
6781.390000
6781.390000
6781.390000
0.000000
5990.645545
5992.080964
6781.390000
6781.390000
6781.390000
6781.390000
6781.390000
6781.390000
6781.390000
6781.390000
6781.390000
6781.390000
6781.390000
6781.390000
6781.390000
6781.390000
6781.390000
6781.390000
6781.390000
6781.390000
6781.390000
6781.390000
6781.390000
6781.390000
6781.390000
6781.390000
6781.390000
6781.390000
6781.390000
6781.390000
6781.390000
6781.390000
4283.892288
5566.202096
0.000000
0.000000
0.000000
0.000000
0.000000
0.000000
4418.861312
6175.857456
6781.390000
6781.390000
6781.390000
6781.390000
6781.390000
6781.390000
6781.390000
6781.390000
6781.390000
6781.390000
6781.390000
6781.390000
6781.390000
6781.390000
6781.390000
6781.390000
6781.390000
6781.390000
6781.390000
6781.390000
6781.390000
6781.390000
6781.390000
6781.390000
6781.390000
6781.390000
6781.390000
6781.390000
6781.390000
6781.390000
6781.390000
6781.390000
6781.390000
6781.390000
6781.390000
6781.390000
6781.390000
6781.390000
6781.390000
6781.390000
6781.390000
6781.390000
6781.390000
6781.390000
6781.390000
6781.390000
6781.390000
6781.390000
6781.390000
6781.390000
6781.390000
6781.390000
6781.390000
6781.390000
6781.390000
6781.390000
6781.390000
6781.390000
6781.390000
6781.390000
6781.390000
6781.390000
6781.390000
6781.390000
6781.390000
6781.390000
6781.390000
6781.390000
6781.390000
6781.390000
6781.390000
6781.390000
6781.390000
6781.390000
6781.390000
6781.390000
6781.390000
6781.390000
6781.390000
6781.390000
6781.390000
6781.390000
6781.390000
6781.390000
6781.390000
6781.390000
6781.390000
6781.390000
6781.390000
6781.390000
6781.390000
6781.390000
6781.390000
6781.390000
6781.390000
6781.390000
6781.390000
6781.390000
6781.390000
6781.390000
6781.390000
6781.390000
6781.390000
6781.390000
6781.390000
6781.390000
6781.390000
6781.390000
6781.390000
6781.390000
6781.390000
6781.390000
6781.390000
6781.390000
6781.390000
6781.390000
6781.390000
6781.390000
6781.390000
6781.390000
6781.390000
6781.390000
6781.390000
6781.390000
6781.390000
6781.390000
6781.390000
6781.390000
6781.390000
6781.390000
6781.390000
6781.390000
6781.390000
6781.390000
6781.390000
6781.390000
6781.390000
6781.390000
6781.390000
6781.390000
6781.390000
6781.390000
6781.390000
6781.390000
6781.390000
6781.390000
6781.390000
6781.390000
6781.390000
6781.390000
6781.390000
6781.390000
6781.390000
6781.390000
6781.390000
6781.390000
6781.390000
6781.390000
6781.390000
6781.390000
6781.390000
6781.390000
6781.390000
6781.390000
6781.390000
6781.390000
6781.390000
6781.390000
6781.390000
6781.390000
6781.390000
6781.390000
6781.390000
6781.390000
6781.390000
6781.390000
6781.390000
6781.390000
6781.390000
6781.390000
6781.390000
6781.390000
6781.390000
6781.390000
6781.390000
6781.390000
6781.390000
6781.390000
5139.560591
3829.560741
6781.390000
319.010364
0.000000
0.000000
0.000000
0.000000
2988.594956
6781.390000
6781.390000
6781.390000
6781.390000
6781.390000
6781.390000
6781.390000
6781.390000
6781.390000
6781.390000
6781.390000
6781.390000
6781.390000
6781.390000
6781.390000
6781.390000
6781.390000
6781.390000
6781.390000
6781.390000
6781.390000
6781.390000
6781.390000
6781.390000
6781.390000
6781.390000
6781.390000
6781.390000
6781.390000
6781.390000
6781.390000
6781.390000
6781.390000
6781.390000
6781.390000
0.000000
0.000000
0.000000
0.000000
0.000000
0.000000
0.000000
0.000000
0.000000
0.000000
0.000000
0.000000
0.000000
4084.410414
6781.390000
6781.390000
6781.390000
6781.390000
6781.390000
6781.390000
6781.390000
6781.390000
6781.390000
6781.390000
6781.390000
6781.390000
6781.390000
6781.390000
6781.390000
6781.390000
6781.390000
6781.390000
6781.390000
6781.390000
6781.390000
6781.390000
6781.390000
6781.390000
6781.390000
6781.390000
6781.390000
6781.390000
6781.390000
6781.390000
6781.390000
6781.390000
6781.390000
6781.390000
6781.390000
6781.390000
6781.390000
6781.390000
1898.834077
2724.794598
6781.390000
6781.390000
6781.390000
6781.390000
6781.390000
6781.390000
6781.390000
6781.390000
6781.390000
6781.390000
6781.390000
6781.390000
6781.390000
6781.390000
6781.390000
6781.390000
6781.390000
6781.390000
6781.390000
6781.390000
6781.390000
6781.390000
6781.390000
6781.390000
6781.390000
6781.390000
6781.390000
6781.390000
6781.390000
6781.390000
6781.390000
6781.390000
6781.390000
6781.390000
6781.390000
6781.390000
6781.390000
6781.390000
6781.390000
6781.390000
6781.390000
6781.390000
6781.390000
6781.390000
4250.304589
5601.408209
5010.053820
6404.251340
6781.390000
6781.390000
6781.390000
6781.390000
6781.390000
6781.390000
6781.390000
6781.390000
6781.390000
6781.390000
6781.390000
6781.390000
6781.390000
6781.390000
6781.390000
6781.390000
6781.390000
6781.390000
6781.390000
6781.390000
6781.390000
6781.390000
6781.390000
6781.390000
6781.390000
6781.390000
6781.390000
6781.390000
6781.390000
6781.390000
6781.390000
6781.390000
6781.390000
6781.390000
6781.390000
6781.390000
6781.390000
6781.390000
6781.390000
6781.390000
35.071151
2653.951567
0.000000
0.000000
0.000000
0.000000
9.218759
0.000000
5689.867575
6303.823932
6037.799789
6781.390000
6781.390000
6781.390000
6781.390000
6781.390000
6781.390000
6781.390000
6781.390000
6781.390000
6781.390000
6781.390000
6781.390000
6781.390000
6781.390000
6781.390000
6781.390000
6781.390000
6781.390000
6781.390000
6781.390000
6781.390000
6781.390000
6781.390000
6781.390000
6781.390000
6781.390000
6781.390000
6781.390000
6781.390000
6781.390000
6781.390000
6781.390000
6781.390000
6781.390000
6781.390000
6781.390000
6781.390000
6406.148757
6781.390000
0.000000
0.000000
0.000000
0.000000
0.000000
0.000000
0.000000
0.000000
499.139340
1117.256660
3803.707682
4194.374155
6781.390000
6781.390000
6781.390000
6781.390000
6781.390000
6781.390000
6781.390000
6781.390000
6781.390000
6781.390000
6781.390000
6781.390000
6781.390000
6781.390000
6781.390000
6781.390000
6781.390000
6781.390000
6781.390000
6781.390000
6781.390000
6781.390000
6781.390000
6781.390000
6781.390000
6781.390000
6781.390000
6781.390000
6781.390000
6781.390000
6781.390000
6781.390000
6781.390000
6781.390000
0.000000
1971.165744
0.000000
0.000000
0.000000
0.000000
0.000000
0.000000
0.000000
0.000000
0.000000
0.000000
0.000000
0.000000
0.000000
6781.390000
6781.390000
6781.390000
6781.390000
6781.390000
6781.390000
6781.390000
6781.390000
6781.390000
6781.390000
6781.390000
6781.390000
6781.390000
6781.390000
6781.390000
6781.390000
6781.390000
6781.390000
6781.390000
6781.390000
6781.390000
6781.390000
6781.390000
6781.390000
6781.390000
6781.390000
6781.390000
6781.390000
6781.390000
6781.390000
6781.390000
6781.390000
6781.390000
0.000000
0.000000
0.000000
0.000000
0.000000
0.000000
0.000000
0.000000
0.000000
0.000000
0.000000
0.000000
0.000000
0.000000
0.000000
2063.001236
6781.390000
6781.390000
6781.390000
6781.390000
6781.390000
6781.390000
6781.390000
6781.390000
6781.390000
6781.390000
6781.390000
6781.390000
6781.390000
6781.390000
6781.390000
6781.390000
6781.390000
6781.390000
6781.390000
6781.390000
6781.390000
6781.390000
6781.390000
6781.390000
6781.390000
6781.390000
6781.390000
6781.390000
6781.390000
6781.390000
6781.390000
6781.390000
6781.390000
6781.390000
6077.917947
6781.390000
4448.813201
0.000000
0.000000
0.000000
0.000000
0.000000
0.000000
0.000000
813.763538
1144.368375
0.000000
0.000000
4022.269557
6781.390000
6781.390000
6781.390000
6781.390000
6781.390000
6781.390000
6781.390000
6781.390000
6781.390000
6781.390000
6781.390000
6781.390000
6781.390000
6781.390000
6781.390000
6781.390000
6781.390000
6781.390000
6781.390000
6781.390000
6781.390000
6781.390000
6781.390000
6781.390000
6781.390000
6781.390000
6781.390000
6781.390000
6781.390000
6781.390000
6781.390000
0.000000
0.000000
0.000000
0.000000
0.000000
0.000000
0.000000
0.000000
0.000000
835.009365
1427.352131
765.386914
4693.009942
4479.545461
6781.390000
4052.570053
6781.390000
6781.390000
6781.390000
6781.390000
6781.390000
6781.390000
6781.390000
6781.390000
6781.390000
6781.390000
6781.390000
6781.390000
6781.390000
6781.390000
6781.390000
6781.390000
6781.390000
6781.390000
6781.390000
6781.390000
6781.390000
6781.390000
6781.390000
6781.390000
6781.390000
6781.390000
6781.390000
6781.390000
6781.390000
6781.390000
6781.390000
6781.390000
6781.390000
6781.390000
2765.395823
4268.412439
1693.235504
3645.843869
6470.084589
6781.390000
6781.390000
6781.390000
6781.390000
6781.390000
6781.390000
6781.390000
6781.390000
6781.390000
6781.390000
6781.390000
6781.390000
6781.390000
6781.390000
6781.390000
6781.390000
6781.390000
6781.390000
6781.390000
6781.390000
6781.390000
6781.390000
6781.390000
6781.390000
6781.390000
6781.390000
6781.390000
6781.390000
6781.390000
6781.390000
6781.390000
6781.390000
6781.390000
6781.390000
6781.390000
6781.390000
6781.390000
6781.390000
6781.390000
6781.390000
6781.390000
5428.445218
6781.390000
4402.060179
6076.923014
3670.154833
0.000000
0.000000
0.000000
0.000000
0.000000
0.000000
0.000000
0.000000
0.000000
0.000000
6781.390000
6781.390000
6781.390000
6781.390000
6781.390000
6781.390000
6781.390000
6781.390000
6781.390000
6781.390000
6781.390000
6781.390000
6781.390000
6781.390000
6781.390000
6781.390000
6781.390000
6781.390000
6781.390000
6781.390000
6781.390000
6781.390000
6781.390000
6781.390000
6781.390000
6781.390000
6781.390000
6781.390000
6781.390000
6781.390000
6781.390000
6781.390000
6781.390000
6781.390000
6781.390000
6781.390000
6781.390000
4550.755912
0.000000
0.000000
0.000000
0.000000
0.000000
0.000000
0.000000
1050.732630
1470.464371
6781.390000
0.000000
3660.413124
6499.042443
6781.390000
6781.390000
6781.390000
6781.390000
6781.390000
6781.390000
6781.390000
6781.390000
6781.390000
6781.390000
6781.390000
6781.390000
6781.390000
6781.390000
6781.390000
6781.390000
6781.390000
6781.390000
6781.390000
6781.390000
6781.390000
6781.390000
6781.390000
6781.390000
6781.390000
6781.390000
6781.390000
6781.390000
6781.390000
6781.390000
6781.390000
6781.390000
4248.599816
5103.526207
3913.197813
0.000000
0.000000
0.000000
0.000000
0.000000
0.000000
0.000000
0.000000
0.000000
3614.240151
6781.390000
6781.390000
6781.390000
6781.390000
6781.390000
6781.390000
6781.390000
6781.390000
6781.390000
6781.390000
6781.390000
6781.390000
6781.390000
6781.390000
6781.390000
6781.390000
6781.390000
6781.390000
6781.390000
6781.390000
6781.390000
6781.390000
6781.390000
6781.390000
6781.390000
6781.390000
6781.390000
6781.390000
6781.390000
6781.390000
6781.390000
6781.390000
6781.390000
6781.390000
6781.390000
6781.390000
6781.390000
6781.390000
6781.390000
6781.390000
6781.390000
6781.390000
6781.390000
5272.972692
6159.188625
6781.390000
6781.390000
6781.390000
6781.390000
6781.390000
6781.390000
6781.390000
6781.390000
6781.390000
6781.390000
6781.390000
6781.390000
6781.390000
6781.390000
6781.390000
6781.390000
6781.390000
6781.390000
6781.390000
6781.390000
6781.390000
6781.390000
6781.390000
6781.390000
6781.390000
6781.390000
6781.390000
6781.390000
6781.390000
6781.390000
6781.390000
6781.390000
6781.390000
6781.390000
6781.390000
6781.390000
6781.390000
6781.390000
6781.390000
6781.390000
6781.390000
6781.390000
6781.390000
6781.390000
6781.390000
6781.390000
6781.390000
6781.390000
6781.390000
6781.390000
6781.390000
6781.390000
6781.390000
6781.390000
6781.390000
6781.390000
6781.390000
6781.390000
6781.390000
6781.390000
6781.390000
6781.390000
6781.390000
6781.390000
6781.390000
6781.390000
6781.390000
6781.390000
6781.390000
6781.390000
6781.390000
6781.390000
6781.390000
6781.390000
6781.390000
6781.390000
6781.390000
6781.390000
6781.390000
6781.390000
6781.390000
6781.390000
6781.390000
6781.390000
6781.390000
6781.390000
235.172055
1786.999281
3215.537951
4078.144206
6726.809024
6516.260349
5660.694838
6781.390000
4042.599893
3177.548964
4004.219527
3456.250516
6393.042658
6781.390000
6781.390000
6781.390000
6781.390000
6781.390000
6781.390000
6781.390000
6781.390000
6781.390000
6781.390000
6781.390000
6781.390000
6781.390000
6781.390000
6781.390000
6781.390000
6781.390000
6781.390000
6781.390000
6781.390000
6781.390000
6781.390000
6781.390000
6781.390000
6781.390000
6781.390000
6781.390000
6781.390000
6781.390000
6781.390000
6781.390000
6781.390000
6781.390000
6781.390000
6781.390000
6781.390000
6781.390000
6781.390000
6781.390000
6781.390000
6781.390000
3859.651918
5744.262431
5092.720546
4291.173247
4403.104613
3799.700882
5270.272194
2136.020858
6781.390000
6781.390000
6781.390000
6781.390000
6781.390000
6781.390000
6781.390000
6781.390000
6781.390000
6781.390000
6781.390000
6781.390000
6781.390000
6781.390000
6781.390000
6781.390000
6781.390000
6781.390000
6781.390000
6781.390000
6781.390000
6781.390000
6781.390000
6781.390000
6781.390000
6781.390000
6781.390000
6781.390000
6781.390000
6781.390000
6781.390000
6781.390000
6781.390000
6781.390000
6781.390000
6781.390000
6781.390000
6781.390000
6781.390000
6781.390000
6781.390000
6781.390000
6781.390000
6781.390000
6781.390000
6781.390000
6781.390000
6781.390000
6781.390000
6781.390000
6781.390000
6781.390000
6781.390000
6781.390000
6781.390000
6781.390000
6781.390000
6781.390000
6781.390000
6781.390000
6781.390000
6781.390000
6781.390000
6781.390000
6781.390000
6781.390000
6781.390000
6781.390000
6781.390000
6781.390000
6781.390000
6781.390000
6781.390000
6781.390000
6781.390000
6781.390000
6781.390000
6781.390000
6781.390000
6781.390000
6781.390000
6781.390000
6781.390000
6781.390000
6781.390000
6781.390000
0.000000
0.000000
1122.418518
1833.287881
0.000000
0.000000
5546.704280
5328.454382
0.000000
4715.657933
6781.390000
6781.390000
6781.390000
6781.390000
6781.390000
6781.390000
6781.390000
6781.390000
6781.390000
6781.390000
6781.390000
6781.390000
6781.390000
6781.390000
6781.390000
6781.390000
6781.390000
6781.390000
6781.390000
6781.390000
6781.390000
6781.390000
6781.390000
6781.390000
6781.390000
6781.390000
6781.390000
6781.390000
6781.390000
6781.390000
6781.390000
6781.390000
4419.369695
6781.390000
1868.195011
3924.447895
2695.623821
0.000000
0.000000
0.000000
0.000000
0.000000
0.000000
0.000000
0.000000
0.000000
0.000000
0.000000
3995.931377
6781.390000
6781.390000
6781.390000
6781.390000
6781.390000
6781.390000
6781.390000
6781.390000
6781.390000
6781.390000
6781.390000
6781.390000
6781.390000
6781.390000
6781.390000
6781.390000
6781.390000
6781.390000
6781.390000
6781.390000
6781.390000
6781.390000
6781.390000
6781.390000
6781.390000
6781.390000
6781.390000
6781.390000
6781.390000
6781.390000
6781.390000
6781.390000
6781.390000
6781.390000
6781.390000
2901.865853
0.000000
0.000000
0.000000
0.000000
0.000000
0.000000
0.000000
0.000000
0.000000
0.000000
0.000000
2932.504951
5658.259504
6781.390000
6781.390000
6781.390000
6781.390000
6781.390000
6781.390000
6781.390000
6781.390000
6781.390000
6781.390000
6781.390000
6781.390000
6781.390000
6781.390000
6781.390000
6781.390000
6781.390000
6781.390000
6781.390000
6781.390000
6781.390000
6781.390000
6781.390000
6781.390000
6781.390000
6781.390000
6781.390000
6781.390000
6781.390000
6781.390000
2853.859972
4698.239875
2319.774733
3307.209050
116.104236
0.000000
0.000000
0.000000
0.000000
0.000000
0.000000
0.000000
0.000000
0.000000
0.000000
0.000000
0.000000
0.000000
6781.390000
6781.390000
6781.390000
6781.390000
6781.390000
6781.390000
6781.390000
6781.390000
6781.390000
6781.390000
6781.390000
6781.390000
6781.390000
6781.390000
6781.390000
6781.390000
6781.390000
6781.390000
6781.390000
6781.390000
6781.390000
6781.390000
6781.390000
6781.390000
6781.390000
6781.390000
6781.390000
6781.390000
10.682149
1035.776038
0.000000
0.000000
0.000000
0.000000
0.000000
0.000000
336.055368
2107.717781
6781.390000
6781.390000
6781.390000
6781.390000
6781.390000
6781.390000
6781.390000
0.000000
87.280975
190.191883
6781.390000
6781.390000
6781.390000
6781.390000
6781.390000
6781.390000
6781.390000
6781.390000
6781.390000
6781.390000
6781.390000
6781.390000
6781.390000
6781.390000
6781.390000
6781.390000
6781.390000
6781.390000
6781.390000
6781.390000
6781.390000
6781.390000
6781.390000
6781.390000
6781.390000
6781.390000
6781.390000
6781.390000
6781.390000
6781.390000
0.000000
43.417895
0.000000
0.000000
0.000000
782.080862
4488.284666
6286.144304
4828.018957
6781.390000
3110.237730
2593.588373
2169.600839
1847.393340
6781.390000
6781.390000
6781.390000
6781.390000
6781.390000
6781.390000
6781.390000
6781.390000
6781.390000
6781.390000
6781.390000
6781.390000
6781.390000
6781.390000
6781.390000
6781.390000
6781.390000
6781.390000
6781.390000
6781.390000
6781.390000
6781.390000
6781.390000
6781.390000
6781.390000
6781.390000
6781.390000
6781.390000
6781.390000
6781.390000
6781.390000
6781.390000
6781.390000
6781.390000
6781.390000
6781.390000
6781.390000
1773.446618
0.000000
0.000000
0.000000
0.000000
0.000000
0.000000
0.000000
0.000000
0.000000
0.000000
1349.522198
6781.390000
6781.390000
6781.390000
6781.390000
6781.390000
6781.390000
6781.390000
6781.390000
6781.390000
6781.390000
6781.390000
6781.390000
6781.390000
6781.390000
6781.390000
6781.390000
6781.390000
6781.390000
6781.390000
6781.390000
6781.390000
6781.390000
6781.390000
6781.390000
6781.390000
6781.390000
6781.390000
6781.390000
6781.390000
6781.390000
6781.390000
6781.390000
6781.390000
6781.390000
6781.390000
5684.941089
6781.390000
0.000000
0.000000
0.000000
0.000000
0.000000
0.000000
0.000000
0.000000
0.000000
0.000000
0.000000
0.000000
0.000000
1419.212460
6781.390000
6781.390000
6781.390000
6781.390000
6781.390000
6781.390000
6781.390000
6781.390000
6781.390000
6781.390000
6781.390000
6781.390000
6781.390000
6781.390000
6781.390000
6781.390000
6781.390000
6781.390000
6781.390000
6781.390000
6781.390000
6781.390000
6781.390000
6781.390000
6781.390000
6781.390000
6781.390000
6781.390000
6781.390000
6781.390000
144.749757
2388.379816
0.000000
649.361771
0.000000
0.000000
0.000000
0.000000
0.000000
0.000000
0.000000
0.000000
0.000000
0.000000
983.571157
6781.390000
4773.460543
6781.390000
6781.390000
6781.390000
6781.390000
6781.390000
6781.390000
6781.390000
6781.390000
6781.390000
6781.390000
6781.390000
6781.390000
6781.390000
6781.390000
6781.390000
6781.390000
6781.390000
6781.390000
6781.390000
6781.390000
6781.390000
6781.390000
6781.390000
6781.390000
6781.390000
6781.390000
6781.390000
6781.390000
6781.390000
6781.390000
6781.390000
0.000000
0.000000
0.000000
0.000000
0.000000
0.000000
0.000000
0.000000
0.000000
0.000000
0.000000
0.000000
0.000000
0.000000
0.000000
0.000000
0.000000
0.000000
6781.390000
6781.390000
6781.390000
6781.390000
6781.390000
6781.390000
6781.390000
6781.390000
6781.390000
6781.390000
6781.390000
6781.390000
6781.390000
6781.390000
6781.390000
6781.390000
6781.390000
6781.390000
6781.390000
6781.390000
6781.390000
6781.390000
6781.390000
6781.390000
6781.390000
6781.390000
6781.390000
6781.390000
6781.390000
6781.390000
287.763041
2672.657760
0.000000
0.000000
1918.191816
0.000000
205.565627
0.000000
0.000000
370.517723
6781.390000
6781.390000
5611.185333
6238.470621
6781.390000
0.000000
0.000000
787.540470
6781.390000
6781.390000
6781.390000
6781.390000
6781.390000
6781.390000
6781.390000
6781.390000
6781.390000
6781.390000
6781.390000
6781.390000
6781.390000
6781.390000
6781.390000
6781.390000
6781.390000
6781.390000
6781.390000
6781.390000
6781.390000
6781.390000
6781.390000
6781.390000
6781.390000
6781.390000
6781.390000
6781.390000
6781.390000
6781.390000
0.000000
0.000000
0.000000
0.000000
0.000000
0.000000
0.000000
0.000000
0.000000
0.000000
0.000000
0.000000
0.000000
0.000000
0.000000
6781.390000
6781.390000
6781.390000
6781.390000
6781.390000
6781.390000
6781.390000
6781.390000
6781.390000
6781.390000
6781.390000
6781.390000
6781.390000
6781.390000
6781.390000
6781.390000
6781.390000
6781.390000
6781.390000
6781.390000
6781.390000
6781.390000
6781.390000
6781.390000
6781.390000
6781.390000
6781.390000
6781.390000
6781.390000
6781.390000
6781.390000
6781.390000
6781.390000
1887.537352
2599.258571
0.000000
725.053288
0.000000
0.000000
0.000000
0.000000
0.000000
874.895916
0.000000
0.000000
0.000000
0.000000
0.000000
0.000000
0.000000
0.000000
6781.390000
6781.390000
6781.390000
6781.390000
6781.390000
6781.390000
6781.390000
6781.390000
6781.390000
6781.390000
6781.390000
6781.390000
6781.390000
6781.390000
6781.390000
6781.390000
6781.390000
6781.390000
6781.390000
6781.390000
6781.390000
6781.390000
6781.390000
6781.390000
6781.390000
6781.390000
6781.390000
6781.390000
6781.390000
6781.390000
0.000000
0.000000
0.000000
426.543369
126.371661
0.000000
0.000000
0.000000
0.000000
0.000000
0.000000
0.000000
0.000000
0.000000
0.000000
6781.390000
6781.390000
6781.390000
6781.390000
6781.390000
6781.390000
6781.390000
6781.390000
6781.390000
6781.390000
6781.390000
6781.390000
6781.390000
6781.390000
6781.390000
6781.390000
6781.390000
6781.390000
6781.390000
6781.390000
6781.390000
6781.390000
6781.390000
6781.390000
6781.390000
6781.390000
6781.390000
6781.390000
6781.390000
6781.390000
6781.390000
4802.144750
6781.390000
0.000000
0.000000
0.000000
0.000000
0.000000
0.000000
0.000000
0.000000
0.000000
0.000000
0.000000
0.000000
0.000000
0.000000
2030.308877
6781.390000
6781.390000
6781.390000
6781.390000
6781.390000
6781.390000
6781.390000
6781.390000
6781.390000
6781.390000
6781.390000
6781.390000
6781.390000
6781.390000
6781.390000
6781.390000
6781.390000
6781.390000
6781.390000
6781.390000
6781.390000
6781.390000
6781.390000
6781.390000
6781.390000
6781.390000
6781.390000
6781.390000
6781.390000
6781.390000
6781.390000
6781.390000
6781.390000
6781.390000
6781.390000
6781.390000
6781.390000
6781.390000
1509.385539
0.000000
0.000000
0.000000
0.000000
0.000000
0.000000
0.000000
0.000000
0.000000
0.000000
0.000000
0.000000
6781.390000
6781.390000
6781.390000
6781.390000
6781.390000
6781.390000
6781.390000
6781.390000
6781.390000
6781.390000
6781.390000
6781.390000
6781.390000
6781.390000
6781.390000
6781.390000
6781.390000
6781.390000
6781.390000
6781.390000
6781.390000
6781.390000
6781.390000
6781.390000
6781.390000
6781.390000
6781.390000
6781.390000
6781.390000
6781.390000
0.000000
0.000000
0.000000
0.000000
0.000000
0.000000
0.000000
0.000000
0.000000
0.000000
1019.120235
1924.581746
692.759111
1007.514516
6781.390000
0.000000
0.000000
0.000000
6781.390000
6781.390000
6781.390000
6781.390000
6781.390000
6781.390000
6781.390000
6781.390000
6781.390000
6781.390000
6781.390000
6781.390000
6781.390000
6781.390000
6781.390000
6781.390000
6781.390000
6781.390000
6781.390000
6781.390000
6781.390000
6781.390000
6781.390000
6781.390000
6781.390000
6781.390000
6781.390000
6781.390000
3749.586616
6574.337119
0.000000
0.000000
6648.112046
6781.390000
6781.390000
4520.308926
4384.607120
2975.065013
5867.830418
6368.040270
5654.112953
6633.610344
6781.390000
6781.390000
6781.390000
6781.390000
6781.390000
6781.390000
6781.390000
6781.390000
6781.390000
6781.390000
6781.390000
6781.390000
6781.390000
6781.390000
6781.390000
6781.390000
6781.390000
6781.390000
6781.390000
6781.390000
6781.390000
6781.390000
6781.390000
6781.390000
6781.390000
6781.390000
6781.390000
6781.390000
6781.390000
6781.390000
6781.390000
6781.390000
6781.390000
6781.390000
6781.390000
6781.390000
0.000000
0.000000
0.000000
0.000000
0.000000
0.000000
0.000000
0.000000
0.000000
0.000000
0.000000
0.000000
0.000000
0.000000
0.000000
6781.390000
6781.390000
6781.390000
6781.390000
6781.390000
6781.390000
6781.390000
6781.390000
6781.390000
6781.390000
6781.390000
6781.390000
6781.390000
6781.390000
6781.390000
6781.390000
6781.390000
6781.390000
6781.390000
6781.390000
6781.390000
6781.390000
6781.390000
6781.390000
6781.390000
6781.390000
6781.390000
6781.390000
6781.390000
6781.390000
6781.390000
6781.390000
6781.390000
0.000000
0.000000
0.000000
0.000000
0.000000
0.000000
0.000000
0.000000
0.000000
0.000000
3284.548822
2825.703369
1017.387873
940.069126
447.882474
615.645424
3695.960848
3867.255622
6781.390000
6781.390000
6781.390000
6781.390000
6781.390000
6781.390000
6781.390000
6781.390000
6781.390000
6781.390000
6781.390000
6781.390000
6781.390000
6781.390000
6781.390000
6781.390000
6781.390000
6781.390000
6781.390000
6781.390000
6781.390000
6781.390000
6781.390000
6781.390000
6781.390000
6781.390000
6781.390000
6781.390000
6781.390000
6781.390000
0.000000
0.000000
2491.747406
3816.253725
6781.390000
6781.390000
6454.323979
6781.390000
6781.390000
6781.390000
6781.390000
6781.390000
6781.390000
6781.390000
6781.390000
6781.390000
6781.390000
6781.390000
6781.390000
6781.390000
6781.390000
6781.390000
6781.390000
6781.390000
6781.390000
6781.390000
6781.390000
6781.390000
6781.390000
6781.390000
6781.390000
6781.390000
6781.390000
6781.390000
6781.390000
6781.390000
6781.390000
6781.390000
6781.390000
6781.390000
6781.390000
6781.390000
6781.390000
6781.390000
6781.390000
6781.390000
6781.390000
6781.390000
0.000000
0.000000
0.000000
445.121613
0.000000
0.000000
0.000000
0.000000
0.000000
0.000000
0.000000
0.000000
0.000000
0.000000
0.000000
6781.390000
6781.390000
6781.390000
6781.390000
6781.390000
6781.390000
6781.390000
6781.390000
6781.390000
6781.390000
6781.390000
6781.390000
6781.390000
6781.390000
6781.390000
6781.390000
6781.390000
6781.390000
6781.390000
6781.390000
6781.390000
6781.390000
6781.390000
6781.390000
6781.390000
6781.390000
6781.390000
6781.390000
6781.390000
6781.390000
6781.390000
0.000000
0.000000
0.000000
0.000000
0.000000
0.000000
0.000000
0.000000
0.000000
0.000000
0.000000
0.000000
0.000000
0.000000
0.000000
0.000000
2285.482954
6781.390000
6781.390000
6781.390000
6781.390000
6781.390000
6781.390000
6781.390000
6781.390000
6781.390000
6781.390000
6781.390000
6781.390000
6781.390000
6781.390000
6781.390000
6781.390000
6781.390000
6781.390000
6781.390000
6781.390000
6781.390000
6781.390000
6781.390000
6781.390000
6781.390000
6781.390000
6781.390000
6781.390000
6781.390000
6781.390000
6781.390000
5168.652145
6781.390000
0.000000
0.000000
0.000000
0.000000
0.000000
0.000000
0.000000
0.000000
0.000000
0.000000
0.000000
0.000000
0.000000
0.000000
2065.744111
6781.390000
6781.390000
6781.390000
6781.390000
6781.390000
6781.390000
6781.390000
6781.390000
6781.390000
6781.390000
6781.390000
6781.390000
6781.390000
6781.390000
6781.390000
6781.390000
6781.390000
6781.390000
6781.390000
6781.390000
6781.390000
6781.390000
6781.390000
6781.390000
6781.390000
6781.390000
6781.390000
6781.390000
6781.390000
6781.390000
6781.390000
6781.390000
6781.390000
4019.677154
5762.815721
6708.122046
3409.749860
6781.390000
6781.390000
0.000000
0.000000
0.000000
0.000000
0.000000
0.000000
0.000000
7.971126
4509.663288
0.000000
5324.295644
6781.390000
6781.390000
6781.390000
6781.390000
6781.390000
6781.390000
6781.390000
6781.390000
6781.390000
6781.390000
6781.390000
6781.390000
6781.390000
6781.390000
6781.390000
6781.390000
6781.390000
6781.390000
6781.390000
6781.390000
6781.390000
6781.390000
6781.390000
6781.390000
6781.390000
6781.390000
6781.390000
6781.390000
6781.390000
6781.390000
6781.390000
6781.390000
6781.390000
6781.390000
6781.390000
6781.390000
6781.390000
6781.390000
6781.390000
6781.390000
6781.390000
6781.390000
6781.390000
6781.390000
6781.390000
6781.390000
6781.390000
6781.390000
6781.390000
6781.390000
6781.390000
6781.390000
6781.390000
6781.390000
6781.390000
6781.390000
6781.390000
6781.390000
6781.390000
6781.390000
6781.390000
6781.390000
6781.390000
6781.390000
6781.390000
6781.390000
6781.390000
6781.390000
6781.390000
6781.390000
6781.390000
6781.390000
6781.390000
6781.390000
6781.390000
6781.390000
6781.390000
6781.390000
6781.390000
6781.390000
6781.390000
6781.390000
6781.390000
6781.390000
6781.390000
6111.984970
6781.390000
818.721532
877.370235
6781.390000
6781.390000
6781.390000
6781.390000
6781.390000
6781.390000
6781.390000
6781.390000
6781.390000
6781.390000
6781.390000
6781.390000
6781.390000
6781.390000
6781.390000
6781.390000
6781.390000
6781.390000
6781.390000
6781.390000
6781.390000
6781.390000
6781.390000
6781.390000
6781.390000
6781.390000
6781.390000
6781.390000
6781.390000
6781.390000
6781.390000
6781.390000
6781.390000
6781.390000
6781.390000
6781.390000
6781.390000
6781.390000
0.000000
0.000000
0.000000
0.000000
0.000000
0.000000
0.000000
0.000000
0.000000
0.000000
0.000000
0.000000
0.000000
0.000000
0.000000
0.000000
0.000000
0.000000
6781.390000
6781.390000
6781.390000
6781.390000
6781.390000
6781.390000
6781.390000
6781.390000
6781.390000
6781.390000
6781.390000
6781.390000
6781.390000
6781.390000
6781.390000
6781.390000
6781.390000
6781.390000
6781.390000
6781.390000
6781.390000
6781.390000
6781.390000
6781.390000
6781.390000
6781.390000
6781.390000
6781.390000
0.000000
950.040972
0.000000
0.000000
0.000000
0.000000
0.000000
0.000000
0.000000
0.000000
0.000000
0.000000
0.000000
0.000000
0.000000
109.718407
1327.659488
0.000000
0.000000
0.000000
6781.390000
6781.390000
6781.390000
6781.390000
6781.390000
6781.390000
6781.390000
6781.390000
6781.390000
6781.390000
6781.390000
6781.390000
6781.390000
6781.390000
6781.390000
6781.390000
6781.390000
6781.390000
6781.390000
6781.390000
6781.390000
6781.390000
6781.390000
6781.390000
6781.390000
6781.390000
6781.390000
6781.390000
0.000000
0.000000
0.000000
0.000000
0.000000
0.000000
0.000000
0.000000
0.000000
0.000000
0.000000
0.000000
0.000000
0.000000
0.000000
0.000000
0.000000
5182.313642
6781.390000
6781.390000
6781.390000
6781.390000
6781.390000
6781.390000
6781.390000
6781.390000
6781.390000
6781.390000
6781.390000
6781.390000
6781.390000
6781.390000
6781.390000
6781.390000
6781.390000
6781.390000
6781.390000
6781.390000
6781.390000
6781.390000
6781.390000
6781.390000
6781.390000
6781.390000
6781.390000
6781.390000
6781.390000
6781.390000
0.000000
0.000000
0.000000
0.000000
0.000000
0.000000
0.000000
0.000000
0.000000
0.000000
0.000000
0.000000
0.000000
0.000000
2731.429218
4590.378074
533.880378
0.000000
6781.390000
6781.390000
6781.390000
6781.390000
6781.390000
6781.390000
6781.390000
6781.390000
6781.390000
6781.390000
6781.390000
6781.390000
6781.390000
6781.390000
6781.390000
6781.390000
6781.390000
6781.390000
6781.390000
6781.390000
6781.390000
6781.390000
6781.390000
6781.390000
6781.390000
6781.390000
6781.390000
6781.390000
6781.390000
6781.390000
6781.390000
6781.390000
6781.390000
6781.390000
6781.390000
6781.390000
6781.390000
6781.390000
6781.390000
6781.390000
6781.390000
6781.390000
6781.390000
6781.390000
6781.390000
6781.390000
6781.390000
6781.390000
6781.390000
6781.390000
6781.390000
6781.390000
6781.390000
6781.390000
6781.390000
6781.390000
6781.390000
6781.390000
6781.390000
6781.390000
6781.390000
6781.390000
6781.390000
6781.390000
6781.390000
6781.390000
6781.390000
6781.390000
6781.390000
6781.390000
6781.390000
6781.390000
6781.390000
6781.390000
6781.390000
6781.390000
6781.390000
6781.390000
0.000000
0.000000
0.000000
0.000000
0.000000
0.000000
0.000000
1590.551967
5359.204710
6781.390000
6781.390000
6781.390000
6781.390000
6781.390000
6781.390000
6781.390000
6781.390000
6781.390000
6781.390000
6781.390000
6781.390000
6781.390000
6781.390000
6781.390000
6781.390000
6781.390000
6781.390000
6781.390000
6781.390000
6781.390000
6781.390000
6781.390000
6781.390000
6781.390000
6781.390000
6781.390000
6781.390000
6781.390000
6781.390000
6781.390000
6781.390000
6781.390000
6781.390000
6781.390000
6781.390000
6781.390000
6781.390000
6781.390000
0.000000
0.000000
0.000000
0.000000
0.000000
0.000000
0.000000
0.000000
0.000000
0.000000
155.923971
492.998441
4830.298018
4386.542686
6002.604178
6781.390000
6781.390000
6781.390000
6781.390000
6781.390000
6781.390000
6781.390000
6781.390000
6781.390000
6781.390000
6781.390000
6781.390000
6781.390000
6781.390000
6781.390000
6781.390000
6781.390000
6781.390000
6781.390000
6781.390000
6781.390000
6781.390000
6781.390000
6781.390000
6781.390000
6781.390000
6781.390000
6781.390000
6781.390000
6781.390000
6781.390000
6781.390000
6781.390000
0.000000
723.649784
0.000000
0.000000
0.000000
0.000000
0.000000
0.000000
0.000000
0.000000
0.000000
0.000000
860.072103
1497.944071
4930.710001
6781.390000
6781.390000
6781.390000
6781.390000
6781.390000
6781.390000
6781.390000
6781.390000
6781.390000
6781.390000
6781.390000
6781.390000
6781.390000
6781.390000
6781.390000
6781.390000
6781.390000
6781.390000
6781.390000
6781.390000
6781.390000
6781.390000
6781.390000
6781.390000
6781.390000
6781.390000
6781.390000
6781.390000
6781.390000
6781.390000
6781.390000
6781.390000
6781.390000
6225.016772
6781.390000
2436.210383
4749.608497
4164.376806
1737.634902
0.000000
0.000000
0.000000
0.000000
4010.480035
4825.798951
3926.715048
4801.641682
6781.390000
6781.390000
6781.390000
6781.390000
6781.390000
6781.390000
6781.390000
6781.390000
6781.390000
6781.390000
6781.390000
6781.390000
6781.390000
6781.390000
6781.390000
6781.390000
6781.390000
6781.390000
6781.390000
6781.390000
6781.390000
6781.390000
6781.390000
6781.390000
6781.390000
6781.390000
6781.390000
6781.390000
6781.390000
6781.390000
6781.390000
6781.390000
6781.390000
6781.390000
0.000000
551.499785
0.000000
1015.062740
0.000000
0.000000
664.737386
0.000000
0.000000
0.000000
0.000000
0.000000
6781.390000
6781.390000
6781.390000
6781.390000
6781.390000
6781.390000
6781.390000
6781.390000
6781.390000
6781.390000
6781.390000
6781.390000
6781.390000
6781.390000
6781.390000
6781.390000
6781.390000
6781.390000
6781.390000
6781.390000
6781.390000
6781.390000
6781.390000
6781.390000
6781.390000
6781.390000
6781.390000
6781.390000
6781.390000
6781.390000
6781.390000
6781.390000
6781.390000
6781.390000
6781.390000
6781.390000
6781.390000
6781.390000
6781.390000
6781.390000
0.000000
0.000000
6781.390000
6781.390000
2098.546048
2216.424618
1195.531520
2146.419072
4385.918359
5041.084299
5522.212939
6781.390000
6781.390000
6781.390000
6781.390000
6781.390000
6781.390000
6781.390000
6781.390000
6781.390000
6781.390000
6781.390000
6781.390000
6781.390000
6781.390000
6781.390000
6781.390000
6781.390000
6781.390000
6781.390000
6781.390000
6781.390000
6781.390000
6781.390000
6781.390000
6781.390000
6781.390000
6781.390000
6781.390000
6781.390000
6781.390000
6781.390000
6781.390000
6781.390000
1558.490251
5101.780148
0.000000
0.000000
0.000000
0.000000
6781.390000
5564.285632
2719.055999
2773.085409
5085.413273
5876.683330
3497.497912
3900.720063
3204.599393
4986.052702
6781.390000
6654.022946
6781.390000
6781.390000
6781.390000
6781.390000
6781.390000
6781.390000
6781.390000
6781.390000
6781.390000
6781.390000
6781.390000
6781.390000
6781.390000
6781.390000
6781.390000
6781.390000
6781.390000
6781.390000
6781.390000
6781.390000
6781.390000
6781.390000
6781.390000
6781.390000
6781.390000
6781.390000
6781.390000
6781.390000
6781.390000
6781.390000
0.000000
0.000000
0.000000
0.000000
0.000000
0.000000
3158.385781
5075.161949
6534.003205
6781.390000
6781.390000
6781.390000
6781.390000
6448.269071
6692.367557
6781.390000
6781.390000
2763.259085
6683.153814
6781.390000
6781.390000
6781.390000
6781.390000
6781.390000
6781.390000
6781.390000
6781.390000
6781.390000
6781.390000
6781.390000
6781.390000
6781.390000
6781.390000
6781.390000
6781.390000
6781.390000
6781.390000
6781.390000
6781.390000
6781.390000
6781.390000
6781.390000
6781.390000
6781.390000
6781.390000
6781.390000
6781.390000
6781.390000
6781.390000
6781.390000
6781.390000
6781.390000
6781.390000
6781.390000
6781.390000
6781.390000
6781.390000
6781.390000
6781.390000
6781.390000
6781.390000
6781.390000
6781.390000
6781.390000
6781.390000
6781.390000
6781.390000
6781.390000
6781.390000
6781.390000
6781.390000
6781.390000
6781.390000
6781.390000
6781.390000
6781.390000
6781.390000
6781.390000
6781.390000
6781.390000
6781.390000
6781.390000
6781.390000
6781.390000
6781.390000
6781.390000
6781.390000
6781.390000
6781.390000
6781.390000
6781.390000
6781.390000
6781.390000
6781.390000
6781.390000
6781.390000
6781.390000
6781.390000
6781.390000
6781.390000
6781.390000
6781.390000
6781.390000
6781.390000
6781.390000
6781.390000
6781.390000
6781.390000
6781.390000
6781.390000
6781.390000
6781.390000
6781.390000
6781.390000
6781.390000
6781.390000
6781.390000
6781.390000
6781.390000
6781.390000
6781.390000
6781.390000
6781.390000
6781.390000
6781.390000
6781.390000
6781.390000
6781.390000
6781.390000
6781.390000
6781.390000
6781.390000
6781.390000
6781.390000
6781.390000
6781.390000
6781.390000
6781.390000
6781.390000
6781.390000
6781.390000
6781.390000
6781.390000
6781.390000
6781.390000
6781.390000
6781.390000
6781.390000
6781.390000
6781.390000
6781.390000
6781.390000
6781.390000
6781.390000
6781.390000
6781.390000
6781.390000
6781.390000
6781.390000
6781.390000
6781.390000
6781.390000
6781.390000
6781.390000
6781.390000
6781.390000
6781.390000
6781.390000
6781.390000
6781.390000
6781.390000
6781.390000
6781.390000
6781.390000
6781.390000
6781.390000
6781.390000
6781.390000
6781.390000
6781.390000
6781.390000
6781.390000
6781.390000
6781.390000
6781.390000
6781.390000
6781.390000
6781.390000
6781.390000
6781.390000
6781.390000
6781.390000
6781.390000
6781.390000
6781.390000
6781.390000
6781.390000
6781.390000
6781.390000
6781.390000
6781.390000
6781.390000
6781.390000
6781.390000
6781.390000
6781.390000
6781.390000
6781.390000
6781.390000
6781.390000
6781.390000
6781.390000
6781.390000
6781.390000
6781.390000
6781.390000
6781.390000
6781.390000
6781.390000
6781.390000
6781.390000
6781.390000
6781.390000
6781.390000
6781.390000
6781.390000
6781.390000
6781.390000
6781.390000
6781.390000
6781.390000
6781.390000
6781.390000
6781.390000
6781.390000
6781.390000
6781.390000
6781.390000
6781.390000
6781.390000
6781.390000
6781.390000
3447.852931
5361.817585
6781.390000
5605.598345
6781.390000
6781.390000
6781.390000
6781.390000
6781.390000
6781.390000
6781.390000
6781.390000
6781.390000
6781.390000
6781.390000
6781.390000
6781.390000
6781.390000
6781.390000
6781.390000
6781.390000
6781.390000
6781.390000
6781.390000
6781.390000
6781.390000
6781.390000
6781.390000
6781.390000
6781.390000
6781.390000
6781.390000
6781.390000
6781.390000
6781.390000
6781.390000
6781.390000
6781.390000
6781.390000
6781.390000
6781.390000
6781.390000
6781.390000
6781.390000
6781.390000
6781.390000
6781.390000
6781.390000
0.000000
938.983773
0.000000
0.000000
0.000000
0.000000
2803.942786
2830.312684
6781.390000
6781.390000
6781.390000
6781.390000
6781.390000
6781.390000
6781.390000
6781.390000
6781.390000
6781.390000
6781.390000
6781.390000
6781.390000
6781.390000
6781.390000
6781.390000
6781.390000
6781.390000
6781.390000
6781.390000
6781.390000
6781.390000
6781.390000
6781.390000
6781.390000
6781.390000
6781.390000
6781.390000
6781.390000
6781.390000
6781.390000
6781.390000
6781.390000
6781.390000
6781.390000
6781.390000
6781.390000
6781.390000
0.000000
0.000000
0.000000
0.000000
0.000000
0.000000
0.000000
0.000000
0.000000
0.000000
0.000000
0.000000
0.000000
0.000000
5145.782990
6013.342236
5866.894229
6781.390000
6781.390000
6781.390000
6781.390000
6781.390000
6781.390000
6781.390000
6781.390000
6781.390000
6781.390000
6781.390000
6781.390000
6781.390000
6781.390000
6781.390000
6781.390000
6781.390000
6781.390000
6781.390000
6781.390000
6781.390000
6781.390000
6781.390000
6781.390000
6781.390000
6781.390000
6781.390000
6781.390000
6781.390000
6781.390000
6781.390000
0.000000
0.000000
0.000000
0.000000
0.000000
0.000000
0.000000
0.000000
0.000000
0.000000
0.000000
0.000000
6781.390000
6781.390000
6781.390000
6781.390000
6781.390000
6781.390000
1900.190947
5415.515429
6781.390000
6781.390000
6781.390000
6781.390000
6781.390000
6781.390000
6781.390000
6781.390000
6781.390000
6781.390000
6781.390000
6781.390000
6781.390000
6781.390000
6781.390000
6781.390000
6781.390000
6781.390000
6781.390000
6781.390000
6781.390000
6781.390000
6781.390000
6781.390000
6781.390000
6781.390000
6781.390000
6781.390000
3365.247876
6530.744675
0.000000
2084.986451
2636.868179
734.995155
0.000000
0.000000
0.000000
0.000000
0.000000
0.000000
0.000000
0.000000
0.000000
0.000000
3731.380620
4897.434728
6781.390000
6781.390000
6781.390000
6781.390000
6781.390000
6781.390000
6781.390000
6781.390000
6781.390000
6781.390000
6781.390000
6781.390000
6781.390000
6781.390000
6781.390000
6781.390000
6781.390000
6781.390000
6781.390000
6781.390000
6781.390000
6781.390000
6781.390000
6781.390000
6781.390000
6781.390000
6781.390000
6781.390000
6781.390000
6781.390000
4176.044239
6781.390000
0.000000
0.000000
0.000000
0.000000
0.000000
0.000000
0.000000
0.000000
0.000000
0.000000
6781.390000
6781.390000
6781.390000
6781.390000
6781.390000
6781.390000
6781.390000
6781.390000
6781.390000
6781.390000
6781.390000
6781.390000
6781.390000
6781.390000
6781.390000
6781.390000
6781.390000
6781.390000
6781.390000
6781.390000
6781.390000
6781.390000
6781.390000
6781.390000
6781.390000
6781.390000
6781.390000
6781.390000
6781.390000
6781.390000
6781.390000
6781.390000
6781.390000
6781.390000
6781.390000
6781.390000
0.000000
2898.005595
0.000000
0.000000
0.000000
0.000000
0.000000
0.000000
0.000000
0.000000
760.053885
1427.512394
6781.390000
6781.390000
6781.390000
6781.390000
6781.390000
6781.390000
6781.390000
6781.390000
6781.390000
6781.390000
6781.390000
6781.390000
6781.390000
6781.390000
6781.390000
6781.390000
6781.390000
6781.390000
6781.390000
6781.390000
6781.390000
6781.390000
6781.390000
6781.390000
6781.390000
6781.390000
6781.390000
6781.390000
6781.390000
6781.390000
6781.390000
6781.390000
6781.390000
6781.390000
6781.390000
6781.390000
3463.089739
6672.663396
1872.684275
4225.994141
6781.390000
6781.390000
6781.390000
6781.390000
5327.464953
5681.921671
6781.390000
6781.390000
6781.390000
6781.390000
6781.390000
6781.390000
6781.390000
6781.390000
6781.390000
6781.390000
6781.390000
6781.390000
6781.390000
6781.390000
6781.390000
6781.390000
6781.390000
6781.390000
6781.390000
6781.390000
6781.390000
6781.390000
6781.390000
6781.390000
6781.390000
6781.390000
6781.390000
6781.390000
6781.390000
6781.390000
6781.390000
6781.390000
6781.390000
6781.390000
6781.390000
6781.390000
6781.390000
6781.390000
6781.390000
6781.390000
6781.390000
6781.390000
6781.390000
6781.390000
6781.390000
6781.390000
6779.536184
6781.390000
6781.390000
6781.390000
6781.390000
6781.390000
6781.390000
6781.390000
6781.390000
6781.390000
6781.390000
6781.390000
6781.390000
6781.390000
6781.390000
6781.390000
6781.390000
6781.390000
6781.390000
6781.390000
6781.390000
6781.390000
6781.390000
6781.390000
6781.390000
6781.390000
6781.390000
6781.390000
6781.390000
6781.390000
6781.390000
6781.390000
6781.390000
6781.390000
6781.390000
6781.390000
6781.390000
6781.390000
6781.390000
6781.390000
6781.390000
6781.390000
6595.208526
6781.390000
6781.390000
6781.390000
766.489350
2895.148611
2897.382675
5019.379547
0.000000
0.000000
4600.790203
4132.977406
6781.390000
6781.390000
6781.390000
5967.871123
6781.390000
6781.390000
6781.390000
6781.390000
6781.390000
6781.390000
6781.390000
6781.390000
6781.390000
6781.390000
6781.390000
6781.390000
6781.390000
6781.390000
6781.390000
6781.390000
6781.390000
6781.390000
6781.390000
6781.390000
6781.390000
6781.390000
6781.390000
6781.390000
6781.390000
6781.390000
6781.390000
6781.390000
6781.390000
6781.390000
6781.390000
6781.390000
6781.390000
6781.390000
6781.390000
6781.390000
6781.390000
6781.390000
6781.390000
6781.390000
6781.390000
6781.390000
6781.390000
6781.390000
6781.390000
6781.390000
6781.390000
6781.390000
6781.390000
6781.390000
6781.390000
6781.390000
6781.390000
6781.390000
6781.390000
6781.390000
6781.390000
6781.390000
6781.390000
6781.390000
6781.390000
6781.390000
6781.390000
6781.390000
6781.390000
6781.390000
6781.390000
6781.390000
6781.390000
6781.390000
6781.390000
6781.390000
6781.390000
6781.390000
6781.390000
6781.390000
6781.390000
6781.390000
6781.390000
6781.390000
4037.848637
6489.133901
1856.363750
0.000000
0.000000
0.000000
3577.588501
3869.877433
0.000000
0.000000
1254.371805
1737.029260
6781.390000
6781.390000
6781.390000
6781.390000
6781.390000
6781.390000
6781.390000
6781.390000
6781.390000
6781.390000
6781.390000
6781.390000
6781.390000
6781.390000
6781.390000
6781.390000
6781.390000
6781.390000
6781.390000
6781.390000
6781.390000
6781.390000
6781.390000
6781.390000
6781.390000
6781.390000
6781.390000
6781.390000
6781.390000
6781.390000
6781.390000
6781.390000
6781.390000
6781.390000
6781.390000
6781.390000
6781.390000
6781.390000
6781.390000
6781.390000
6781.390000
6781.390000
6781.390000
6781.390000
6781.390000
6781.390000
6781.390000
6781.390000
6781.390000
6781.390000
6781.390000
6781.390000
6781.390000
6781.390000
6781.390000
6781.390000
6781.390000
6781.390000
6781.390000
6781.390000
6781.390000
6781.390000
6781.390000
6781.390000
6781.390000
6781.390000
6781.390000
6781.390000
6781.390000
6781.390000
6781.390000
6781.390000
6781.390000
6781.390000
6781.390000
6781.390000
6781.390000
6781.390000
6781.390000
6781.390000
6781.390000
6781.390000
6781.390000
6781.390000
6781.390000
6781.390000
6781.390000
6781.390000
6781.390000
6781.390000
6781.390000
6781.390000
6781.390000
6781.390000
6781.390000
6781.390000
6781.390000
6781.390000
6781.390000
6781.390000
6781.390000
6781.390000
6781.390000
6781.390000
6781.390000
6781.390000
6781.390000
6781.390000
6781.390000
6781.390000
6781.390000
6781.390000
6781.390000
6781.390000
6781.390000
6781.390000
6781.390000
6781.390000
6781.390000
6781.390000
6781.390000
6781.390000
6781.390000
6781.390000
6781.390000
6781.390000
6781.390000
6781.390000
6781.390000
6781.390000
6781.390000
6781.390000
6781.390000
6781.390000
6781.390000
6781.390000
6781.390000
6781.390000
6781.390000
6781.390000
6781.390000
6781.390000
6781.390000
6781.390000
6781.390000
6781.390000
6781.390000
6781.390000
6781.390000
6781.390000
6781.390000
6781.390000
6781.390000
6781.390000
6781.390000
6781.390000
6781.390000
6781.390000
6781.390000
6781.390000
6781.390000
6781.390000
6781.390000
6781.390000
6781.390000
6781.390000
6781.390000
6781.390000
6781.390000
6781.390000
6781.390000
6781.390000
6781.390000
6781.390000
6781.390000
6781.390000
6781.390000
6781.390000
6781.390000
6781.390000
6781.390000
6781.390000
6781.390000
6781.390000
6781.390000
6781.390000
6781.390000
6781.390000
6781.390000
6781.390000
6781.390000
6781.390000
6781.390000
6781.390000
6781.390000
6781.390000
6781.390000
6781.390000
6781.390000
6781.390000
6781.390000
6781.390000
6781.390000
6781.390000
6781.390000
6781.390000
6781.390000
6781.390000
6781.390000
6781.390000
6781.390000
6781.390000
6781.390000
6781.390000
6781.390000
6781.390000
6781.390000
6781.390000
6781.390000
6781.390000
6781.390000
6781.390000
6781.390000
6781.390000
6781.390000
6781.390000
6781.390000
6781.390000
6781.390000
6781.390000
6781.390000
6781.390000
6781.390000
6781.390000
6781.390000
6781.390000
6781.390000
6781.390000
6781.390000
6781.390000
6781.390000
6781.390000
6781.390000
6781.390000
6781.390000
6781.390000
6781.390000
6781.390000
6781.390000
6781.390000
6781.390000
6781.390000
6781.390000
6781.390000
6781.390000
6781.390000
6781.390000
6781.390000
6781.390000
6781.390000
6781.390000
6781.390000
6781.390000
6781.390000
6781.390000
6781.390000
6781.390000
6781.390000
6781.390000
6781.390000
6781.390000
6781.390000
6781.390000
6781.390000
6781.390000
6781.390000
6781.390000
6781.390000
6781.390000
6781.390000
6781.390000
6781.390000
6781.390000
6781.390000
6781.390000
6781.390000
6781.390000
6781.390000
6781.390000
6781.390000
6781.390000
6781.390000
6781.390000
6781.390000
6781.390000
6781.390000
6781.390000
6781.390000
6781.390000
6781.390000
6781.390000
6781.390000
6781.390000
6781.390000
6781.390000
6781.390000
6781.390000
6781.390000
6781.390000
6781.390000
6781.390000
6781.390000
6781.390000
6781.390000
6781.390000
6781.390000
6781.390000
6781.390000
6781.390000
6781.390000
6781.390000
6781.390000
6781.390000
6781.390000
6781.390000
6781.390000
6781.390000
6781.390000
6781.390000
525.211999
6781.390000
6781.390000
6781.390000
6781.390000
6781.390000
6781.390000
6781.390000
6781.390000
6781.390000
6781.390000
6781.390000
6781.390000
6781.390000
6781.390000
6781.390000
6781.390000
6781.390000
6781.390000
6781.390000
6781.390000
6781.390000
6781.390000
6781.390000
6781.390000
6781.390000
6781.390000
6781.390000
6781.390000
6781.390000
6781.390000
6781.390000
6781.390000
6781.390000
6781.390000
6781.390000
6781.390000
6781.390000
6781.390000
6781.390000
6781.390000
6781.390000
6781.390000
6781.390000
6781.390000
6781.390000
6781.390000
6781.390000
6781.390000
6781.390000
6781.390000
6781.390000
2229.045826
0.000000
0.000000
6781.390000
6781.390000
6781.390000
6781.390000
6781.390000
6781.390000
6781.390000
6781.390000
6781.390000
6781.390000
6781.390000
6781.390000
6781.390000
6781.390000
6781.390000
6781.390000
6781.390000
6781.390000
6781.390000
6781.390000
6781.390000
6781.390000
6781.390000
6781.390000
6781.390000
6781.390000
6781.390000
6781.390000
6781.390000
6781.390000
6781.390000
6781.390000
6781.390000
6781.390000
6781.390000
6781.390000
6781.390000
6781.390000
6781.390000
6781.390000
6781.390000
0.000000
2453.952807
2691.357169
0.000000
124.301208
3449.020611
4074.272087
6781.390000
6781.390000
6781.390000
6781.390000
6781.390000
6781.390000
6781.390000
6781.390000
6781.390000
6781.390000
6781.390000
6781.390000
6781.390000
6781.390000
6781.390000
6781.390000
6781.390000
6781.390000
6781.390000
6781.390000
6781.390000
6781.390000
6781.390000
6781.390000
6781.390000
6781.390000
6781.390000
6781.390000
6781.390000
6781.390000
6781.390000
6781.390000
6781.390000
6781.390000
6781.390000
6781.390000
6781.390000
6781.390000
6781.390000
6781.390000
0.000000
0.000000
0.000000
0.000000
0.000000
310.086900
6112.570639
6781.390000
6781.390000
6781.390000
6781.390000
6781.390000
6781.390000
6781.390000
6781.390000
6781.390000
6781.390000
6781.390000
6781.390000
6781.390000
6781.390000
6781.390000
6781.390000
6781.390000
6781.390000
6781.390000
6781.390000
6781.390000
6781.390000
6781.390000
6781.390000
6781.390000
6781.390000
6781.390000
6781.390000
6781.390000
6781.390000
6781.390000
6781.390000
6781.390000
6781.390000
6781.390000
2189.908871
6032.629565
6373.730654
6781.390000
6781.390000
6781.390000
6781.390000
6781.390000
6781.390000
6781.390000
6781.390000
6781.390000
6781.390000
6781.390000
6781.390000
6781.390000
6781.390000
6781.390000
6781.390000
6781.390000
6781.390000
6781.390000
6781.390000
6781.390000
6781.390000
6781.390000
6781.390000
6781.390000
6781.390000
6781.390000
6781.390000
6781.390000
6781.390000
6781.390000
6781.390000
6781.390000
6781.390000
6781.390000
6781.390000
6781.390000
6781.390000
6781.390000
6781.390000
6781.390000
6781.390000
6781.390000
6781.390000
6781.390000
6781.390000
6781.390000
1285.534959
2876.270215
6781.390000
6781.390000
6781.390000
6781.390000
6781.390000
6781.390000
6781.390000
6781.390000
6781.390000
6781.390000
6781.390000
6781.390000
6781.390000
6781.390000
6781.390000
6781.390000
6781.390000
6781.390000
6781.390000
6781.390000
6781.390000
6781.390000
6781.390000
6781.390000
6781.390000
6781.390000
6781.390000
6781.390000
6781.390000
6781.390000
6781.390000
6781.390000
6781.390000
6781.390000
6781.390000
6781.390000
6781.390000
6781.390000
6781.390000
6781.390000
6781.390000
6781.390000
6781.390000
6781.390000
6781.390000
6781.390000
6781.390000
6781.390000
0.000000
0.000000
227.142701
2498.059321
3942.909392
6052.490913
6781.390000
6781.390000
6781.390000
6781.390000
6781.390000
6781.390000
6781.390000
6781.390000
6781.390000
6781.390000
6781.390000
6781.390000
6781.390000
6781.390000
6781.390000
6781.390000
6781.390000
6781.390000
6781.390000
6781.390000
6781.390000
6781.390000
6781.390000
6781.390000
6781.390000
6781.390000
6781.390000
6781.390000
6781.390000
6781.390000
6781.390000
6781.390000
6781.390000
6781.390000
6781.390000
6781.390000
6781.390000
6781.390000
6781.390000
6781.390000
6781.390000
6781.390000
6781.390000
6781.390000
6781.390000
6781.390000
6781.390000
6781.390000
6781.390000
6781.390000
6781.390000
6781.390000
6781.390000
6781.390000
6781.390000
6781.390000
6781.390000
6781.390000
6781.390000
6781.390000
6781.390000
6781.390000
6781.390000
6781.390000
6781.390000
6781.390000
6781.390000
6781.390000
6781.390000
6781.390000
6781.390000
6781.390000
6781.390000
6781.390000
6781.390000
6781.390000
6781.390000
6781.390000
6781.390000
6781.390000
6781.390000
6781.390000
6781.390000
6781.390000
6781.390000
6781.390000
6781.390000
6781.390000
6781.390000
6781.390000
6781.390000
6781.390000
6781.390000
6781.390000
6781.390000
6781.390000
6781.390000
6781.390000
6781.390000
6781.390000
6781.390000
6781.390000
6781.390000
6781.390000
6781.390000
6781.390000
6781.390000
6781.390000
6781.390000
6781.390000
6781.390000
6781.390000
6781.390000
6781.390000
6781.390000
6781.390000
6781.390000
6781.390000
6781.390000
6781.390000
6781.390000
6781.390000
6781.390000
6781.390000
6781.390000
6781.390000
6781.390000
6781.390000
6781.390000
6781.390000
6781.390000
6781.390000
6781.390000
6781.390000
0.000000
0.000000
0.000000
0.000000
0.000000
0.000000
0.000000
0.000000
0.000000
0.000000
6355.394106
6781.390000
6781.390000
6781.390000
6781.390000
6781.390000
6781.390000
6781.390000
6781.390000
6781.390000
6781.390000
6781.390000
6781.390000
6781.390000
6781.390000
6781.390000
6781.390000
6781.390000
6781.390000
6781.390000
6781.390000
6781.390000
6781.390000
6781.390000
6781.390000
6781.390000
6781.390000
6781.390000
6781.390000
6781.390000
6781.390000
6781.390000
6781.390000
6781.390000
6781.390000
6781.390000
6781.390000
6781.390000
3216.061920
6494.541473
0.000000
2458.013164
6130.562103
4127.692583
611.657816
0.000000
2268.193470
2683.076509
3525.213528
4437.865859
6781.390000
6781.390000
6781.390000
6781.390000
6781.390000
6781.390000
6781.390000
6781.390000
6781.390000
6781.390000
6781.390000
6781.390000
6781.390000
6781.390000
6781.390000
6781.390000
6781.390000
6781.390000
6781.390000
6781.390000
6781.390000
6781.390000
6781.390000
6781.390000
6781.390000
6781.390000
6781.390000
6781.390000
6781.390000
6781.390000
6781.390000
6781.390000
6781.390000
6781.390000
6781.390000
6781.390000
6781.390000
6781.390000
6781.390000
6781.390000
6781.390000
6781.390000
6781.390000
6781.390000
6781.390000
6781.390000
6781.390000
6781.390000
6781.390000
6781.390000
6781.390000
6781.390000
6781.390000
6781.390000
6781.390000
6781.390000
6781.390000
6781.390000
6781.390000
6781.390000
6781.390000
6781.390000
6781.390000
6781.390000
6781.390000
6781.390000
6781.390000
6781.390000
6781.390000
6781.390000
6781.390000
6781.390000
6781.390000
6781.390000
6781.390000
6781.390000
6781.390000
6781.390000
6781.390000
6781.390000
6781.390000
6781.390000
6781.390000
6781.390000
6781.390000
6781.390000
6781.390000
6781.390000
6781.390000
6781.390000
6781.390000
6781.390000
6781.390000
6781.390000
6781.390000
6781.390000
6781.390000
6781.390000
6781.390000
6781.390000
6781.390000
6781.390000
6781.390000
6781.390000
6781.390000
6781.390000
6781.390000
6781.390000
6781.390000
6781.390000
6781.390000
6781.390000
6781.390000
6781.390000
6781.390000
6781.390000
6781.390000
6781.390000
6781.390000
6781.390000
6781.390000
6781.390000
6781.390000
6781.390000
6781.390000
6781.390000
6781.390000
6781.390000
6781.390000
6781.390000
6781.390000
6781.390000
0.000000
0.000000
0.000000
0.000000
0.000000
0.000000
0.000000
0.000000
0.000000
0.000000
6767.786143
6781.390000
6781.390000
6781.390000
6781.390000
6781.390000
6781.390000
6781.390000
6781.390000
6781.390000
6781.390000
6781.390000
6781.390000
6781.390000
6781.390000
6781.390000
6781.390000
6781.390000
6781.390000
6781.390000
6781.390000
6781.390000
6781.390000
6781.390000
6781.390000
6781.390000
6781.390000
6781.390000
6781.390000
6781.390000
6781.390000
6781.390000
6781.390000
6781.390000
6781.390000
6781.390000
6781.390000
6781.390000
0.000000
0.000000
0.000000
0.000000
0.000000
0.000000
0.000000
0.000000
6781.390000
6781.390000
6781.390000
6781.390000
6781.390000
6781.390000
6781.390000
6781.390000
6781.390000
6781.390000
6781.390000
6781.390000
6781.390000
6781.390000
6781.390000
6781.390000
6781.390000
6781.390000
6781.390000
6781.390000
6781.390000
6781.390000
6781.390000
6781.390000
6781.390000
6781.390000
6781.390000
6781.390000
6781.390000
6781.390000
6781.390000
6781.390000
6781.390000
6781.390000
6781.390000
6781.390000
6781.390000
6781.390000
6781.390000
6781.390000
6781.390000
6781.390000
6781.390000
6781.390000
6781.390000
6781.390000
6781.390000
6781.390000
6781.390000
6781.390000
6781.390000
6781.390000
6781.390000
6781.390000
6781.390000
6781.390000
6781.390000
6781.390000
6781.390000
6781.390000
6781.390000
6781.390000
6781.390000
6781.390000
6781.390000
6781.390000
6781.390000
6781.390000
6781.390000
6781.390000
6781.390000
6781.390000
6781.390000
6781.390000
6781.390000
6781.390000
6781.390000
6781.390000
6781.390000
6781.390000
6781.390000
6781.390000
6781.390000
6781.390000
6781.390000
6781.390000
6781.390000
6781.390000
6781.390000
6781.390000
6781.390000
6781.390000
6781.390000
6781.390000
6781.390000
6781.390000
6781.390000
6781.390000
4430.840798
5436.064464
6781.390000
6781.390000
6781.390000
6781.390000
6781.390000
6781.390000
6781.390000
6781.390000
6781.390000
6781.390000
6781.390000
6781.390000
6781.390000
6781.390000
6781.390000
6781.390000
6781.390000
6781.390000
6781.390000
6781.390000
6781.390000
6781.390000
6781.390000
6781.390000
6781.390000
6781.390000
6781.390000
6781.390000
6781.390000
6781.390000
6781.390000
6781.390000
6781.390000
6781.390000
6781.390000
6781.390000
6781.390000
6781.390000
6781.390000
6781.390000
6781.390000
6781.390000
6781.390000
6781.390000
6781.390000
6781.390000
0.000000
0.000000
0.000000
0.000000
0.000000
1855.288676
6353.089946
6781.390000
6781.390000
6781.390000
6781.390000
6781.390000
6781.390000
6781.390000
6781.390000
6781.390000
6781.390000
6781.390000
6781.390000
6781.390000
6781.390000
6781.390000
6781.390000
6781.390000
6781.390000
6781.390000
6781.390000
6781.390000
6781.390000
6781.390000
6781.390000
6781.390000
6781.390000
6781.390000
6781.390000
6781.390000
2843.869948
5663.551188
0.000000
0.000000
0.000000
0.000000
0.000000
0.000000
0.000000
0.000000
0.000000
0.000000
0.000000
0.000000
0.000000
0.000000
0.000000
0.000000
1779.305287
0.000000
0.000000
0.000000
4797.052323
6448.429644
6781.390000
6781.390000
6781.390000
6781.390000
6781.390000
6781.390000
6781.390000
6781.390000
6781.390000
6781.390000
6781.390000
6781.390000
6781.390000
6781.390000
6781.390000
6781.390000
6781.390000
6781.390000
6781.390000
6781.390000
6781.390000
6781.390000
6781.390000
6781.390000
6781.390000
6781.390000
0.000000
0.000000
0.000000
0.000000
0.000000
0.000000
0.000000
0.000000
2096.397884
3877.880787
6781.390000
6781.390000
6781.390000
6781.390000
6781.390000
6781.390000
6781.390000
6781.390000
6781.390000
6781.390000
6781.390000
6781.390000
6781.390000
6781.390000
6781.390000
6781.390000
6781.390000
6781.390000
6781.390000
6781.390000
6781.390000
6781.390000
6781.390000
6781.390000
6781.390000
6781.390000
6781.390000
6781.390000
6781.390000
6781.390000
6781.390000
6781.390000
6781.390000
6781.390000
6781.390000
6781.390000
6781.390000
6781.390000
0.000000
0.000000
0.000000
0.000000
0.000000
0.000000
0.000000
0.000000
6781.390000
6781.390000
6781.390000
6781.390000
6781.390000
6781.390000
6781.390000
6781.390000
6781.390000
6781.390000
6781.390000
6781.390000
6781.390000
6781.390000
6781.390000
6781.390000
6781.390000
6781.390000
6781.390000
6781.390000
6781.390000
6781.390000
6781.390000
6781.390000
6781.390000
6781.390000
6781.390000
6781.390000
6781.390000
6781.390000
6781.390000
6781.390000
6781.390000
6781.390000
6781.390000
6781.390000
6781.390000
6781.390000
6781.390000
6781.390000
5275.654835
6781.390000
3460.838170
6174.548115
4515.201161
2996.960240
2772.785453
1146.240847
6781.390000
6781.390000
6297.321599
6781.390000
4796.001812
5313.199068
6781.390000
6781.390000
6781.390000
6781.390000
6781.390000
6781.390000
6781.390000
6781.390000
6781.390000
6781.390000
6781.390000
6781.390000
6781.390000
6781.390000
6781.390000
6781.390000
6781.390000
6781.390000
6781.390000
6781.390000
6781.390000
6781.390000
6781.390000
6781.390000
6781.390000
6781.390000
6781.390000
6781.390000
6781.390000
6781.390000
6781.390000
6781.390000
6781.390000
6781.390000
6781.390000
6781.390000
6781.390000
6781.390000
6781.390000
6781.390000
6781.390000
6781.390000
6781.390000
6781.390000
6781.390000
6781.390000
6781.390000
6781.390000
6781.390000
6781.390000
6781.390000
6781.390000
6781.390000
6781.390000
6781.390000
6781.390000
6781.390000
6781.390000
6781.390000
6781.390000
6781.390000
6781.390000
6781.390000
6781.390000
6781.390000
6781.390000
6781.390000
6781.390000
6781.390000
6781.390000
6781.390000
6781.390000
6781.390000
6781.390000
6781.390000
6781.390000
6781.390000
6781.390000
6781.390000
6781.390000
6781.390000
6781.390000
6781.390000
6781.390000
6781.390000
6781.390000
6781.390000
6781.390000
6781.390000
6781.390000
6781.390000
6781.390000
6781.390000
6781.390000
6781.390000
6781.390000
6781.390000
6781.390000
6781.390000
6781.390000
6781.390000
6781.390000
6781.390000
6781.390000
6781.390000
6781.390000
6781.390000
6781.390000
6781.390000
6781.390000
6781.390000
6781.390000
6781.390000
6781.390000
6781.390000
6781.390000
6781.390000
6781.390000
6781.390000
6781.390000
6781.390000
6781.390000
6781.390000
6781.390000
6781.390000
6781.390000
6781.390000
6781.390000
6781.390000
6781.390000
6781.390000
6781.390000
6781.390000
6781.390000
6781.390000
6781.390000
6781.390000
6781.390000
6781.390000
6781.390000
6781.390000
6781.390000
6781.390000
6781.390000
6781.390000
6781.390000
6781.390000
6781.390000
6781.390000
6781.390000
6781.390000
6781.390000
6781.390000
6781.390000
6781.390000
6781.390000
6781.390000
6781.390000
6781.390000
6781.390000
6781.390000
6781.390000
6781.390000
6781.390000
6781.390000
6781.390000
6781.390000
6781.390000
6781.390000
6781.390000
6781.390000
6781.390000
6781.390000
6781.390000
6781.390000
6781.390000
6781.390000
6781.390000
6781.390000
6781.390000
6781.390000
6781.390000
6781.390000
6781.390000
6781.390000
6781.390000
6781.390000
6781.390000
6781.390000
6781.390000
6781.390000
6781.390000
6781.390000
6781.390000
6781.390000
6781.390000
6781.390000
6781.390000
6781.390000
6781.390000
6781.390000
6781.390000
6781.390000
6781.390000
6781.390000
6781.390000
6781.390000
6781.390000
6781.390000
6781.390000
6781.390000
6781.390000
6781.390000
6781.390000
6781.390000
6781.390000
6781.390000
6781.390000
6781.390000
6781.390000
6781.390000
6781.390000
6781.390000
6781.390000
6781.390000
6781.390000
6781.390000
6781.390000
1022.209332
2586.571934
272.575744
2590.765060
4590.018213
6337.376347
6781.390000
6781.390000
6781.390000
6781.390000
6781.390000
6781.390000
6781.390000
6781.390000
6781.390000
6781.390000
6781.390000
6781.390000
6781.390000
6781.390000
6781.390000
6781.390000
6781.390000
6781.390000
6781.390000
6781.390000
6781.390000
6781.390000
6781.390000
6781.390000
6781.390000
6781.390000
6781.390000
6781.390000
6781.390000
6781.390000
6781.390000
6781.390000
6781.390000
6781.390000
6781.390000
6781.390000
6781.390000
6781.390000
6781.390000
6781.390000
3693.289694
4702.875000
0.000000
0.000000
0.000000
0.000000
4798.380273
6781.390000
6781.390000
6781.390000
6781.390000
6781.390000
6781.390000
6781.390000
6781.390000
6781.390000
6781.390000
6781.390000
6781.390000
6781.390000
6781.390000
6781.390000
6781.390000
6781.390000
6781.390000
6781.390000
6781.390000
6781.390000
6781.390000
6781.390000
6781.390000
6781.390000
6781.390000
6781.390000
6781.390000
6781.390000
6781.390000
6781.390000
6781.390000
6781.390000
6781.390000
6781.390000
6781.390000
6781.390000
6781.390000
6781.390000
6781.390000
6781.390000
6781.390000
6781.390000
2924.061540
5559.207199
6263.176770
4561.889752
2396.663573
675.610810
6781.390000
6781.390000
6781.390000
6781.390000
6781.390000
6781.390000
6781.390000
6781.390000
6781.390000
6781.390000
6781.390000
6781.390000
6781.390000
6781.390000
6781.390000
6781.390000
6781.390000
6781.390000
6781.390000
6781.390000
6781.390000
6781.390000
6781.390000
6781.390000
6781.390000
6781.390000
6781.390000
6781.390000
6781.390000
6781.390000
6781.390000
6781.390000
6781.390000
6781.390000
6781.390000
6781.390000
6781.390000
6781.390000
6781.390000
6781.390000
6781.390000
6781.390000
0.000000
865.181516
0.000000
0.000000
0.000000
0.000000
6781.390000
6781.390000
6781.390000
6781.390000
6781.390000
6781.390000
6781.390000
6781.390000
6781.390000
6781.390000
6781.390000
6781.390000
6781.390000
6781.390000
6781.390000
6781.390000
6781.390000
6781.390000
6781.390000
6781.390000
6781.390000
6781.390000
6781.390000
6781.390000
6781.390000
6781.390000
6781.390000
6781.390000
6781.390000
6781.390000
6781.390000
6781.390000
6781.390000
6781.390000
6781.390000
6781.390000
6781.390000
6781.390000
6781.390000
6781.390000
2312.753145
5368.287018
0.000000
2209.000013
837.229597
0.000000
0.000000
0.000000
5330.109462
5567.993182
6781.390000
6781.390000
6781.390000
6781.390000
6781.390000
6781.390000
6781.390000
6781.390000
6781.390000
6781.390000
6781.390000
6781.390000
6781.390000
6781.390000
6781.390000
6781.390000
6781.390000
6781.390000
6781.390000
6781.390000
6781.390000
6781.390000
6781.390000
6781.390000
6781.390000
6781.390000
6781.390000
6781.390000
6781.390000
6781.390000
6781.390000
6781.390000
6781.390000
6781.390000
6781.390000
6781.390000
6781.390000
6781.390000
0.000000
0.000000
0.000000
0.000000
0.000000
0.000000
0.000000
0.000000
0.000000
0.000000
0.000000
0.000000
0.000000
203.143645
6781.390000
6781.390000
6781.390000
6781.390000
6781.390000
6781.390000
6781.390000
6781.390000
6781.390000
6781.390000
6781.390000
6781.390000
6781.390000
6781.390000
6781.390000
6781.390000
6781.390000
6781.390000
6781.390000
6781.390000
6781.390000
6781.390000
6781.390000
6781.390000
6781.390000
6781.390000
6781.390000
6781.390000
6781.390000
6781.390000
6781.390000
6781.390000
6781.390000
6781.390000
0.000000
0.000000
0.000000
0.000000
0.000000
0.000000
0.000000
0.000000
0.000000
0.000000
0.000000
0.000000
293.300048
1056.603074
6781.390000
6781.390000
6781.390000
6781.390000
6781.390000
6781.390000
6781.390000
6781.390000
6781.390000
6781.390000
6781.390000
6781.390000
6781.390000
6781.390000
6781.390000
6781.390000
6781.390000
6781.390000
6781.390000
6781.390000
6781.390000
6781.390000
6781.390000
6781.390000
6781.390000
6781.390000
6781.390000
6781.390000
6781.390000
6781.390000
6781.390000
6781.390000
6781.390000
6781.390000
1050.606320
2166.466197
0.000000
0.000000
0.000000
0.000000
4039.982297
6102.380122
6781.390000
6781.390000
6781.390000
6781.390000
6781.390000
6781.390000
6781.390000
6781.390000
6781.390000
6781.390000
6781.390000
6781.390000
6781.390000
6781.390000
6781.390000
6781.390000
6781.390000
6781.390000
6781.390000
6781.390000
6781.390000
6781.390000
6781.390000
6781.390000
6781.390000
6781.390000
6781.390000
6781.390000
6781.390000
6781.390000
6781.390000
6781.390000
6781.390000
6781.390000
6781.390000
6781.390000
6781.390000
6781.390000
6781.390000
6781.390000
0.000000
0.000000
0.000000
0.000000
0.000000
0.000000
0.000000
0.000000
0.000000
0.000000
0.000000
0.000000
0.000000
0.000000
0.000000
0.000000
5480.878537
6781.390000
6781.390000
6781.390000
6781.390000
6781.390000
6781.390000
6781.390000
6781.390000
6781.390000
6781.390000
6781.390000
6781.390000
6781.390000
6781.390000
6781.390000
6781.390000
6781.390000
6781.390000
6781.390000
6781.390000
6781.390000
6781.390000
6781.390000
6781.390000
6781.390000
6781.390000
6781.390000
6781.390000
6781.390000
6781.390000
6781.390000
6270.136816
6781.390000
0.000000
4.371891
0.000000
0.000000
0.000000
0.000000
0.000000
0.000000
3601.421655
4507.741648
6781.390000
6781.390000
6781.390000
6781.390000
6781.390000
0.000000
6781.390000
6781.390000
6781.390000
6781.390000
6781.390000
6781.390000
6781.390000
6781.390000
6781.390000
6781.390000
6781.390000
6781.390000
6781.390000
6781.390000
6781.390000
6781.390000
6781.390000
6781.390000
6781.390000
6781.390000
6781.390000
6781.390000
6781.390000
6781.390000
6781.390000
6781.390000
6781.390000
6781.390000
6781.390000
6781.390000
6781.390000
6781.390000
6781.390000
6781.390000
6781.390000
6781.390000
6781.390000
6781.390000
6781.390000
6781.390000
6781.390000
6781.390000
6781.390000
6781.390000
6781.390000
6781.390000
6781.390000
6781.390000
6781.390000
6781.390000
6781.390000
6781.390000
6781.390000
6781.390000
6781.390000
6781.390000
6781.390000
6781.390000
6781.390000
6781.390000
6781.390000
6781.390000
6781.390000
6781.390000
6781.390000
6781.390000
6781.390000
6781.390000
6781.390000
6781.390000
6781.390000
6781.390000
6781.390000
6781.390000
6781.390000
6781.390000
6781.390000
6781.390000
2358.177734
5405.984183
0.000000
2242.647355
871.126128
0.000000
0.000000
0.000000
5326.113412
5574.465489
6781.390000
6781.390000
6781.390000
6781.390000
6781.390000
6781.390000
6781.390000
6781.390000
6781.390000
6781.390000
6781.390000
6781.390000
6781.390000
6781.390000
6781.390000
6781.390000
6781.390000
6781.390000
6781.390000
6781.390000
6781.390000
6781.390000
6781.390000
6781.390000
6781.390000
6781.390000
6781.390000
6781.390000
6781.390000
6781.390000
6781.390000
6781.390000
6781.390000
6781.390000
6781.390000
6781.390000
6781.390000
6781.390000
0.000000
0.000000
0.000000
0.000000
0.000000
0.000000
0.000000
0.000000
0.000000
0.000000
0.000000
0.000000
0.000000
164.598307
6781.390000
6781.390000
6781.390000
6781.390000
6781.390000
6781.390000
6781.390000
6781.390000
6781.390000
6781.390000
6781.390000
6781.390000
6781.390000
6781.390000
6781.390000
6781.390000
6781.390000
6781.390000
6781.390000
6781.390000
6781.390000
6781.390000
6781.390000
6781.390000
6781.390000
6781.390000
6781.390000
6781.390000
6781.390000
6781.390000
6781.390000
6781.390000
6781.390000
6781.390000
6781.390000
6781.390000
6781.390000
6781.390000
6781.390000
6781.390000
6781.390000
6781.390000
6781.390000
6781.390000
6781.390000
6781.390000
6781.390000
6781.390000
6781.390000
6781.390000
6781.390000
6781.390000
6781.390000
6781.390000
6781.390000
6781.390000
6781.390000
6781.390000
6781.390000
6781.390000
6781.390000
6781.390000
6781.390000
6781.390000
6781.390000
6781.390000
6781.390000
6781.390000
6781.390000
6781.390000
6781.390000
6781.390000
6781.390000
6781.390000
6781.390000
6781.390000
6781.390000
6781.390000
6781.390000
6781.390000
6781.390000
6781.390000
6781.390000
6781.390000
4914.932527
6483.101358
710.901859
3171.582716
5035.499884
6781.390000
6781.390000
6781.390000
6781.390000
6781.390000
6781.390000
6781.390000
6781.390000
6781.390000
6781.390000
6781.390000
6781.390000
6781.390000
6781.390000
6781.390000
6781.390000
6781.390000
6781.390000
6781.390000
6781.390000
6781.390000
6781.390000
6781.390000
6781.390000
6781.390000
6781.390000
6781.390000
6781.390000
6781.390000
6781.390000
6781.390000
6781.390000
6781.390000
6781.390000
6781.390000
6781.390000
6781.390000
6781.390000
6781.390000
6781.390000
6781.390000
6781.390000
6781.390000
0.000000
0.000000
0.000000
0.000000
0.000000
0.000000
2.435083
2025.519584
5351.418890
5579.803524
6781.390000
6781.390000
6781.390000
6781.390000
6781.390000
6781.390000
6781.390000
6781.390000
6781.390000
6781.390000
6781.390000
6781.390000
6781.390000
6781.390000
6781.390000
6781.390000
6781.390000
6781.390000
6781.390000
6781.390000
6781.390000
6781.390000
6781.390000
6781.390000
6781.390000
6781.390000
6781.390000
6781.390000
6781.390000
6781.390000
6781.390000
6781.390000
6781.390000
6781.390000
6781.390000
6781.390000
6781.390000
6781.390000
6781.390000
6781.390000
6781.390000
6781.390000
6781.390000
6781.390000
6781.390000
6781.390000
6781.390000
6781.390000
6781.390000
6781.390000
6781.390000
6781.390000
6781.390000
6781.390000
6781.390000
6781.390000
6781.390000
6781.390000
6781.390000
6781.390000
6781.390000
6781.390000
6781.390000
6781.390000
6781.390000
6781.390000
6781.390000
6781.390000
6781.390000
6781.390000
6781.390000
6781.390000
6781.390000
6781.390000
6781.390000
6781.390000
6781.390000
6781.390000
6781.390000
6781.390000
6781.390000
6781.390000
6781.390000
6781.390000
6781.390000
6781.390000
6781.390000
6781.390000
1486.922623
3825.729317
6781.390000
6781.390000
6781.390000
6781.390000
6781.390000
6781.390000
6781.390000
6781.390000
6781.390000
6781.390000
6781.390000
6781.390000
6781.390000
6781.390000
6781.390000
6781.390000
6781.390000
6781.390000
6781.390000
6781.390000
6781.390000
6781.390000
6781.390000
6781.390000
6781.390000
6781.390000
6781.390000
6781.390000
6781.390000
6781.390000
6781.390000
6781.390000
6781.390000
6781.390000
6781.390000
6781.390000
6781.390000
6781.390000
6781.390000
6781.390000
6781.390000
6781.390000
2310.829107
5366.445793
0.000000
2185.863301
815.116383
0.000000
0.000000
0.000000
5310.957430
5559.817353
6781.390000
6781.390000
6781.390000
6781.390000
6781.390000
6781.390000
6781.390000
6781.390000
6781.390000
6781.390000
6781.390000
6781.390000
6781.390000
6781.390000
6781.390000
6781.390000
6781.390000
6781.390000
6781.390000
6781.390000
6781.390000
6781.390000
6781.390000
6781.390000
6781.390000
6781.390000
6781.390000
6781.390000
6781.390000
6781.390000
6781.390000
6781.390000
6781.390000
6781.390000
6781.390000
6781.390000
6781.390000
6781.390000
0.000000
0.000000
0.000000
0.000000
0.000000
0.000000
0.000000
0.000000
0.000000
0.000000
0.000000
0.000000
0.000000
176.282150
6781.390000
6781.390000
6781.390000
6781.390000
6781.390000
6781.390000
6781.390000
6781.390000
6781.390000
6781.390000
6781.390000
6781.390000
6781.390000
6781.390000
6781.390000
6781.390000
6781.390000
6781.390000
6781.390000
6781.390000
6781.390000
6781.390000
6781.390000
6781.390000
6781.390000
6781.390000
6781.390000
6781.390000
6781.390000
6781.390000
6781.390000
6781.390000
6781.390000
6781.390000
6781.390000
6781.390000
6781.390000
6781.390000
6781.390000
6781.390000
6781.390000
6781.390000
6781.390000
6781.390000
6781.390000
6781.390000
6781.390000
6781.390000
6781.390000
6781.390000
6781.390000
6781.390000
6781.390000
6781.390000
6781.390000
6781.390000
6781.390000
6781.390000
6781.390000
6781.390000
6781.390000
6781.390000
6781.390000
6781.390000
6781.390000
6781.390000
6781.390000
6781.390000
6781.390000
6781.390000
6781.390000
6781.390000
6781.390000
6781.390000
6781.390000
6781.390000
6781.390000
6781.390000
6781.390000
6781.390000
6781.390000
6781.390000
2851.969511
3905.276345
0.000000
0.000000
0.000000
0.000000
0.000000
0.000000
0.000000
0.000000
0.000000
0.000000
0.000000
0.000000
0.000000
0.000000
0.000000
0.000000
0.000000
0.000000
0.000000
0.000000
0.000000
0.000000
4316.546557
2803.650467
3747.448972
3622.607796
2245.351793
1526.327098
1541.526779
1763.953212
464.787356
296.622119
693.758253
459.538535
0.000000
6781.390000
6781.390000
6781.390000
6781.390000
6781.390000
6781.390000
6781.390000
6781.390000
6781.390000
6781.390000
6781.390000
6781.390000
5071.209559
0.000000
0.000000
0.000000
0.000000
0.000000
0.000000
0.000000
0.000000
0.000000
0.000000
0.000000
0.000000
0.000000
0.000000
0.000000
0.000000
0.000000
0.000000
0.000000
0.000000
0.000000
0.000000
6781.390000
6781.390000
6781.390000
6781.390000
6781.390000
6781.390000
6781.390000
6781.390000
6781.390000
6781.390000
6781.390000
6781.390000
6781.390000
6781.390000
6781.390000
6781.390000
6781.390000
6781.390000
6781.390000
6781.390000
6781.390000
6781.390000
6781.390000
6781.390000
0.000000
0.000000
0.000000
0.000000
0.000000
0.000000
0.000000
0.000000
0.000000
0.000000
0.000000
0.000000
0.000000
0.000000
0.000000
0.000000
0.000000
1137.014875
4065.526339
6781.390000
6781.390000
6781.390000
6781.390000
6781.390000
6781.390000
6781.390000
6781.390000
6781.390000
6781.390000
6781.390000
6781.390000
6781.390000
6781.390000
6781.390000
6781.390000
6781.390000
6781.390000
6781.390000
6781.390000
6781.390000
6781.390000
6781.390000
6781.390000
6781.390000
6781.390000
6781.390000
6781.390000
6781.390000
6781.390000
6781.390000
6781.390000
6781.390000
6781.390000
6192.584512
5895.436452
3622.586233
3381.640480
3738.168603
6015.206195
6698.048124
6781.390000
6781.390000
6781.390000
6781.390000
6781.390000
0.000000
0.000000
517.090577
6781.390000
6781.390000
6781.390000
6781.390000
6781.390000
6781.390000
6781.390000
6781.390000
6781.390000
6781.390000
6781.390000
6781.390000
6781.390000
6781.390000
6781.390000
6781.390000
6781.390000
6781.390000
6781.390000
6781.390000
6781.390000
6781.390000
6781.390000
6781.390000
6781.390000
6781.390000
6781.390000
6781.390000
6781.390000
6781.390000
0.000000
0.000000
0.000000
0.000000
0.000000
0.000000
0.000000
0.000000
0.000000
0.000000
0.000000
0.000000
0.000000
0.000000
159.651717
6781.390000
6781.390000
6781.390000
6781.390000
6781.390000
6781.390000
6781.390000
6781.390000
6781.390000
6781.390000
6781.390000
6781.390000
6781.390000
6781.390000
6781.390000
6781.390000
6781.390000
6781.390000
6781.390000
6781.390000
6781.390000
6781.390000
6781.390000
6781.390000
6781.390000
6781.390000
6781.390000
6781.390000
6781.390000
6781.390000
6781.390000
6781.390000
6781.390000
6781.390000
6781.390000
6781.390000
6781.390000
871.008659
0.000000
3210.578818
3625.834637
3939.584647
4647.751551
6781.390000
6781.390000
6781.390000
6781.390000
6781.390000
6781.390000
6781.390000
6781.390000
6781.390000
6781.390000
6781.390000
6781.390000
6781.390000
6781.390000
6781.390000
6781.390000
6781.390000
6781.390000
6781.390000
6781.390000
6781.390000
6781.390000
6781.390000
6781.390000
6781.390000
6781.390000
6781.390000
6781.390000
6781.390000
6781.390000
6781.390000
6781.390000
6781.390000
6781.390000
6781.390000
6781.390000
6781.390000
6781.390000
2100.003719
4674.590588
6781.390000
6781.390000
6781.390000
6781.390000
6781.390000
6781.390000
6781.390000
6781.390000
6781.390000
6781.390000
6781.390000
6781.390000
6781.390000
6781.390000
6781.390000
6781.390000
6781.390000
6781.390000
6781.390000
6781.390000
6781.390000
6781.390000
6781.390000
6781.390000
6781.390000
6781.390000
6781.390000
6781.390000
6781.390000
6781.390000
6781.390000
6781.390000
6781.390000
6781.390000
6781.390000
6781.390000
6781.390000
6781.390000
6781.390000
6781.390000
6781.390000
6781.390000
6781.390000
6781.390000
2379.710120
3315.338410
0.000000
0.000000
0.000000
0.000000
0.000000
0.000000
258.456679
2411.632445
6781.390000
6781.390000
6781.390000
6781.390000
6781.390000
6781.390000
6781.390000
6781.390000
6781.390000
6781.390000
6781.390000
6781.390000
6781.390000
6781.390000
6781.390000
6781.390000
6781.390000
6781.390000
6781.390000
6781.390000
6781.390000
6781.390000
6781.390000
6781.390000
6781.390000
6781.390000
6781.390000
6781.390000
6781.390000
6781.390000
6781.390000
6781.390000
6781.390000
6781.390000
6781.390000
6781.390000
6781.390000
6781.390000
4013.470450
4863.379352
0.000000
0.000000
0.000000
0.000000
0.000000
0.000000
6781.390000
6781.390000
6781.390000
6781.390000
6781.390000
6781.390000
6781.390000
6781.390000
6781.390000
6781.390000
6781.390000
6781.390000
6781.390000
6781.390000
6781.390000
6781.390000
6781.390000
6781.390000
6781.390000
6781.390000
6781.390000
6781.390000
6781.390000
6781.390000
6781.390000
6781.390000
6781.390000
6781.390000
6781.390000
6781.390000
6781.390000
6781.390000
6781.390000
6781.390000
6781.390000
6781.390000
6781.390000
6781.390000
6781.390000
6781.390000
6781.390000
6781.390000
2031.510648
4744.006525
1822.733013
271.659828
0.000000
0.000000
0.000000
0.000000
3884.538151
4728.103776
6781.390000
6781.390000
6781.390000
6781.390000
6781.390000
6781.390000
6781.390000
6781.390000
6781.390000
6781.390000
6781.390000
6781.390000
6781.390000
6781.390000
6781.390000
6781.390000
6781.390000
6781.390000
6781.390000
6781.390000
6781.390000
6781.390000
6781.390000
6781.390000
6781.390000
6781.390000
6781.390000
6781.390000
6781.390000
6781.390000
6781.390000
6781.390000
6781.390000
6781.390000
6781.390000
6781.390000
6781.390000
6781.390000
1927.014155
4807.010571
6781.390000
5538.362247
6181.352441
4970.769068
0.000000
0.000000
2986.870015
4085.803653
6781.390000
6781.390000
6781.390000
6781.390000
6781.390000
6781.390000
6781.390000
6781.390000
6781.390000
6781.390000
6781.390000
6781.390000
6781.390000
6781.390000
6781.390000
6781.390000
6781.390000
6781.390000
6781.390000
6781.390000
6781.390000
6781.390000
6781.390000
6781.390000
6781.390000
6781.390000
6781.390000
6781.390000
6781.390000
6781.390000
6781.390000
6781.390000
6781.390000
6781.390000
6781.390000
6781.390000
6781.390000
6781.390000
0.000000
0.000000
0.000000
0.000000
0.000000
0.000000
0.000000
0.000000
0.000000
0.000000
5744.061264
6638.014471
6781.390000
6781.390000
6781.390000
6781.390000
6781.390000
6781.390000
6781.390000
6781.390000
6781.390000
6781.390000
6781.390000
6781.390000
6781.390000
6781.390000
6781.390000
6781.390000
6781.390000
6781.390000
6781.390000
6781.390000
6781.390000
6781.390000
6781.390000
6781.390000
6781.390000
6781.390000
6781.390000
6781.390000
6781.390000
6781.390000
6781.390000
6781.390000
6781.390000
6781.390000
6781.390000
6781.390000
4287.734106
6781.390000
6540.507434
5348.644501
1645.750812
400.388791
3737.250819
4438.451146
6781.390000
6781.390000
6781.390000
6781.390000
6781.390000
6781.390000
6781.390000
6781.390000
6781.390000
6781.390000
6781.390000
6781.390000
6781.390000
6781.390000
6781.390000
6781.390000
6781.390000
6781.390000
6781.390000
6781.390000
6781.390000
6781.390000
6781.390000
6781.390000
6781.390000
6781.390000
6781.390000
6781.390000
6781.390000
6781.390000
6781.390000
6781.390000
6781.390000
6781.390000
6781.390000
6781.390000
6781.390000
6781.390000
6781.390000
6781.390000
0.000000
2884.392778
0.000000
0.000000
0.000000
0.000000
0.000000
0.000000
0.000000
671.586115
4421.372221
5171.157200
6263.984864
6781.390000
6781.390000
6781.390000
6781.390000
6781.390000
6781.390000
6781.390000
6781.390000
6781.390000
6781.390000
6781.390000
6781.390000
6781.390000
6781.390000
6781.390000
6781.390000
6781.390000
6781.390000
6781.390000
6781.390000
6781.390000
6781.390000
6781.390000
6781.390000
6781.390000
6781.390000
6781.390000
6781.390000
6781.390000
6781.390000
6781.390000
6781.390000
6781.390000
6781.390000
6781.390000
0.000000
1020.349397
1800.262290
4419.153689
6781.390000
6781.390000
6781.390000
6781.390000
6781.390000
6781.390000
6781.390000
6781.390000
6781.390000
6781.390000
6781.390000
6781.390000
6781.390000
6781.390000
6781.390000
6781.390000
6781.390000
6781.390000
6781.390000
6781.390000
6781.390000
6781.390000
6781.390000
6781.390000
6781.390000
6781.390000
6781.390000
6781.390000
6781.390000
6781.390000
6781.390000
6781.390000
6781.390000
6781.390000
6781.390000
6781.390000
6781.390000
6781.390000
6781.390000
6781.390000
6781.390000
6781.390000
6781.390000
6781.390000
6104.937904
6781.390000
3270.665560
5675.361393
6781.390000
6781.390000
6781.390000
6781.390000
6781.390000
6781.390000
6781.390000
6781.390000
6781.390000
6781.390000
6781.390000
6781.390000
6781.390000
6781.390000
6781.390000
6781.390000
6781.390000
6781.390000
6781.390000
6781.390000
6781.390000
6781.390000
6781.390000
6781.390000
6781.390000
6781.390000
6781.390000
6781.390000
6781.390000
6781.390000
6781.390000
6781.390000
6781.390000
6781.390000
6781.390000
6781.390000
6781.390000
6781.390000
6781.390000
6781.390000
6781.390000
6781.390000
6781.390000
6781.390000
6781.390000
6781.390000
6781.390000
6781.390000
6781.390000
6781.390000
6781.390000
6781.390000
6781.390000
6781.390000
6781.390000
6781.390000
6781.390000
6781.390000
6781.390000
6781.390000
6781.390000
6781.390000
6781.390000
6781.390000
6781.390000
6781.390000
6781.390000
6781.390000
6781.390000
6781.390000
6781.390000
6781.390000
6781.390000
6781.390000
6781.390000
6781.390000
6781.390000
6781.390000
6781.390000
6781.390000
6781.390000
6781.390000
6781.390000
6781.390000
6781.390000
6781.390000
6781.390000
6781.390000
6781.390000
6781.390000
6781.390000
6781.390000
6781.390000
6781.390000
6781.390000
6781.390000
6781.390000
6781.390000
6781.390000
6781.390000
6781.390000
6781.390000
6781.390000
6781.390000
6781.390000
6781.390000
6781.390000
6781.390000
6781.390000
6781.390000
6781.390000
6781.390000
6781.390000
6781.390000
6781.390000
6781.390000
6781.390000
6781.390000
6781.390000
6781.390000
6781.390000
6781.390000
6781.390000
6781.390000
6781.390000
6781.390000
6781.390000
6781.390000
6781.390000
6781.390000
6781.390000
6781.390000
6781.390000
6781.390000
6781.390000
6781.390000
6781.390000
6781.390000
6781.390000
6781.390000
6781.390000
6781.390000
6781.390000
6781.390000
6781.390000
6781.390000
6781.390000
6781.390000
6781.390000
6781.390000
6781.390000
6781.390000
6781.390000
6781.390000
6781.390000
6781.390000
6781.390000
6781.390000
6781.390000
6781.390000
6781.390000
6781.390000
6781.390000
6781.390000
6781.390000
6781.390000
6781.390000
6781.390000
6781.390000
6781.390000
6781.390000
6781.390000
6781.390000
6781.390000
6781.390000
6781.390000
6781.390000
6781.390000
6781.390000
6781.390000
6781.390000
6781.390000
6781.390000
6781.390000
6781.390000
6781.390000
6781.390000
6781.390000
6781.390000
6781.390000
6781.390000
6781.390000
6781.390000
6781.390000
6781.390000
6781.390000
6781.390000
6781.390000
6781.390000
6781.390000
6781.390000
6781.390000
6781.390000
6781.390000
6781.390000
6781.390000
6781.390000
6781.390000
6781.390000
6781.390000
6781.390000
6781.390000
6781.390000
6781.390000
6781.390000
6781.390000
6781.390000
6781.390000
6781.390000
6781.390000
6781.390000
6781.390000
6781.390000
6781.390000
6781.390000
6781.390000
6781.390000
6781.390000
6781.390000
6781.390000
6781.390000
6781.390000
6781.390000
6781.390000
6781.390000
6781.390000
6781.390000
6781.390000
6781.390000
6781.390000
6781.390000
6781.390000
6781.390000
6781.390000
6781.390000
6781.390000
6781.390000
6781.390000
6781.390000
6781.390000
6781.390000
6781.390000
6781.390000
6781.390000
6781.390000
6781.390000
6781.390000
6781.390000
6781.390000
6781.390000
6781.390000
6781.390000
6781.390000
6781.390000
6781.390000
6781.390000
6781.390000
6781.390000
6781.390000
6781.390000
6781.390000
6781.390000
6781.390000
6781.390000
6781.390000
6781.390000
6781.390000
6781.390000
6781.390000
6781.390000
6781.390000
6781.390000
6781.390000
6781.390000
6781.390000
6781.390000
6781.390000
6781.390000
6781.390000
6781.390000
6781.390000
6781.390000
6781.390000
6781.390000
6781.390000
6781.390000
5969.235485
6479.589173
6781.390000
0.000000
0.000000
0.000000
3872.412200
6650.051302
6781.390000
6781.390000
6781.390000
6781.390000
6781.390000
6781.390000
6781.390000
6781.390000
6781.390000
6781.390000
6781.390000
6781.390000
6781.390000
6781.390000
6781.390000
6781.390000
6781.390000
6781.390000
6781.390000
6781.390000
6781.390000
6781.390000
6781.390000
6781.390000
6781.390000
6781.390000
4512.783349
5447.653809
0.000000
0.000000
0.000000
0.000000
0.000000
0.000000
0.000000
0.000000
0.000000
0.000000
0.000000
0.000000
0.000000
0.000000
0.000000
6781.390000
6781.390000
6781.390000
6781.390000
6781.390000
6781.390000
6781.390000
6781.390000
6781.390000
6781.390000
6781.390000
6781.390000
6781.390000
6781.390000
6781.390000
6781.390000
6781.390000
6781.390000
6781.390000
6781.390000
6781.390000
6781.390000
6781.390000
6781.390000
6781.390000
6781.390000
6781.390000
6781.390000
6781.390000
6781.390000
6781.390000
6781.390000
6781.390000
6781.390000
6781.390000
6781.390000
6781.390000
6781.390000
6781.390000
6781.390000
6781.390000
6781.390000
6781.390000
6781.390000
6781.390000
6781.390000
6781.390000
6781.390000
6781.390000
6781.390000
6781.390000
6781.390000
6781.390000
6781.390000
6781.390000
6781.390000
6781.390000
6781.390000
6781.390000
6781.390000
6781.390000
6781.390000
6781.390000
6781.390000
6781.390000
6781.390000
6781.390000
6781.390000
6781.390000
6781.390000
6781.390000
6781.390000
6781.390000
6781.390000
6781.390000
6781.390000
6781.390000
6781.390000
6781.390000
6781.390000
6781.390000
539.546324
3376.529060
0.000000
0.000000
0.000000
0.000000
0.000000
0.000000
0.000000
0.000000
0.000000
319.611896
0.000000
0.000000
4854.683455
6781.390000
6781.390000
6781.390000
6781.390000
6781.390000
6781.390000
6781.390000
6781.390000
6781.390000
6781.390000
6781.390000
6781.390000
6781.390000
6781.390000
6781.390000
6781.390000
6781.390000
6781.390000
6781.390000
6781.390000
6781.390000
6781.390000
6781.390000
6781.390000
6781.390000
6781.390000
6781.390000
6781.390000
6781.390000
6781.390000
6781.390000
0.000000
0.000000
0.000000
0.000000
0.000000
0.000000
0.000000
0.000000
0.000000
0.000000
0.000000
0.000000
0.000000
0.000000
0.000000
0.000000
0.000000
0.000000
0.000000
72.868654
2645.804224
5826.469244
6781.390000
6781.390000
6781.390000
6781.390000
6781.390000
6781.390000
6781.390000
6781.390000
6781.390000
6781.390000
6781.390000
6781.390000
6781.390000
6781.390000
6781.390000
6781.390000
6781.390000
6781.390000
6781.390000
6781.390000
6781.390000
6781.390000
6781.390000
6781.390000
6781.390000
6781.390000
6781.390000
6781.390000
0.000000
0.000000
0.000000
0.000000
0.000000
0.000000
0.000000
0.000000
0.000000
0.000000
0.000000
456.936672
1878.131116
3967.680216
1348.902545
3004.529812
6781.390000
6781.390000
6781.390000
6781.390000
6781.390000
6781.390000
6781.390000
6781.390000
6781.390000
6781.390000
6781.390000
6781.390000
6781.390000
6781.390000
6781.390000
6781.390000
6781.390000
6781.390000
6781.390000
6781.390000
6781.390000
6781.390000
6781.390000
6781.390000
6781.390000
6781.390000
6781.390000
6781.390000
6781.390000
6781.390000
6781.390000
6781.390000
6781.390000
6781.390000
6781.390000
5834.507544
0.000000
0.000000
0.000000
0.000000
888.327712
1962.149730
1506.568092
2123.316237
2018.266357
4014.533582
6781.390000
6781.390000
6781.390000
6781.390000
6781.390000
6781.390000
6781.390000
6781.390000
6781.390000
6781.390000
6781.390000
6781.390000
6781.390000
6781.390000
6781.390000
6781.390000
6781.390000
6781.390000
6781.390000
6781.390000
6781.390000
6781.390000
6781.390000
6781.390000
6781.390000
6781.390000
6781.390000
6781.390000
6781.390000
6781.390000
6781.390000
6781.390000
6781.390000
6781.390000
0.000000
0.000000
0.000000
0.000000
0.000000
0.000000
0.000000
0.000000
0.000000
0.000000
0.000000
0.000000
0.000000
0.000000
0.000000
0.000000
0.000000
1864.592722
5850.291232
6781.390000
6781.390000
6781.390000
6781.390000
6781.390000
6781.390000
6781.390000
6781.390000
6781.390000
6781.390000
6781.390000
6781.390000
6781.390000
6781.390000
6781.390000
6781.390000
6781.390000
6781.390000
6781.390000
6781.390000
6781.390000
6781.390000
6781.390000
6781.390000
6781.390000
6781.390000
6781.390000
6781.390000
6781.390000
0.000000
0.000000
0.000000
0.000000
0.000000
0.000000
0.000000
0.000000
0.000000
0.000000
1883.045645
1707.764413
0.000000
0.000000
0.000000
1313.922891
6781.390000
6781.390000
6781.390000
6781.390000
6781.390000
6781.390000
6781.390000
6781.390000
6781.390000
6781.390000
6781.390000
6781.390000
6781.390000
6781.390000
6781.390000
6781.390000
6781.390000
6781.390000
6781.390000
6781.390000
6781.390000
6781.390000
6781.390000
6781.390000
6781.390000
6781.390000
6781.390000
6781.390000
6781.390000
6781.390000
6781.390000
6781.390000
0.000000
384.486476
0.000000
0.000000
2746.023795
1180.138866
0.000000
0.000000
3539.446618
4300.076630
1302.339787
2004.149510
5529.324327
6781.390000
6781.390000
6781.390000
6781.390000
6781.390000
6781.390000
6781.390000
6781.390000
6781.390000
6781.390000
6781.390000
6781.390000
6781.390000
6781.390000
6781.390000
6781.390000
6781.390000
6781.390000
6781.390000
6781.390000
6781.390000
6781.390000
6781.390000
6781.390000
6781.390000
6781.390000
6781.390000
6781.390000
6781.390000
6781.390000
6781.390000
6781.390000
6781.390000
6781.390000
6781.390000
5603.269518
6781.390000
0.000000
0.000000
0.000000
0.000000
0.000000
0.000000
0.000000
0.000000
0.000000
0.000000
6781.390000
6781.390000
5584.821054
6461.400376
6781.390000
6781.390000
6781.390000
6781.390000
6781.390000
6781.390000
6781.390000
6781.390000
6781.390000
6781.390000
6781.390000
6781.390000
6781.390000
6781.390000
6781.390000
6781.390000
6781.390000
6781.390000
6781.390000
6781.390000
6781.390000
6781.390000
6781.390000
6781.390000
6781.390000
6781.390000
6781.390000
6781.390000
6781.390000
6781.390000
6781.390000
6781.390000
0.000000
0.000000
0.000000
0.000000
0.000000
0.000000
0.000000
0.000000
3986.829953
4769.253430
5545.521250
6253.065514
6781.390000
6781.390000
6781.390000
6781.390000
6781.390000
6781.390000
6781.390000
6781.390000
6781.390000
6781.390000
6781.390000
6781.390000
6781.390000
6781.390000
6781.390000
6781.390000
6781.390000
6781.390000
6781.390000
6781.390000
6781.390000
6781.390000
6781.390000
6781.390000
6781.390000
6781.390000
6781.390000
6781.390000
6781.390000
6781.390000
6781.390000
6781.390000
6781.390000
6781.390000
6781.390000
6781.390000
6781.390000
6781.390000
6781.390000
6781.390000
6781.390000
6781.390000
6781.390000
6781.390000
6781.390000
6781.390000
6781.390000
6781.390000
6781.390000
6781.390000
6781.390000
6781.390000
6781.390000
6781.390000
6781.390000
6781.390000
6781.390000
6781.390000
6781.390000
6781.390000
6781.390000
6781.390000
6781.390000
6781.390000
6781.390000
6781.390000
6781.390000
6781.390000
6781.390000
6781.390000
6781.390000
6781.390000
6781.390000
6781.390000
6781.390000
6781.390000
6781.390000
6781.390000
6781.390000
6781.390000
6781.390000
6781.390000
6781.390000
6781.390000
6781.390000
6781.390000
6781.390000
6781.390000
0.000000
0.000000
0.000000
0.000000
6781.390000
6781.390000
6781.390000
6781.390000
6781.390000
6781.390000
6781.390000
6781.390000
6781.390000
6781.390000
6781.390000
6781.390000
6781.390000
6781.390000
6781.390000
6781.390000
6781.390000
6781.390000
6781.390000
6781.390000
6781.390000
6781.390000
6781.390000
6781.390000
6781.390000
6781.390000
6781.390000
6781.390000
6781.390000
6781.390000
6781.390000
6781.390000
6781.390000
6781.390000
6781.390000
6781.390000
6781.390000
6781.390000
6781.390000
6781.390000
0.000000
0.000000
0.000000
0.000000
0.000000
0.000000
0.000000
0.000000
0.000000
0.000000
0.000000
0.000000
844.618354
1822.777599
6617.810610
6781.390000
6781.390000
6781.390000
6781.390000
6781.390000
6781.390000
6781.390000
6781.390000
6781.390000
6781.390000
6781.390000
6781.390000
6781.390000
6781.390000
6781.390000
6781.390000
6781.390000
6781.390000
6781.390000
6781.390000
6781.390000
6781.390000
6781.390000
6781.390000
6781.390000
6781.390000
6781.390000
6781.390000
6781.390000
6781.390000
6781.390000
2601.659965
3540.300985
0.000000
0.000000
0.000000
0.000000
0.000000
0.000000
0.000000
0.000000
0.000000
0.000000
1013.097047
451.310406
6781.390000
6781.390000
6781.390000
6781.390000
5066.784859
6781.390000
6781.390000
6781.390000
6781.390000
6781.390000
6781.390000
6781.390000
6781.390000
6781.390000
6781.390000
6781.390000
6781.390000
6781.390000
6781.390000
6781.390000
6781.390000
6781.390000
6781.390000
6781.390000
6781.390000
6781.390000
6781.390000
6781.390000
6781.390000
6781.390000
6781.390000
6781.390000
6781.390000
6781.390000
6781.390000
6781.390000
6781.390000
6781.390000
6781.390000
6781.390000
6781.390000
6781.390000
6781.390000
6781.390000
6781.390000
6781.390000
6781.390000
6781.390000
6781.390000
6781.390000
6781.390000
6781.390000
6781.390000
6781.390000
6781.390000
6781.390000
6781.390000
6781.390000
6781.390000
6781.390000
6781.390000
6781.390000
6781.390000
6781.390000
6781.390000
6781.390000
6781.390000
6781.390000
6781.390000
6781.390000
6781.390000
6781.390000
6781.390000
6781.390000
6781.390000
6781.390000
6781.390000
6781.390000
6781.390000
6781.390000
6781.390000
6781.390000
6781.390000
6781.390000
6781.390000
6781.390000
6781.390000
6781.390000
6781.390000
6781.390000
6781.390000
6781.390000
6781.390000
6781.390000
6781.390000
6781.390000
6781.390000
6781.390000
6781.390000
6781.390000
6781.390000
6781.390000
6781.390000
6781.390000
6781.390000
6781.390000
6781.390000
6781.390000
6781.390000
6781.390000
6781.390000
6781.390000
6781.390000
6781.390000
6781.390000
6781.390000
6781.390000
6781.390000
6781.390000
6781.390000
6781.390000
6781.390000
6781.390000
6781.390000
6781.390000
6781.390000
6781.390000
6781.390000
6781.390000
6781.390000
6781.390000
6781.390000
6781.390000
6781.390000
6781.390000
6781.390000
6781.390000
6781.390000
6781.390000
6781.390000
6781.390000
6781.390000
6781.390000
6781.390000
6781.390000
6781.390000
6781.390000
6781.390000
6781.390000
6781.390000
6781.390000
6781.390000
6781.390000
6781.390000
6781.390000
6781.390000
6781.390000
6781.390000
6781.390000
6781.390000
6781.390000
6781.390000
6781.390000
6781.390000
6781.390000
6781.390000
6781.390000
6781.390000
6781.390000
6781.390000
6781.390000
6781.390000
6781.390000
6781.390000
6781.390000
6781.390000
6781.390000
6781.390000
6781.390000
6781.390000
6781.390000
6781.390000
6781.390000
6781.390000
6781.390000
6781.390000
6781.390000
6781.390000
6781.390000
6781.390000
6781.390000
6781.390000
6781.390000
6781.390000
6781.390000
6781.390000
6781.390000
6781.390000
6781.390000
6781.390000
6781.390000
6781.390000
6781.390000
6781.390000
6781.390000
6781.390000
6781.390000
6781.390000
6781.390000
6781.390000
6781.390000
6781.390000
6781.390000
6781.390000
6781.390000
6781.390000
6781.390000
6781.390000
6781.390000
6781.390000
6781.390000
6781.390000
6781.390000
6781.390000
6781.390000
6781.390000
6781.390000
6781.390000
6781.390000
6781.390000
6781.390000
6781.390000
6781.390000
6781.390000
6781.390000
6781.390000
6781.390000
6781.390000
6781.390000
6781.390000
6781.390000
6781.390000
6781.390000
6781.390000
6781.390000
6781.390000
6781.390000
6781.390000
6781.390000
6781.390000
6781.390000
6781.390000
6781.390000
6781.390000
6781.390000
6781.390000
6781.390000
6781.390000
6781.390000
6781.390000
6781.390000
6781.390000
6781.390000
6781.390000
6781.390000
6781.390000
6781.390000
6781.390000
6781.390000
6781.390000
6781.390000
6781.390000
6781.390000
6781.390000
6781.390000
6781.390000
6781.390000
6781.390000
0.000000
1796.233274
6781.390000
6781.390000
6781.390000
6781.390000
6781.390000
6781.390000
6781.390000
6781.390000
6781.390000
6781.390000
6781.390000
6781.390000
6781.390000
6781.390000
6781.390000
6781.390000
6781.390000
6781.390000
6781.390000
6781.390000
6781.390000
6781.390000
6781.390000
6781.390000
6781.390000
6781.390000
6781.390000
6781.390000
6781.390000
6781.390000
6781.390000
6781.390000
6781.390000
6781.390000
6781.390000
6781.390000
6781.390000
6781.390000
6781.390000
6781.390000
6781.390000
6781.390000
6781.390000
6781.390000
6781.390000
6781.390000
6781.390000
6781.390000
6781.390000
6781.390000
6781.390000
6781.390000
6781.390000
6781.390000
6781.390000
6781.390000
6781.390000
6781.390000
6781.390000
6781.390000
6781.390000
6781.390000
6781.390000
6781.390000
6781.390000
6781.390000
6781.390000
6781.390000
6781.390000
6781.390000
6781.390000
6781.390000
6781.390000
6781.390000
6781.390000
6781.390000
6781.390000
6781.390000
6781.390000
6781.390000
6781.390000
6781.390000
6781.390000
6781.390000
6781.390000
6781.390000
6781.390000
6781.390000
6781.390000
6781.390000
6781.390000
6781.390000
6781.390000
6781.390000
6781.390000
6781.390000
6781.390000
6781.390000
6781.390000
6781.390000
6781.390000
6781.390000
6781.390000
6781.390000
6781.390000
6781.390000
6781.390000
6781.390000
6781.390000
6781.390000
6781.390000
6781.390000
6781.390000
6781.390000
6781.390000
6781.390000
6781.390000
6781.390000
6781.390000
6781.390000
6781.390000
6781.390000
6781.390000
6781.390000
6781.390000
6781.390000
6781.390000
6781.390000
6781.390000
6781.390000
6781.390000
6781.390000
6781.390000
6781.390000
6781.390000
6781.390000
6781.390000
6781.390000
6781.390000
6781.390000
6781.390000
6781.390000
6781.390000
6781.390000
6781.390000
6781.390000
6781.390000
6781.390000
6781.390000
6781.390000
6781.390000
6781.390000
6781.390000
6781.390000
6781.390000
6781.390000
6781.390000
6781.390000
6781.390000
6781.390000
6781.390000
6781.390000
6781.390000
6781.390000
6781.390000
6781.390000
6781.390000
6781.390000
6781.390000
6781.390000
6781.390000
6781.390000
6781.390000
6781.390000
6781.390000
6781.390000
6781.390000
6781.390000
6781.390000
6781.390000
6781.390000
6781.390000
6781.390000
6781.390000
6781.390000
6781.390000
6781.390000
6781.390000
6781.390000
6781.390000
6781.390000
6781.390000
6781.390000
6781.390000
6781.390000
6781.390000
6781.390000
6781.390000
6781.390000
6781.390000
6781.390000
6781.390000
6781.390000
6781.390000
6781.390000
6781.390000
6781.390000
6781.390000
6781.390000
6781.390000
6781.390000
6781.390000
6781.390000
6781.390000
6781.390000
6781.390000
6781.390000
6781.390000
6781.390000
6781.390000
6781.390000
6781.390000
6781.390000
6781.390000
6781.390000
6781.390000
6781.390000
6781.390000
6781.390000
6781.390000
6781.390000
6781.390000
6781.390000
6781.390000
6781.390000
6781.390000
6781.390000
6781.390000
6781.390000
6781.390000
6781.390000
6781.390000
6781.390000
6781.390000
6781.390000
6781.390000
6781.390000
6781.390000
6781.390000
6781.390000
6781.390000
6781.390000
6781.390000
6781.390000
6781.390000
6781.390000
6781.390000
6781.390000
6781.390000
6781.390000
6781.390000
6781.390000
6781.390000
6781.390000
6781.390000
6781.390000
6781.390000
6781.390000
6781.390000
6781.390000
6781.390000
6781.390000
6781.390000
6781.390000
6781.390000
6781.390000
6781.390000
6781.390000
6781.390000
6781.390000
6781.390000
6781.390000
6781.390000
6781.390000
6781.390000
6781.390000
6781.390000
6781.390000
6781.390000
6781.390000
6781.390000
6781.390000
6781.390000
6781.390000
6781.390000
6781.390000
6781.390000
6781.390000
6781.390000
6781.390000
6781.390000
6781.390000
6781.390000
6781.390000
6781.390000
6781.390000
6781.390000
6781.390000
6781.390000
6781.390000
6781.390000
6781.390000
6781.390000
6781.390000
6781.390000
6781.390000
6781.390000
6781.390000
6781.390000
6781.390000
6781.390000
6781.390000
6781.390000
6781.390000
6781.390000
6781.390000
6781.390000
6781.390000
6781.390000
6781.390000
6781.390000
6781.390000
6781.390000
6781.390000
6781.390000
6781.390000
6781.390000
6781.390000
6781.390000
6781.390000
6781.390000
6781.390000
6781.390000
6781.390000
6781.390000
6781.390000
6781.390000
6781.390000
6781.390000
6781.390000
6781.390000
6781.390000
6781.390000
6781.390000
6781.390000
6781.390000
6781.390000
6781.390000
6781.390000
6781.390000
6781.390000
6781.390000
6781.390000
6781.390000
6781.390000
6781.390000
6781.390000
6781.390000
6781.390000
6781.390000
6781.390000
6781.390000
6781.390000
6781.390000
6781.390000
6781.390000
6781.390000
6781.390000
6781.390000
6781.390000
0.000000
0.000000
0.000000
0.000000
0.000000
0.000000
0.000000
0.000000
0.000000
0.000000
1647.337367
1121.542655
6781.390000
6781.390000
6781.390000
6781.390000
6781.390000
6781.390000
6781.390000
6781.390000
6781.390000
6781.390000
6781.390000
6781.390000
6781.390000
6781.390000
6781.390000
6781.390000
6781.390000
6781.390000
6781.390000
6781.390000
6781.390000
6781.390000
6781.390000
6781.390000
6781.390000
6781.390000
6781.390000
6781.390000
6781.390000
6781.390000
6781.390000
6781.390000
6781.390000
6781.390000
6781.390000
6781.390000
0.000000
696.432017
0.000000
0.000000
0.000000
0.000000
0.000000
0.000000
1425.653641
2186.093446
6781.390000
6781.390000
6781.390000
6781.390000
6781.390000
6781.390000
6781.390000
6781.390000
6781.390000
6781.390000
6781.390000
6781.390000
6781.390000
6781.390000
6781.390000
6781.390000
6781.390000
6781.390000
6781.390000
6781.390000
6781.390000
6781.390000
6781.390000
6781.390000
6781.390000
6781.390000
6781.390000
6781.390000
6781.390000
6781.390000
6781.390000
6781.390000
6781.390000
6781.390000
6781.390000
6781.390000
6781.390000
6781.390000
0.000000
2040.235391
0.000000
0.000000
0.000000
0.000000
0.000000
0.000000
4082.548427
4989.397806
6781.390000
6781.390000
6781.390000
6781.390000
6781.390000
6781.390000
6781.390000
6781.390000
6781.390000
6781.390000
6781.390000
6781.390000
6781.390000
6781.390000
6781.390000
6781.390000
6781.390000
6781.390000
6781.390000
6781.390000
6781.390000
6781.390000
6781.390000
6781.390000
6781.390000
6781.390000
6781.390000
6781.390000
6781.390000
6781.390000
6781.390000
6781.390000
6781.390000
6781.390000
6781.390000
6781.390000
6781.390000
6781.390000
0.000000
0.000000
0.000000
0.000000
0.000000
0.000000
6210.373302
6545.806003
4333.873738
5152.806111
6781.390000
6781.390000
6781.390000
6781.390000
6781.390000
6781.390000
6781.390000
6781.390000
6781.390000
6781.390000
6781.390000
6781.390000
6781.390000
6781.390000
6781.390000
6781.390000
6781.390000
6781.390000
6781.390000
6781.390000
6781.390000
6781.390000
6781.390000
6781.390000
6781.390000
6781.390000
6781.390000
6781.390000
6781.390000
6781.390000
6781.390000
6781.390000
6781.390000
6781.390000
6781.390000
6781.390000
6781.390000
6781.390000
6781.390000
6781.390000
6781.390000
6781.390000
6781.390000
6781.390000
6781.390000
6781.390000
6781.390000
6781.390000
6781.390000
6781.390000
6781.390000
6781.390000
6781.390000
6781.390000
6781.390000
6781.390000
6781.390000
6781.390000
6781.390000
6781.390000
6781.390000
6781.390000
6781.390000
6781.390000
6781.390000
6781.390000
6781.390000
6781.390000
6781.390000
6781.390000
6781.390000
6781.390000
6781.390000
6781.390000
6781.390000
6781.390000
6781.390000
6781.390000
6781.390000
6781.390000
6781.390000
6781.390000
6781.390000
6781.390000
6781.390000
6781.390000
6781.390000
6781.390000
6781.390000
6781.390000
6781.390000
6781.390000
6781.390000
6781.390000
6781.390000
6781.390000
6781.390000
6781.390000
6781.390000
6781.390000
6781.390000
6781.390000
6781.390000
6781.390000
6781.390000
6781.390000
6781.390000
6781.390000
6781.390000
6781.390000
6781.390000
6781.390000
6781.390000
6781.390000
6781.390000
6781.390000
6781.390000
6781.390000
6781.390000
6781.390000
6781.390000
6781.390000
6781.390000
6781.390000
6781.390000
6781.390000
6781.390000
6781.390000
6781.390000
6781.390000
6781.390000
6781.390000
6781.390000
6781.390000
6781.390000
6781.390000
6781.390000
6781.390000
6781.390000
6781.390000
6781.390000
6781.390000
6781.390000
6781.390000
6781.390000
6781.390000
6781.390000
6781.390000
6781.390000
6781.390000
6781.390000
6781.390000
6781.390000
6781.390000
6781.390000
6781.390000
6781.390000
6781.390000
6781.390000
6781.390000
6781.390000
6781.390000
6781.390000
6781.390000
6781.390000
6781.390000
6781.390000
6781.390000
6781.390000
6781.390000
6781.390000
6781.390000
6781.390000
6781.390000
6781.390000
6781.390000
6781.390000
6781.390000
6781.390000
6781.390000
6781.390000
6781.390000
471.194546
2022.008248
0.000000
0.000000
0.000000
0.000000
0.000000
1890.633181
6484.143041
6435.143682
6781.390000
6781.390000
6781.390000
6781.390000
6781.390000
6781.390000
6781.390000
6781.390000
6781.390000
6781.390000
6781.390000
6781.390000
6781.390000
6781.390000
6781.390000
6781.390000
6781.390000
6781.390000
6781.390000
6781.390000
6781.390000
6781.390000
6781.390000
6781.390000
6781.390000
6781.390000
6781.390000
6781.390000
6781.390000
6781.390000
6781.390000
6781.390000
6781.390000
6781.390000
6781.390000
6781.390000
6781.390000
6781.390000
6781.390000
6781.390000
4100.231946
2168.864760
0.000000
0.000000
0.000000
0.000000
4671.713974
5488.192321
6781.390000
6781.390000
6781.390000
6781.390000
6781.390000
6781.390000
6781.390000
6781.390000
6781.390000
6781.390000
6781.390000
6781.390000
6781.390000
6781.390000
6781.390000
6781.390000
6781.390000
6781.390000
6781.390000
6781.390000
6781.390000
6781.390000
6781.390000
6781.390000
6781.390000
6781.390000
6781.390000
6781.390000
6781.390000
6781.390000
6781.390000
6781.390000
6781.390000
6781.390000
6781.390000
6781.390000
6781.390000
6781.390000
6781.390000
6781.390000
3046.389292
899.685771
0.000000
0.000000
0.000000
0.000000
0.000000
0.000000
2747.125084
3453.654232
6781.390000
6781.390000
6781.390000
6781.390000
6781.390000
6781.390000
6781.390000
6781.390000
6781.390000
6781.390000
6781.390000
6781.390000
6781.390000
6781.390000
6781.390000
6781.390000
6781.390000
6781.390000
6781.390000
6781.390000
6781.390000
6781.390000
6781.390000
6781.390000
6781.390000
6781.390000
6781.390000
6781.390000
6781.390000
6781.390000
6781.390000
6781.390000
6781.390000
6781.390000
6781.390000
6781.390000
0.000000
1144.560749
0.000000
0.000000
0.000000
0.000000
0.000000
0.000000
3913.362002
4851.963158
6781.390000
6781.390000
6781.390000
6781.390000
6781.390000
6781.390000
6781.390000
6781.390000
6781.390000
6781.390000
6781.390000
6781.390000
6781.390000
6781.390000
6781.390000
6781.390000
6781.390000
6781.390000
6781.390000
6781.390000
6781.390000
6781.390000
6781.390000
6781.390000
6781.390000
6781.390000
6781.390000
6781.390000
6781.390000
6781.390000
6781.390000
6781.390000
6781.390000
6781.390000
6781.390000
6781.390000
6781.390000
6781.390000
6781.390000
6781.390000
6781.390000
6781.390000
0.000000
0.000000
0.000000
0.000000
3871.927686
4542.487003
6781.390000
6781.390000
6781.390000
6781.390000
6781.390000
6781.390000
6781.390000
6781.390000
6781.390000
6781.390000
6781.390000
6781.390000
6781.390000
6781.390000
6781.390000
6781.390000
6781.390000
6781.390000
6781.390000
6781.390000
6781.390000
6781.390000
6781.390000
6781.390000
6781.390000
6781.390000
6781.390000
6781.390000
6781.390000
6781.390000
6781.390000
6781.390000
6781.390000
6781.390000
6781.390000
6781.390000
6781.390000
6781.390000
6781.390000
6781.390000
3225.525855
1116.995874
0.000000
0.000000
0.000000
0.000000
0.000000
0.000000
6781.390000
6781.390000
0.000000
1773.274836
3616.512038
6781.390000
6781.390000
6781.390000
6781.390000
6781.390000
6781.390000
6781.390000
6781.390000
6781.390000
6781.390000
6781.390000
6781.390000
6781.390000
6781.390000
6781.390000
6781.390000
6781.390000
6781.390000
6781.390000
6781.390000
6781.390000
6781.390000
6781.390000
6781.390000
6781.390000
6781.390000
6781.390000
6781.390000
6781.390000
6781.390000
6781.390000
6781.390000
6781.390000
0.000000
0.000000
0.000000
0.000000
0.000000
0.000000
0.000000
0.000000
0.000000
0.000000
6781.390000
6781.390000
6781.390000
6781.390000
6781.390000
6781.390000
6781.390000
6781.390000
6781.390000
6781.390000
6781.390000
6781.390000
6781.390000
6781.390000
6781.390000
6781.390000
6781.390000
6781.390000
6781.390000
6781.390000
6781.390000
6781.390000
6781.390000
6781.390000
6781.390000
6781.390000
6781.390000
6781.390000
6781.390000
6781.390000
6781.390000
6781.390000
6781.390000
6781.390000
6781.390000
6781.390000
6781.390000
6781.390000
0.000000
0.000000
0.000000
0.000000
0.000000
0.000000
0.000000
0.000000
0.000000
0.000000
2857.337327
2450.178039
0.000000
0.000000
3239.881720
6781.390000
6781.390000
6781.390000
6781.390000
6781.390000
6781.390000
6781.390000
6781.390000
6781.390000
6781.390000
6781.390000
6781.390000
6781.390000
6781.390000
6781.390000
6781.390000
6781.390000
6781.390000
6781.390000
6781.390000
6781.390000
6781.390000
6781.390000
6781.390000
6781.390000
6781.390000
6781.390000
6781.390000
6781.390000
6781.390000
6781.390000
6781.390000
6781.390000
4308.316475
6781.390000
0.000000
0.000000
0.000000
0.000000
0.000000
0.000000
0.000000
968.316130
0.000000
0.000000
0.000000
1544.719554
6781.390000
4825.391597
6781.390000
6781.390000
6781.390000
6781.390000
6781.390000
6781.390000
6781.390000
6781.390000
6781.390000
6781.390000
6781.390000
6781.390000
6781.390000
6781.390000
6781.390000
6781.390000
6781.390000
6781.390000
6781.390000
6781.390000
6781.390000
6781.390000
6781.390000
6781.390000
6781.390000
6781.390000
6781.390000
6781.390000
6781.390000
6781.390000
6781.390000
6781.390000
6781.390000
6781.390000
3435.395614
1539.298527
0.000000
0.000000
0.000000
0.000000
0.000000
0.000000
616.145451
1446.413822
1679.029297
3449.388806
3109.276946
6781.390000
6781.390000
6781.390000
6781.390000
6781.390000
6781.390000
6781.390000
6781.390000
6781.390000
6781.390000
6781.390000
6781.390000
6781.390000
6781.390000
6781.390000
6781.390000
6781.390000
6781.390000
6781.390000
6781.390000
6781.390000
6781.390000
6781.390000
6781.390000
6781.390000
6781.390000
6781.390000
6781.390000
6781.390000
6781.390000
6781.390000
6781.390000
6781.390000
0.000000
0.000000
0.000000
0.000000
0.000000
0.000000
0.000000
0.000000
872.320987
1516.597757
6781.390000
6781.390000
6781.390000
6781.390000
6781.390000
4555.974926
6781.390000
6781.390000
6781.390000
6781.390000
6781.390000
6781.390000
6781.390000
6781.390000
6781.390000
6781.390000
6781.390000
6781.390000
6781.390000
6781.390000
6781.390000
6781.390000
6781.390000
6781.390000
6781.390000
6781.390000
6781.390000
6781.390000
6781.390000
6781.390000
6781.390000
6781.390000
6781.390000
6781.390000
6781.390000
6781.390000
6781.390000
6781.390000
6781.390000
6781.390000
5692.506245
3460.653020
3459.436810
1584.503761
3453.253980
3520.720441
6781.390000
6781.390000
6781.390000
6781.390000
6781.390000
6781.390000
6781.390000
6781.390000
6781.390000
6781.390000
6781.390000
6781.390000
6781.390000
6781.390000
6781.390000
6781.390000
6781.390000
6781.390000
6781.390000
6781.390000
6781.390000
6781.390000
6781.390000
6781.390000
6781.390000
6781.390000
6781.390000
6781.390000
6781.390000
6781.390000
6781.390000
6781.390000
6781.390000
6781.390000
6781.390000
6781.390000
6781.390000
6781.390000
6781.390000
6781.390000
6781.390000
6781.390000
6781.390000
6781.390000
6781.390000
6781.390000
6781.390000
6781.390000
6781.390000
6781.390000
6781.390000
6781.390000
6781.390000
6781.390000
6781.390000
6781.390000
6781.390000
6781.390000
6781.390000
6781.390000
6781.390000
6781.390000
6781.390000
6781.390000
6781.390000
6781.390000
6781.390000
6781.390000
6781.390000
6781.390000
6781.390000
6781.390000
6781.390000
6781.390000
6781.390000
6781.390000
6781.390000
6781.390000
6781.390000
6781.390000
6781.390000
6781.390000
6781.390000
6781.390000
6781.390000
6781.390000
6781.390000
6781.390000
6781.390000
6781.390000
0.000000
1872.410238
653.473439
2708.884722
5898.035245
6781.390000
3880.130863
3982.157452
6781.390000
6781.390000
1529.476402
1945.393036
6781.390000
6781.390000
6781.390000
6781.390000
6781.390000
6781.390000
6781.390000
6781.390000
6781.390000
6781.390000
6781.390000
6781.390000
6781.390000
6781.390000
6781.390000
6781.390000
6781.390000
6781.390000
6781.390000
6781.390000
6781.390000
6781.390000
6781.390000
6781.390000
6781.390000
6781.390000
6781.390000
6781.390000
6781.390000
6781.390000
6781.390000
6781.390000
6781.390000
6781.390000
6781.390000
6781.390000
2666.632386
4780.646559
6781.390000
6781.390000
0.000000
989.220114
6781.390000
6781.390000
6781.390000
6781.390000
6781.390000
6781.390000
6781.390000
6781.390000
6781.390000
6781.390000
6781.390000
6781.390000
6781.390000
6781.390000
6781.390000
6781.390000
6781.390000
6781.390000
6781.390000
6781.390000
6781.390000
6781.390000
6781.390000
6781.390000
6781.390000
6781.390000
6781.390000
6781.390000
6781.390000
6781.390000
6781.390000
6781.390000
6781.390000
6781.390000
6781.390000
6781.390000
6781.390000
6781.390000
6781.390000
6781.390000
6781.390000
6781.390000
455.653490
498.935437
0.000000
0.000000
992.092366
1740.375632
6781.390000
6781.390000
6566.639406
6781.390000
6781.390000
6781.390000
6781.390000
5012.897156
6781.390000
6781.390000
6781.390000
6781.390000
6781.390000
6781.390000
6781.390000
6781.390000
6781.390000
6781.390000
6781.390000
6781.390000
6781.390000
6781.390000
6781.390000
6781.390000
6781.390000
6781.390000
6781.390000
6781.390000
6781.390000
6781.390000
6781.390000
6781.390000
6781.390000
6781.390000
6781.390000
6781.390000
6781.390000
6781.390000
6781.390000
6781.390000
6781.390000
6781.390000
6781.390000
6781.390000
1997.714727
200.401447
0.000000
0.000000
6781.390000
6781.390000
6781.390000
6781.390000
6781.390000
6781.390000
6781.390000
6781.390000
6781.390000
6781.390000
6781.390000
6781.390000
6781.390000
6781.390000
6781.390000
6781.390000
6781.390000
6781.390000
6781.390000
6781.390000
6781.390000
6781.390000
6781.390000
6781.390000
6781.390000
6781.390000
6781.390000
6781.390000
6781.390000
6781.390000
6781.390000
6781.390000
6781.390000
6781.390000
6781.390000
6781.390000
6781.390000
6781.390000
6781.390000
6781.390000
6781.390000
6781.390000
6781.390000
5552.018743
0.000000
0.000000
0.000000
0.000000
0.000000
0.000000
6781.390000
6781.390000
6781.390000
6781.390000
6781.390000
6781.390000
6781.390000
6781.390000
6781.390000
6781.390000
6781.390000
6781.390000
6781.390000
6781.390000
6781.390000
6781.390000
6781.390000
6781.390000
6781.390000
6781.390000
6781.390000
6781.390000
6781.390000
6781.390000
6781.390000
6781.390000
6781.390000
6781.390000
6781.390000
6781.390000
6781.390000
6781.390000
6781.390000
6781.390000
6781.390000
6781.390000
6781.390000
6781.390000
6781.390000
6781.390000
6781.390000
6781.390000
6781.390000
6781.390000
6781.390000
6781.390000
6781.390000
6781.390000
6781.390000
6781.390000
6781.390000
6781.390000
6781.390000
6781.390000
6781.390000
6781.390000
6781.390000
6781.390000
6781.390000
6781.390000
6781.390000
6781.390000
6781.390000
6781.390000
6781.390000
6781.390000
6781.390000
6781.390000
6781.390000
6781.390000
6781.390000
6781.390000
6781.390000
6781.390000
6781.390000
6781.390000
6781.390000
6781.390000
6781.390000
6781.390000
6781.390000
6781.390000
6781.390000
6781.390000
6781.390000
6781.390000
6781.390000
6781.390000
6781.390000
6781.390000
0.000000
0.000000
0.000000
0.000000
3172.886623
3927.736384
6781.390000
6781.390000
6781.390000
6781.390000
6781.390000
6781.390000
6781.390000
6781.390000
6781.390000
6781.390000
6781.390000
6781.390000
6781.390000
6781.390000
6781.390000
6781.390000
6781.390000
6781.390000
6781.390000
6781.390000
6781.390000
6781.390000
6781.390000
6781.390000
6781.390000
6781.390000
6781.390000
6781.390000
6781.390000
6781.390000
6781.390000
6781.390000
6781.390000
6781.390000
6781.390000
6781.390000
6781.390000
6781.390000
0.000000
0.000000
0.000000
0.000000
0.000000
0.000000
0.000000
0.000000
3421.290014
3393.939761
6781.390000
6781.390000
6781.390000
6781.390000
6781.390000
6781.390000
6781.390000
6781.390000
6781.390000
6781.390000
6781.390000
6781.390000
6781.390000
6781.390000
6781.390000
6781.390000
6781.390000
6781.390000
6781.390000
6781.390000
6781.390000
6781.390000
6781.390000
6781.390000
6781.390000
6781.390000
6781.390000
6781.390000
6781.390000
6781.390000
6781.390000
6781.390000
6781.390000
6781.390000
6781.390000
6781.390000
6781.390000
6781.390000
6781.390000
6781.390000
2723.832383
4967.624843
4706.577440
6781.390000
1571.480894
3247.658707
6701.117157
6747.435580
6781.390000
6781.390000
6781.390000
6781.390000
6781.390000
6781.390000
6781.390000
6781.390000
6781.390000
6781.390000
6781.390000
6781.390000
6781.390000
6781.390000
6781.390000
6781.390000
6781.390000
6781.390000
6781.390000
6781.390000
6781.390000
6781.390000
6781.390000
6781.390000
6781.390000
6781.390000
6781.390000
6781.390000
6781.390000
6781.390000
6781.390000
6781.390000
6781.390000
6781.390000
6781.390000
6781.390000
6781.390000
6781.390000
6781.390000
6781.390000
6781.390000
6781.390000
6781.390000
6781.390000
6781.390000
6781.390000
6781.390000
6781.390000
6781.390000
6781.390000
6781.390000
6781.390000
6781.390000
6781.390000
6781.390000
6781.390000
6781.390000
6781.390000
6781.390000
6781.390000
6781.390000
6781.390000
6781.390000
6781.390000
6781.390000
6781.390000
6781.390000
6781.390000
6781.390000
6781.390000
6781.390000
6781.390000
6781.390000
6781.390000
6781.390000
6781.390000
6781.390000
6781.390000
6781.390000
6781.390000
6781.390000
6781.390000
6781.390000
6781.390000
6781.390000
6781.390000
6781.390000
6781.390000
6781.390000
6781.390000
6781.390000
6781.390000
6781.390000
6781.390000
6781.390000
6781.390000
6781.390000
6781.390000
6781.390000
6781.390000
6781.390000
6781.390000
6781.390000
6781.390000
6781.390000
6781.390000
6781.390000
6781.390000
6781.390000
6781.390000
6781.390000
6781.390000
6781.390000
6781.390000
6781.390000
6781.390000
6781.390000
6781.390000
6781.390000
6781.390000
6781.390000
6781.390000
6781.390000
6781.390000
6781.390000
6781.390000
6781.390000
6781.390000
6781.390000
6781.390000
6781.390000
6781.390000
6781.390000
6781.390000
6781.390000
6781.390000
6781.390000
6781.390000
6781.390000
6781.390000
6781.390000
6781.390000
6781.390000
6781.390000
6781.390000
6781.390000
6781.390000
6781.390000
6781.390000
6781.390000
6781.390000
6781.390000
6781.390000
6781.390000
6781.390000
6781.390000
6781.390000
6781.390000
6781.390000
6781.390000
6781.390000
6781.390000
6781.390000
6781.390000
6781.390000
6781.390000
6781.390000
6781.390000
6781.390000
6781.390000
6781.390000
6781.390000
6781.390000
6781.390000
6781.390000
6781.390000
6781.390000
6781.390000
6781.390000
6781.390000
6781.390000
6781.390000
6781.390000
6781.390000
6781.390000
6781.390000
6781.390000
6781.390000
6781.390000
6781.390000
6781.390000
6781.390000
6781.390000
6781.390000
6781.390000
6781.390000
6781.390000
6781.390000
6781.390000
6781.390000
6781.390000
6781.390000
6781.390000
6781.390000
6781.390000
6781.390000
6781.390000
6781.390000
6781.390000
6781.390000
6781.390000
6781.390000
6781.390000
6781.390000
6781.390000
6781.390000
6781.390000
6781.390000
6781.390000
6781.390000
6781.390000
6781.390000
6781.390000
6781.390000
6781.390000
6781.390000
6781.390000
6781.390000
6781.390000
6781.390000
6781.390000
6781.390000
6781.390000
6781.390000
6781.390000
6781.390000
6781.390000
6781.390000
6781.390000
6781.390000
6781.390000
6781.390000
6781.390000
6781.390000
6781.390000
6781.390000
6781.390000
6781.390000
6781.390000
6781.390000
6781.390000
6781.390000
6781.390000
6781.390000
6781.390000
6781.390000
6781.390000
6781.390000
6781.390000
6781.390000
6781.390000
6781.390000
6781.390000
6781.390000
6781.390000
6781.390000
6781.390000
6781.390000
6781.390000
6781.390000
6781.390000
6781.390000
6781.390000
6781.390000
6781.390000
6781.390000
6781.390000
6781.390000
6781.390000
6781.390000
6781.390000
6781.390000
6781.390000
6781.390000
6781.390000
6781.390000
6781.390000
6781.390000
6781.390000
6781.390000
6781.390000
6781.390000
6781.390000
6781.390000
6781.390000
6781.390000
6781.390000
6781.390000
6781.390000
6781.390000
6781.390000
6781.390000
6781.390000
6781.390000
6781.390000
6781.390000
6781.390000
6781.390000
6781.390000
6781.390000
6781.390000
6781.390000
6781.390000
6781.390000
6781.390000
6781.390000
6781.390000
6781.390000
6781.390000
6781.390000
6781.390000
6781.390000
6781.390000
6781.390000
6781.390000
6781.390000
6781.390000
6781.390000
6781.390000
6781.390000
6781.390000
6781.390000
6781.390000
6781.390000
6781.390000
6781.390000
6781.390000
6781.390000
6781.390000
6781.390000
6781.390000
6781.390000
6781.390000
6781.390000
6781.390000
6781.390000
6781.390000
6781.390000
6781.390000
6781.390000
6781.390000
6781.390000
6781.390000
6781.390000
6781.390000
6781.390000
6781.390000
6781.390000
6781.390000
6781.390000
6781.390000
6781.390000
6781.390000
6781.390000
6781.390000
6781.390000
6781.390000
6781.390000
6781.390000
6781.390000
6781.390000
6781.390000
6781.390000
6781.390000
6781.390000
6781.390000
6781.390000
6781.390000
6781.390000
6781.390000
6781.390000
6781.390000
6781.390000
6781.390000
6781.390000
6781.390000
6781.390000
6781.390000
6781.390000
6781.390000
6781.390000
6781.390000
6781.390000
6781.390000
6781.390000
6781.390000
6781.390000
6781.390000
6781.390000
6781.390000
6781.390000
6781.390000
6781.390000
6781.390000
6781.390000
6781.390000
6781.390000
6781.390000
6781.390000
6781.390000
6781.390000
6781.390000
6781.390000
6781.390000
6781.390000
6781.390000
6781.390000
6781.390000
6781.390000
6781.390000
6781.390000
6781.390000
6781.390000
6781.390000
6781.390000
6781.390000
6781.390000
6781.390000
6781.390000
6781.390000
6781.390000
6781.390000
6781.390000
6781.390000
6781.390000
6781.390000
6781.390000
6781.390000
6781.390000
6781.390000
6781.390000
6781.390000
6781.390000
6781.390000
6781.390000
6781.390000
6781.390000
6781.390000
6781.390000
6781.390000
6781.390000
6781.390000
6781.390000
6781.390000
6781.390000
6781.390000
6781.390000
6781.390000
6781.390000
6781.390000
6781.390000
6781.390000
6781.390000
6781.390000
6781.390000
6781.390000
6781.390000
6781.390000
6781.390000
6781.390000
6781.390000
6781.390000
6781.390000
6781.390000
6781.390000
6781.390000
6781.390000
6781.390000
6781.390000
6781.390000
6781.390000
6781.390000
6781.390000
6781.390000
6781.390000
6781.390000
6781.390000
6781.390000
6781.390000
6781.390000
6781.390000
6781.390000
6781.390000
6781.390000
6781.390000
6781.390000
6781.390000
6781.390000
6781.390000
6781.390000
6781.390000
6781.390000
6781.390000
6781.390000
6781.390000
6781.390000
6781.390000
6781.390000
6781.390000
6781.390000
6781.390000
6781.390000
6781.390000
6781.390000
6781.390000
6781.390000
6781.390000
6781.390000
6781.390000
6781.390000
6781.390000
6781.390000
6781.390000
6781.390000
6781.390000
6781.390000
6781.390000
6781.390000
6781.390000
6781.390000
6781.390000
6781.390000
6781.390000
6781.390000
6781.390000
6781.390000
6781.390000
6781.390000
6781.390000
6781.390000
6781.390000
6781.390000
6781.390000
6781.390000
6781.390000
6781.390000
6781.390000
6781.390000
6781.390000
6781.390000
6781.390000
6781.390000
6781.390000
6781.390000
6781.390000
6781.390000
6781.390000
6781.390000
6781.390000
6781.390000
6781.390000
6781.390000
6781.390000
6781.390000
6781.390000
6781.390000
6781.390000
6781.390000
6781.390000
6781.390000
6781.390000
6781.390000
6781.390000
6781.390000
6781.390000
6781.390000
6781.390000
6781.390000
6781.390000
6781.390000
6781.390000
6781.390000
6781.390000
6781.390000
6781.390000
6781.390000
6781.390000
6781.390000
6781.390000
6781.390000
6781.390000
6781.390000
6781.390000
6781.390000
6781.390000
6781.390000
6781.390000
6781.390000
6781.390000
6781.390000
6781.390000
6781.390000
6781.390000
6781.390000
6781.390000
6781.390000
6781.390000
6781.390000
6781.390000
6781.390000
6781.390000
6781.390000
6781.390000
6781.390000
6781.390000
6781.390000
6781.390000
6781.390000
6781.390000
6781.390000
6781.390000
6781.390000
6781.390000
6781.390000
6781.390000
6781.390000
6781.390000
6781.390000
6781.390000
6781.390000
6781.390000
6781.390000
6781.390000
6781.390000
6781.390000
6781.390000
6781.390000
6781.390000
6781.390000
6781.390000
6781.390000
6781.390000
6781.390000
6781.390000
6781.390000
6781.390000
6781.390000
6781.390000
6781.390000
6781.390000
6781.390000
6781.390000
6781.390000
6781.390000
6781.390000
6781.390000
6781.390000
6781.390000
6781.390000
6781.390000
6781.390000
6781.390000
6781.390000
6781.390000
0.000000
2085.077614
6781.390000
6781.390000
6781.390000
6781.390000
6781.390000
6781.390000
6781.390000
6781.390000
6781.390000
6781.390000
6781.390000
6781.390000
6781.390000
6781.390000
6781.390000
6781.390000
6781.390000
6781.390000
6781.390000
6781.390000
6781.390000
6781.390000
6781.390000
6781.390000
6781.390000
6781.390000
6781.390000
6781.390000
6781.390000
6781.390000
6781.390000
6781.390000
6781.390000
6781.390000
6781.390000
6781.390000
6781.390000
6781.390000
6781.390000
6781.390000
6781.390000
6781.390000
6781.390000
6781.390000
6781.390000
6781.390000
6781.390000
6781.390000
6781.390000
6781.390000
6781.390000
6781.390000
6781.390000
6781.390000
6781.390000
6781.390000
6781.390000
6781.390000
6781.390000
6781.390000
6781.390000
6781.390000
6781.390000
6781.390000
6781.390000
6781.390000
6781.390000
6781.390000
6781.390000
6781.390000
6781.390000
6781.390000
6781.390000
6781.390000
6781.390000
6781.390000
6781.390000
6781.390000
6781.390000
6781.390000
6781.390000
6781.390000
6781.390000
6781.390000
6781.390000
6781.390000
6781.390000
6781.390000
6781.390000
6781.390000
6781.390000
6781.390000
6781.390000
6781.390000
6781.390000
6781.390000
6781.390000
6781.390000
6781.390000
6781.390000
6781.390000
6781.390000
6781.390000
6781.390000
6781.390000
6781.390000
6781.390000
6781.390000
6781.390000
6781.390000
6781.390000
6781.390000
6781.390000
6781.390000
6781.390000
6781.390000
6781.390000
6781.390000
6781.390000
6781.390000
6781.390000
6781.390000
6781.390000
6781.390000
6781.390000
6781.390000
6781.390000
6781.390000
6781.390000
6781.390000
6781.390000
6781.390000
6781.390000
6781.390000
6781.390000
6781.390000
6781.390000
6781.390000
6781.390000
6781.390000
6781.390000
6781.390000
6781.390000
6781.390000
6781.390000
6781.390000
6781.390000
6781.390000
6781.390000
6781.390000
6781.390000
6781.390000
6781.390000
6781.390000
6781.390000
6781.390000
6781.390000
6781.390000
6781.390000
6781.390000
6781.390000
6781.390000
6781.390000
6781.390000
6781.390000
6781.390000
6781.390000
6781.390000
6781.390000
6781.390000
6781.390000
6781.390000
6781.390000
6781.390000
6781.390000
6781.390000
6781.390000
6781.390000
6781.390000
6781.390000
6781.390000
6781.390000
6781.390000
6781.390000
6781.390000
6781.390000
6781.390000
6781.390000
6781.390000
6781.390000
6781.390000
6781.390000
6781.390000
6781.390000
6781.390000
6781.390000
6781.390000
6781.390000
6781.390000
6781.390000
6781.390000
6781.390000
6781.390000
6781.390000
6781.390000
6781.390000
6781.390000
6781.390000
6781.390000
6781.390000
6781.390000
6781.390000
6781.390000
6781.390000
6781.390000
6781.390000
6781.390000
6781.390000
6781.390000
6781.390000
6781.390000
6781.390000
6781.390000
6781.390000
6781.390000
6781.390000
6781.390000
6781.390000
6781.390000
6781.390000
6781.390000
6781.390000
6781.390000
6781.390000
6781.390000
6781.390000
6781.390000
6781.390000
6781.390000
6781.390000
6781.390000
6781.390000
6781.390000
6781.390000
6781.390000
6781.390000
6781.390000
6781.390000
6781.390000
6781.390000
6781.390000
6781.390000
6781.390000
6781.390000
6781.390000
6781.390000
6781.390000
6781.390000
6781.390000
6781.390000
6781.390000
6781.390000
6781.390000
6781.390000
6781.390000
6781.390000
6781.390000
6781.390000
6781.390000
6781.390000
6781.390000
6781.390000
6781.390000
6781.390000
6781.390000
6781.390000
6781.390000
6781.390000
6781.390000
6781.390000
6781.390000
6781.390000
6781.390000
6781.390000
6781.390000
6781.390000
788.533237
2534.456759
2782.465931
5183.404949
0.000000
0.000000
1183.119755
3225.876289
6781.390000
6781.390000
6781.390000
6781.390000
6781.390000
6781.390000
6781.390000
6781.390000
6781.390000
6781.390000
6781.390000
6781.390000
6781.390000
6781.390000
6781.390000
6781.390000
6781.390000
6781.390000
6781.390000
6781.390000
6781.390000
6781.390000
6781.390000
6781.390000
6781.390000
6781.390000
6781.390000
6781.390000
6781.390000
6781.390000
6781.390000
6781.390000
6781.390000
6781.390000
6781.390000
6781.390000
6781.390000
6781.390000
6781.390000
6781.390000
6781.390000
6781.390000
6781.390000
6781.390000
6781.390000
6781.390000
6781.390000
6781.390000
6781.390000
6781.390000
6781.390000
6781.390000
6781.390000
6781.390000
6781.390000
6781.390000
6781.390000
6781.390000
6781.390000
6781.390000
6781.390000
6781.390000
6781.390000
6781.390000
6781.390000
6781.390000
6781.390000
6781.390000
6781.390000
6781.390000
6781.390000
6781.390000
6781.390000
6781.390000
6781.390000
6781.390000
6781.390000
6781.390000
6781.390000
6781.390000
6781.390000
6781.390000
6781.390000
6781.390000
6781.390000
6781.390000
6781.390000
6781.390000
5901.853524
6781.390000
3715.170620
168.027129
0.000000
0.000000
0.000000
0.000000
6781.390000
6781.390000
2160.531361
2469.528459
6781.390000
6781.390000
6781.390000
6781.390000
6781.390000
6781.390000
6781.390000
6781.390000
6781.390000
6781.390000
6781.390000
6781.390000
6781.390000
6781.390000
6781.390000
6781.390000
6781.390000
6781.390000
6781.390000
6781.390000
6781.390000
6781.390000
6781.390000
6781.390000
6781.390000
6781.390000
6781.390000
6781.390000
6781.390000
6781.390000
6781.390000
6781.390000
6781.390000
6781.390000
6781.390000
6781.390000
6217.888662
6781.390000
6781.390000
6781.390000
6781.390000
6781.390000
6781.390000
6781.390000
6781.390000
6781.390000
6781.390000
6781.390000
6781.390000
6781.390000
6781.390000
6781.390000
6781.390000
6781.390000
6781.390000
6781.390000
6781.390000
6781.390000
6781.390000
6781.390000
6781.390000
6781.390000
6781.390000
6781.390000
6781.390000
6781.390000
6781.390000
6781.390000
6781.390000
6781.390000
6781.390000
6781.390000
6781.390000
6781.390000
6781.390000
6781.390000
6781.390000
6781.390000
6781.390000
6781.390000
6781.390000
6781.390000
6781.390000
6781.390000
6781.390000
6781.390000
6781.390000
6781.390000
6781.390000
6781.390000
6781.390000
6781.390000
6781.390000
6781.390000
6781.390000
6781.390000
6781.390000
6781.390000
6781.390000
6781.390000
6781.390000
6781.390000
6781.390000
6781.390000
6781.390000
6781.390000
6781.390000
6781.390000
6781.390000
6781.390000
6781.390000
6781.390000
6781.390000
6781.390000
6781.390000
6781.390000
6781.390000
6781.390000
6781.390000
6781.390000
6781.390000
6781.390000
6781.390000
6781.390000
6781.390000
6781.390000
6781.390000
6781.390000
6781.390000
6781.390000
6781.390000
6781.390000
6781.390000
6781.390000
6781.390000
6781.390000
6781.390000
6781.390000
6781.390000
6781.390000
6781.390000
6781.390000
6781.390000
6781.390000
6781.390000
6781.390000
6781.390000
6781.390000
6781.390000
6781.390000
6781.390000
6781.390000
6781.390000
6781.390000
6781.390000
6781.390000
6781.390000
6781.390000
6781.390000
6781.390000
6781.390000
6781.390000
6781.390000
6781.390000
6781.390000
6781.390000
6781.390000
6781.390000
6781.390000
6781.390000
6781.390000
6781.390000
6781.390000
6781.390000
6781.390000
6781.390000
6781.390000
6781.390000
6781.390000
6781.390000
2341.950277
3500.811001
1003.702154
2961.610816
0.000000
1704.976877
0.000000
0.000000
0.000000
0.000000
0.000000
0.000000
0.000000
6781.390000
6781.390000
6781.390000
6781.390000
6781.390000
6781.390000
6781.390000
6781.390000
6781.390000
6781.390000
6781.390000
6781.390000
6781.390000
6781.390000
6781.390000
6781.390000
6781.390000
6781.390000
6781.390000
6781.390000
6781.390000
6781.390000
6781.390000
6781.390000
6781.390000
6781.390000
6781.390000
6781.390000
6781.390000
6781.390000
6781.390000
6781.390000
6781.390000
6781.390000
6781.390000
2977.351530
4628.272008
4814.505083
6718.537124
6781.390000
6781.390000
6781.390000
6781.390000
6781.390000
6781.390000
6781.390000
6781.390000
6781.390000
678.977707
5928.403794
5919.949526
6781.390000
6781.390000
6781.390000
6781.390000
6781.390000
6781.390000
6781.390000
6781.390000
6781.390000
6781.390000
6781.390000
6781.390000
6781.390000
6781.390000
6781.390000
6781.390000
6781.390000
6781.390000
6781.390000
6781.390000
6781.390000
6781.390000
6781.390000
6781.390000
6781.390000
6781.390000
6781.390000
6781.390000
6781.390000
6781.390000
6781.390000
6781.390000
6663.254283
6781.390000
4312.799879
0.000000
0.000000
0.000000
549.476523
2125.751812
752.984987
0.000000
0.000000
0.000000
273.107569
3523.603235
6781.390000
6781.390000
6781.390000
6781.390000
6781.390000
6781.390000
6781.390000
6781.390000
6781.390000
6781.390000
6781.390000
6781.390000
6781.390000
6781.390000
6781.390000
6781.390000
6781.390000
6781.390000
6781.390000
6781.390000
6781.390000
6781.390000
6781.390000
6781.390000
6781.390000
6781.390000
6781.390000
6781.390000
6781.390000
6781.390000
6781.390000
6781.390000
6781.390000
6781.390000
4989.036518
6541.698978
4140.295945
6221.602504
6781.390000
6781.390000
6781.390000
6781.390000
6781.390000
0.000000
0.000000
0.000000
0.000000
0.000000
0.000000
0.000000
6781.390000
6781.390000
6781.390000
6781.390000
6781.390000
6781.390000
6781.390000
6781.390000
6781.390000
6781.390000
6781.390000
6781.390000
6781.390000
6781.390000
6781.390000
6781.390000
6781.390000
6781.390000
6781.390000
6781.390000
6781.390000
6781.390000
6781.390000
6781.390000
6781.390000
6781.390000
6781.390000
6781.390000
6781.390000
6781.390000
6781.390000
6781.390000
6781.390000
0.000000
0.000000
0.000000
0.000000
0.000000
0.000000
0.000000
0.000000
0.000000
0.000000
0.000000
0.000000
4335.612482
6781.390000
6781.390000
6781.390000
6781.390000
6781.390000
6781.390000
6781.390000
6781.390000
6781.390000
6781.390000
6781.390000
6781.390000
6781.390000
6781.390000
6781.390000
6781.390000
6781.390000
6781.390000
6781.390000
6781.390000
6781.390000
6781.390000
6781.390000
6781.390000
6781.390000
6781.390000
6781.390000
6781.390000
6781.390000
6781.390000
6781.390000
6781.390000
6781.390000
6781.390000
6781.390000
5695.832219
0.000000
0.000000
0.000000
0.000000
3359.145583
3899.045676
2515.595878
3512.732696
5678.005876
6255.136496
6781.390000
1173.625070
6781.390000
6781.390000
6781.390000
6781.390000
6781.390000
6781.390000
6781.390000
6781.390000
6781.390000
6781.390000
6781.390000
6781.390000
6781.390000
6781.390000
6781.390000
6781.390000
6781.390000
6781.390000
6781.390000
6781.390000
6781.390000
6781.390000
6781.390000
6781.390000
6781.390000
6781.390000
6781.390000
6781.390000
6781.390000
6781.390000
6781.390000
6781.390000
405.056361
3633.687326
0.000000
0.000000
0.000000
0.000000
0.000000
0.000000
0.000000
0.000000
0.000000
0.000000
0.000000
0.000000
5784.708713
6781.390000
6781.390000
6781.390000
6781.390000
6781.390000
6781.390000
6781.390000
6781.390000
6781.390000
6781.390000
6781.390000
6781.390000
6781.390000
6781.390000
6781.390000
6781.390000
6781.390000
6781.390000
6781.390000
6781.390000
6781.390000
6781.390000
6781.390000
6781.390000
6781.390000
6781.390000
6781.390000
6781.390000
6781.390000
6781.390000
6781.390000
6781.390000
6781.390000
6781.390000
6781.390000
6781.390000
6781.390000
6781.390000
6781.390000
743.097993
0.000000
6781.390000
6781.390000
5757.199079
6705.819209
6781.390000
6781.390000
6781.390000
6781.390000
6781.390000
6781.390000
6781.390000
6781.390000
6781.390000
6781.390000
6781.390000
6781.390000
6781.390000
6781.390000
6781.390000
6781.390000
6781.390000
6781.390000
6781.390000
6781.390000
6781.390000
6781.390000
6781.390000
6781.390000
6781.390000
6781.390000
6781.390000
6781.390000
6781.390000
6781.390000
6781.390000
6781.390000
6781.390000
6781.390000
6781.390000
6781.390000
6781.390000
6781.390000
6781.390000
6781.390000
6781.390000
6781.390000
6781.390000
6781.390000
6781.390000
6781.390000
6781.390000
6781.390000
6781.390000
6781.390000
6781.390000
6781.390000
6781.390000
6781.390000
6781.390000
6781.390000
6781.390000
6781.390000
6781.390000
6781.390000
6781.390000
6781.390000
6781.390000
6781.390000
6781.390000
6781.390000
6781.390000
6781.390000
6781.390000
6781.390000
6781.390000
6781.390000
6781.390000
6781.390000
6781.390000
6781.390000
6781.390000
6781.390000
6781.390000
6781.390000
6781.390000
6781.390000
6781.390000
6781.390000
6781.390000
6781.390000
6781.390000
6781.390000
6781.390000
6781.390000
6781.390000
6781.390000
6781.390000
6781.390000
6781.390000
6781.390000
6781.390000
6781.390000
6781.390000
6781.390000
6781.390000
6781.390000
6781.390000
6781.390000
6781.390000
6781.390000
6781.390000
6781.390000
6781.390000
6781.390000
6781.390000
6781.390000
6781.390000
6781.390000
6781.390000
6781.390000
6781.390000
6781.390000
6781.390000
6781.390000
6781.390000
6781.390000
6781.390000
6781.390000
6781.390000
6781.390000
6781.390000
6781.390000
6781.390000
6781.390000
6781.390000
6781.390000
6781.390000
6781.390000
6781.390000
6781.390000
6781.390000
6781.390000
6781.390000
6781.390000
0.000000
1391.161933
0.000000
0.000000
1477.447586
1045.653146
2871.162066
0.000000
6781.390000
6781.390000
6781.390000
6781.390000
6781.390000
6781.390000
6781.390000
6781.390000
6781.390000
6781.390000
6781.390000
6781.390000
6781.390000
6781.390000
6781.390000
6781.390000
6781.390000
6781.390000
6781.390000
6781.390000
6781.390000
6781.390000
6781.390000
6781.390000
6781.390000
6781.390000
6781.390000
6781.390000
6781.390000
6781.390000
6781.390000
6781.390000
0.000000
0.000000
0.000000
0.000000
0.000000
0.000000
0.000000
0.000000
0.000000
0.000000
59.444273
1116.969607
2094.549003
2617.979420
6781.390000
6781.390000
6781.390000
6781.390000
6781.390000
6781.390000
6781.390000
6781.390000
6781.390000
6781.390000
6781.390000
6781.390000
6781.390000
6781.390000
6781.390000
6781.390000
6781.390000
6781.390000
6781.390000
6781.390000
6781.390000
6781.390000
6781.390000
6781.390000
6781.390000
6781.390000
6781.390000
6781.390000
6781.390000
6781.390000
6781.390000
6781.390000
6781.390000
6781.390000
6781.390000
6781.390000
6781.390000
6781.390000
6781.390000
6781.390000
6781.390000
6781.390000
6781.390000
6781.390000
6781.390000
6781.390000
6781.390000
6781.390000
6781.390000
6781.390000
6781.390000
6781.390000
6781.390000
6781.390000
6781.390000
6781.390000
6781.390000
6781.390000
6781.390000
6781.390000
6781.390000
6781.390000
6781.390000
6781.390000
6781.390000
6781.390000
6781.390000
6781.390000
6781.390000
6781.390000
6781.390000
6781.390000
6781.390000
6781.390000
6781.390000
6781.390000
6781.390000
6781.390000
6781.390000
6781.390000
6781.390000
6781.390000
6781.390000
6781.390000
6781.390000
6781.390000
6781.390000
6781.390000
6781.390000
6781.390000
6781.390000
6781.390000
6781.390000
6781.390000
6781.390000
6781.390000
6781.390000
6781.390000
6781.390000
6781.390000
6781.390000
6781.390000
6781.390000
6781.390000
6781.390000
6781.390000
6781.390000
6781.390000
6781.390000
6781.390000
6781.390000
6781.390000
6781.390000
6781.390000
6781.390000
6781.390000
6781.390000
6781.390000
6781.390000
6781.390000
6781.390000
6781.390000
6781.390000
6781.390000
6781.390000
6781.390000
6781.390000
6781.390000
6781.390000
6781.390000
6781.390000
6781.390000
6781.390000
6781.390000
6781.390000
6781.390000
6781.390000
6781.390000
6781.390000
6781.390000
6781.390000
6781.390000
6781.390000
6781.390000
6781.390000
6781.390000
6781.390000
6781.390000
6781.390000
6781.390000
6781.390000
6781.390000
6781.390000
6781.390000
6781.390000
6781.390000
6781.390000
6781.390000
6781.390000
6781.390000
6781.390000
6781.390000
6781.390000
6781.390000
6781.390000
6781.390000
6781.390000
6781.390000
6781.390000
6781.390000
6781.390000
6781.390000
6781.390000
6781.390000
6781.390000
6781.390000
6781.390000
6781.390000
6781.390000
6781.390000
5231.433736
6781.390000
4082.185434
5700.759686
0.000000
546.834484
6781.390000
6781.390000
6781.390000
6781.390000
6781.390000
6781.390000
6781.390000
6781.390000
6781.390000
6781.390000
6781.390000
6781.390000
6781.390000
6781.390000
6781.390000
6781.390000
6781.390000
6781.390000
6781.390000
6781.390000
6781.390000
6781.390000
6781.390000
6781.390000
6781.390000
6781.390000
6781.390000
6781.390000
6781.390000
6781.390000
6781.390000
6781.390000
6781.390000
6781.390000
6781.390000
6781.390000
6781.390000
6781.390000
6781.390000
6781.390000
6781.390000
6781.390000
197.143228
2013.589704
0.000000
0.000000
5679.247475
6781.390000
6781.390000
6781.390000
6781.390000
6781.390000
6781.390000
6781.390000
6781.390000
6781.390000
6781.390000
6781.390000
6781.390000
6781.390000
6781.390000
6781.390000
6781.390000
6781.390000
6781.390000
6781.390000
6781.390000
6781.390000
6781.390000
6781.390000
6781.390000
6781.390000
6781.390000
6781.390000
6781.390000
6781.390000
6781.390000
6781.390000
6781.390000
6781.390000
6781.390000
6781.390000
6781.390000
6781.390000
6781.390000
6781.390000
6781.390000
6781.390000
6781.390000
6781.390000
2.562207
1385.268183
0.000000
0.000000
2376.610289
1715.511949
0.000000
0.000000
6214.813922
6575.930979
6781.390000
6781.390000
6781.390000
6781.390000
6781.390000
6781.390000
6781.390000
6781.390000
6781.390000
6781.390000
6781.390000
6781.390000
6781.390000
6781.390000
6781.390000
6781.390000
6781.390000
6781.390000
6781.390000
6781.390000
6781.390000
6781.390000
6781.390000
6781.390000
6781.390000
6781.390000
6781.390000
6781.390000
6781.390000
6781.390000
6781.390000
6781.390000
6781.390000
6781.390000
6781.390000
6781.390000
6781.390000
6781.390000
6781.390000
6781.390000
6781.390000
6781.390000
6781.390000
6781.390000
6781.390000
6781.390000
6781.390000
6781.390000
6781.390000
6781.390000
6781.390000
6781.390000
6781.390000
6781.390000
6781.390000
6781.390000
6781.390000
6781.390000
6781.390000
6781.390000
6781.390000
6781.390000
6781.390000
6781.390000
6781.390000
6781.390000
6781.390000
6781.390000
6781.390000
6781.390000
6781.390000
6781.390000
6781.390000
6781.390000
6781.390000
6781.390000
6781.390000
6781.390000
6781.390000
6781.390000
6781.390000
6781.390000
6781.390000
6781.390000
6781.390000
6781.390000
6781.390000
6781.390000
6781.390000
6781.390000
6781.390000
6781.390000
6781.390000
6781.390000
6781.390000
6781.390000
6781.390000
6781.390000
6781.390000
6781.390000
6781.390000
6781.390000
6781.390000
6781.390000
6781.390000
6781.390000
6781.390000
6781.390000
6781.390000
6781.390000
6781.390000
6781.390000
6781.390000
6781.390000
6781.390000
6781.390000
6781.390000
6781.390000
6781.390000
6781.390000
6781.390000
6781.390000
6781.390000
6781.390000
6781.390000
6781.390000
6781.390000
6781.390000
6781.390000
6781.390000
6781.390000
6781.390000
6781.390000
6781.390000
6781.390000
6781.390000
6781.390000
6781.390000
6781.390000
6781.390000
6781.390000
6781.390000
6781.390000
6781.390000
6781.390000
6781.390000
6781.390000
6781.390000
6781.390000
6781.390000
6781.390000
6781.390000
6781.390000
6781.390000
6781.390000
6781.390000
6781.390000
6781.390000
6781.390000
6781.390000
6781.390000
6781.390000
6781.390000
6781.390000
6781.390000
6781.390000
6781.390000
6781.390000
6781.390000
6781.390000
6781.390000
6781.390000
6781.390000
6781.390000
6781.390000
6781.390000
6781.390000
6781.390000
6781.390000
6781.390000
6781.390000
6781.390000
6781.390000
6781.390000
6781.390000
5911.660162
0.000000
0.000000
0.000000
0.000000
965.282415
1771.677047
6781.390000
6781.390000
6781.390000
6781.390000
6781.390000
6781.390000
6781.390000
6781.390000
6781.390000
6781.390000
6781.390000
6781.390000
6781.390000
6781.390000
6781.390000
6781.390000
6781.390000
6781.390000
6781.390000
6781.390000
6781.390000
6781.390000
6781.390000
6781.390000
6781.390000
6781.390000
6781.390000
6781.390000
6781.390000
6781.390000
6781.390000
6781.390000
6781.390000
6781.390000
6781.390000
6781.390000
6781.390000
6781.390000
0.000000
0.000000
0.000000
1258.884511
0.000000
0.000000
6781.390000
6781.390000
6781.390000
6781.390000
1475.870897
1240.371815
6781.390000
6781.390000
6781.390000
6781.390000
6781.390000
6781.390000
6781.390000
6781.390000
6781.390000
6781.390000
6781.390000
6781.390000
6781.390000
6781.390000
6781.390000
6781.390000
6781.390000
6781.390000
6781.390000
6781.390000
6781.390000
6781.390000
6781.390000
6781.390000
6781.390000
6781.390000
6781.390000
6781.390000
6781.390000
6781.390000
6781.390000
6781.390000
6781.390000
6781.390000
6781.390000
6781.390000
1372.115726
2562.114438
5217.127563
6781.390000
6781.390000
6781.390000
6781.390000
6781.390000
6781.390000
6781.390000
6781.390000
6781.390000
6781.390000
6781.390000
6781.390000
6781.390000
6781.390000
6781.390000
6781.390000
6781.390000
6781.390000
6781.390000
6781.390000
6781.390000
6781.390000
6781.390000
6781.390000
6781.390000
6781.390000
6781.390000
6781.390000
6781.390000
6781.390000
6781.390000
6781.390000
6781.390000
6781.390000
6781.390000
6781.390000
6781.390000
6781.390000
6781.390000
6781.390000
6781.390000
6781.390000
6781.390000
6781.390000
6781.390000
6781.390000
6781.390000
6781.390000
6781.390000
5517.493819
4165.581031
1830.828404
2330.051358
5646.968386
6495.936867
6781.390000
6781.390000
6781.390000
6781.390000
6781.390000
6781.390000
6781.390000
6781.390000
6781.390000
6781.390000
6781.390000
6781.390000
6781.390000
6781.390000
6781.390000
6781.390000
6781.390000
6781.390000
6781.390000
6781.390000
6781.390000
6781.390000
6781.390000
6781.390000
6781.390000
6781.390000
6781.390000
6781.390000
6781.390000
6781.390000
6781.390000
6781.390000
6781.390000
6781.390000
6781.390000
6781.390000
6781.390000
6781.390000
6781.390000
6781.390000
5321.499325
741.107900
0.000000
0.000000
0.000000
0.000000
1570.965260
2537.067586
5186.053451
5804.942070
6781.390000
6781.390000
6781.390000
6781.390000
6781.390000
6781.390000
6781.390000
6781.390000
6781.390000
6781.390000
6781.390000
6781.390000
6781.390000
6781.390000
6781.390000
6781.390000
6781.390000
6781.390000
6781.390000
6781.390000
6781.390000
6781.390000
6781.390000
6781.390000
6781.390000
6781.390000
6781.390000
6781.390000
6781.390000
6781.390000
6781.390000
6781.390000
6781.390000
6781.390000
6781.390000
6781.390000
6781.390000
6781.390000
0.000000
0.000000
0.000000
0.000000
0.000000
0.000000
0.000000
486.350681
6781.390000
6781.390000
6781.390000
6781.390000
6781.390000
6781.390000
6781.390000
6781.390000
6781.390000
6781.390000
6781.390000
6781.390000
6781.390000
6781.390000
6781.390000
6781.390000
6781.390000
6781.390000
6781.390000
6781.390000
6781.390000
6781.390000
6781.390000
6781.390000
6781.390000
6781.390000
6781.390000
6781.390000
6781.390000
6781.390000
6781.390000
6781.390000
6781.390000
6781.390000
6781.390000
6781.390000
6781.390000
6781.390000
0.000000
276.742466
0.000000
0.000000
0.000000
0.000000
0.000000
0.000000
0.000000
0.000000
0.000000
0.000000
0.000000
6781.390000
6781.390000
6781.390000
6781.390000
6781.390000
6781.390000
6781.390000
6781.390000
6781.390000
6781.390000
6781.390000
6781.390000
6781.390000
6781.390000
6781.390000
6781.390000
6781.390000
6781.390000
6781.390000
6781.390000
6781.390000
6781.390000
6781.390000
6781.390000
6781.390000
6781.390000
6781.390000
6781.390000
6781.390000
6781.390000
6781.390000
6781.390000
6781.390000
6781.390000
6781.390000
0.000000
0.000000
0.000000
0.000000
0.000000
0.000000
0.000000
0.000000
0.000000
0.000000
0.000000
0.000000
4595.864435
6781.390000
6781.390000
6781.390000
6781.390000
6781.390000
6781.390000
6781.390000
6781.390000
6781.390000
6781.390000
6781.390000
6781.390000
6781.390000
6781.390000
6781.390000
6781.390000
6781.390000
6781.390000
6781.390000
6781.390000
6781.390000
6781.390000
6781.390000
6781.390000
6781.390000
6781.390000
6781.390000
6781.390000
6781.390000
6781.390000
6781.390000
6781.390000
6781.390000
2712.336112
3659.065698
0.000000
0.000000
0.000000
0.000000
0.000000
0.000000
0.000000
0.000000
0.000000
0.000000
0.000000
0.000000
0.000000
6781.390000
6781.390000
6781.390000
6781.390000
6781.390000
6781.390000
6781.390000
6781.390000
6781.390000
6781.390000
6781.390000
6781.390000
6781.390000
6781.390000
6781.390000
6781.390000
6781.390000
6781.390000
6781.390000
6781.390000
6781.390000
6781.390000
6781.390000
6781.390000
6781.390000
6781.390000
6781.390000
6781.390000
6781.390000
6781.390000
6781.390000
6781.390000
6781.390000
6781.390000
6781.390000
0.000000
0.000000
0.000000
0.000000
0.000000
0.000000
6773.736269
6781.390000
6781.390000
6781.390000
6781.390000
6781.390000
6781.390000
6781.390000
6781.390000
6781.390000
6781.390000
6781.390000
6781.390000
6781.390000
6781.390000
6781.390000
6781.390000
6781.390000
6781.390000
6781.390000
6781.390000
6781.390000
6781.390000
6781.390000
6781.390000
6781.390000
6781.390000
6781.390000
6781.390000
6781.390000
6781.390000
6781.390000
6781.390000
6781.390000
6781.390000
6781.390000
6781.390000
6781.390000
6781.390000
6781.390000
6781.390000
6781.390000
6781.390000
6781.390000
5872.596366
1261.783350
744.729687
0.000000
6781.390000
6781.390000
6781.390000
6781.390000
6781.390000
6781.390000
6781.390000
6781.390000
6781.390000
6781.390000
6781.390000
6781.390000
6781.390000
6781.390000
6781.390000
6781.390000
6781.390000
6781.390000
6781.390000
6781.390000
6781.390000
6781.390000
6781.390000
6781.390000
6781.390000
6781.390000
6781.390000
6781.390000
6781.390000
6781.390000
6781.390000
6781.390000
6781.390000
6781.390000
6781.390000
6781.390000
6781.390000
6781.390000
6781.390000
6781.390000
6781.390000
6781.390000
6781.390000
6781.390000
6781.390000
6781.390000
6781.390000
6781.390000
6781.390000
6781.390000
6781.390000
6781.390000
6781.390000
6781.390000
6781.390000
6781.390000
6781.390000
6781.390000
6781.390000
6781.390000
6781.390000
6781.390000
6781.390000
6781.390000
6781.390000
6781.390000
6781.390000
6781.390000
6781.390000
6781.390000
6781.390000
6781.390000
6781.390000
6781.390000
6781.390000
6781.390000
6781.390000
6781.390000
6781.390000
6781.390000
6781.390000
6781.390000
6781.390000
6781.390000
6781.390000
6781.390000
6781.390000
6781.390000
6781.390000
6781.390000
6781.390000
6781.390000
6781.390000
6781.390000
6781.390000
6781.390000
6781.390000
6781.390000
6781.390000
6781.390000
6781.390000
6781.390000
6781.390000
6781.390000
6781.390000
6781.390000
6781.390000
6781.390000
6781.390000
6781.390000
6781.390000
6781.390000
6781.390000
6781.390000
6781.390000
6781.390000
6781.390000
6781.390000
6781.390000
6781.390000
6781.390000
6781.390000
6781.390000
6781.390000
6781.390000
6781.390000
6781.390000
6781.390000
6781.390000
6781.390000
6781.390000
6781.390000
6781.390000
6781.390000
6781.390000
6781.390000
6781.390000
6781.390000
6781.390000
6781.390000
6781.390000
6781.390000
6781.390000
6781.390000
6781.390000
6781.390000
6781.390000
6781.390000
6781.390000
6781.390000
6781.390000
6781.390000
6781.390000
6781.390000
6781.390000
6781.390000
6781.390000
6781.390000
6781.390000
6781.390000
6781.390000
6781.390000
6781.390000
6781.390000
6781.390000
6781.390000
6781.390000
6781.390000
6781.390000
6781.390000
6781.390000
6781.390000
6781.390000
6781.390000
6781.390000
6781.390000
6781.390000
6781.390000
6781.390000
6781.390000
6781.390000
6781.390000
6781.390000
6781.390000
6781.390000
6781.390000
6781.390000
6781.390000
6781.390000
6781.390000
6781.390000
6781.390000
6781.390000
6781.390000
6781.390000
6781.390000
6781.390000
6781.390000
6781.390000
6781.390000
6781.390000
6781.390000
6781.390000
6781.390000
6781.390000
6781.390000
6781.390000
6781.390000
6781.390000
6781.390000
6781.390000
6781.390000
6781.390000
6781.390000
6781.390000
6781.390000
6781.390000
6781.390000
6781.390000
6781.390000
6781.390000
6781.390000
6781.390000
6781.390000
6781.390000
6781.390000
6781.390000
6781.390000
6781.390000
6781.390000
6781.390000
6781.390000
6781.390000
6781.390000
6781.390000
6781.390000
6781.390000
6781.390000
4238.310159
5526.756068
2975.604357
4759.451590
6781.390000
6781.390000
6781.390000
6781.390000
6781.390000
6781.390000
6781.390000
6781.390000
6781.390000
6781.390000
6781.390000
6781.390000
6781.390000
6781.390000
6781.390000
6781.390000
6781.390000
6781.390000
6781.390000
6781.390000
6781.390000
6781.390000
6781.390000
6781.390000
6781.390000
6781.390000
6781.390000
6781.390000
6781.390000
6781.390000
6781.390000
6781.390000
6781.390000
6781.390000
6781.390000
6781.390000
6781.390000
6781.390000
6781.390000
6781.390000
6781.390000
6781.390000
3947.631953
4881.828114
6781.390000
6781.390000
6251.675409
6781.390000
6781.390000
6781.390000
6781.390000
6781.390000
6781.390000
6781.390000
6781.390000
6781.390000
6781.390000
6781.390000
6781.390000
6781.390000
6781.390000
6781.390000
6781.390000
6781.390000
6781.390000
6781.390000
6781.390000
6781.390000
6781.390000
6781.390000
6781.390000
6781.390000
6781.390000
6781.390000
6781.390000
6781.390000
6781.390000
6781.390000
6781.390000
6781.390000
6781.390000
6781.390000
6781.390000
6781.390000
6781.390000
6781.390000
6781.390000
6781.390000
6781.390000
6781.390000
6781.390000
6781.390000
6781.390000
6781.390000
6781.390000
6781.390000
6781.390000
6781.390000
6781.390000
6781.390000
6781.390000
6781.390000
6781.390000
6781.390000
6781.390000
6781.390000
6781.390000
6781.390000
6781.390000
6781.390000
6781.390000
6781.390000
6781.390000
6781.390000
6781.390000
6781.390000
6781.390000
6781.390000
6781.390000
6781.390000
6781.390000
6781.390000
6781.390000
6781.390000
6781.390000
6781.390000
6781.390000
6781.390000
6781.390000
6781.390000
6781.390000
6781.390000
6781.390000
6781.390000
6781.390000
6781.390000
6781.390000
6781.390000
791.460632
0.000000
0.000000
0.000000
0.000000
0.000000
0.000000
0.000000
0.000000
0.000000
0.000000
6781.390000
6781.390000
6781.390000
6781.390000
6781.390000
6781.390000
6781.390000
6781.390000
6781.390000
6781.390000
6781.390000
6781.390000
6781.390000
6781.390000
6781.390000
6781.390000
6781.390000
6781.390000
6781.390000
6781.390000
6781.390000
6781.390000
6781.390000
6781.390000
6781.390000
6781.390000
6781.390000
6781.390000
6781.390000
6781.390000
6781.390000
6781.390000
6781.390000
6781.390000
6781.390000
6781.390000
6781.390000
6781.390000
6781.390000
6781.390000
6781.390000
6781.390000
6781.390000
6781.390000
6781.390000
6781.390000
6781.390000
6781.390000
6781.390000
6781.390000
6781.390000
6781.390000
6781.390000
6781.390000
6781.390000
6781.390000
6781.390000
6781.390000
6781.390000
6781.390000
6781.390000
6781.390000
6781.390000
6781.390000
6781.390000
6781.390000
6781.390000
6781.390000
6781.390000
6781.390000
6781.390000
6781.390000
6781.390000
6781.390000
6781.390000
6781.390000
6781.390000
6781.390000
6781.390000
6781.390000
6781.390000
6781.390000
6781.390000
6781.390000
6781.390000
6781.390000
6781.390000
6781.390000
6781.390000
6781.390000
6781.390000
6781.390000
6781.390000
6781.390000
6781.390000
6781.390000
6781.390000
6781.390000
6781.390000
6781.390000
6781.390000
6781.390000
6781.390000
6781.390000
6781.390000
6781.390000
6781.390000
6781.390000
6781.390000
6781.390000
6781.390000
6781.390000
6781.390000
6781.390000
6781.390000
6781.390000
6781.390000
6781.390000
6781.390000
6781.390000
6781.390000
6781.390000
6781.390000
6781.390000
6781.390000
6781.390000
6781.390000
6781.390000
6781.390000
6781.390000
6781.390000
6781.390000
6781.390000
6781.390000
6781.390000
6781.390000
6781.390000
6781.390000
6781.390000
6781.390000
6781.390000
6781.390000
6781.390000
6781.390000
6781.390000
6781.390000
6781.390000
6781.390000
6781.390000
6781.390000
6781.390000
6781.390000
6781.390000
6781.390000
6781.390000
6781.390000
6781.390000
6781.390000
6781.390000
6781.390000
6781.390000
6781.390000
6781.390000
6781.390000
6781.390000
6781.390000
6781.390000
6781.390000
6781.390000
6781.390000
6781.390000
6781.390000
6781.390000
6781.390000
6781.390000
6781.390000
6781.390000
6781.390000
6781.390000
6781.390000
6781.390000
6781.390000
6781.390000
6781.390000
6781.390000
6781.390000
6781.390000
6781.390000
6781.390000
6781.390000
6781.390000
6781.390000
6781.390000
6781.390000
6781.390000
6781.390000
6781.390000
6781.390000
6781.390000
6781.390000
6781.390000
6781.390000
6781.390000
6781.390000
6781.390000
6781.390000
6781.390000
6781.390000
6781.390000
6781.390000
6781.390000
6781.390000
6781.390000
6781.390000
6781.390000
6781.390000
6781.390000
6781.390000
6781.390000
6781.390000
6781.390000
6781.390000
6781.390000
6781.390000
6781.390000
6781.390000
6781.390000
6781.390000
6781.390000
6781.390000
6781.390000
6781.390000
6781.390000
6781.390000
6781.390000
6781.390000
6781.390000
6781.390000
6781.390000
6781.390000
6781.390000
6781.390000
6781.390000
6781.390000
6781.390000
6781.390000
6781.390000
6781.390000
6781.390000
6781.390000
6781.390000
6781.390000
6781.390000
6781.390000
6781.390000
6781.390000
6781.390000
6781.390000
6781.390000
6781.390000
6781.390000
6781.390000
6781.390000
6781.390000
6781.390000
6781.390000
6781.390000
6781.390000
6781.390000
6781.390000
6781.390000
6781.390000
6781.390000
6781.390000
6781.390000
6781.390000
6781.390000
6781.390000
6781.390000
6781.390000
6781.390000
6781.390000
6781.390000
6781.390000
6781.390000
6781.390000
6781.390000
6781.390000
6781.390000
6781.390000
6781.390000
6781.390000
6781.390000
6781.390000
6781.390000
6781.390000
6781.390000
6781.390000
6781.390000
6781.390000
6781.390000
6781.390000
6781.390000
6781.390000
6781.390000
6781.390000
6781.390000
6781.390000
6781.390000
6781.390000
6781.390000
6781.390000
6781.390000
6781.390000
6781.390000
6781.390000
6781.390000
6781.390000
6781.390000
6781.390000
6781.390000
6781.390000
6781.390000
6781.390000
6781.390000
6781.390000
6781.390000
6781.390000
6781.390000
6781.390000
6781.390000
6781.390000
6781.390000
6781.390000
6781.390000
6781.390000
6781.390000
6781.390000
6781.390000
6781.390000
6781.390000
6781.390000
6781.390000
6781.390000
6781.390000
6781.390000
6781.390000
6781.390000
6781.390000
6781.390000
6781.390000
6781.390000
6781.390000
6781.390000
6781.390000
6781.390000
6781.390000
6781.390000
6781.390000
6781.390000
6781.390000
6781.390000
6781.390000
6781.390000
6781.390000
6781.390000
6781.390000
6781.390000
6781.390000
6781.390000
6781.390000
6781.390000
6781.390000
6781.390000
6781.390000
6781.390000
6781.390000
6781.390000
6781.390000
6781.390000
6781.390000
6781.390000
6781.390000
6781.390000
6781.390000
6781.390000
6781.390000
6781.390000
6781.390000
6781.390000
6781.390000
6781.390000
6781.390000
6781.390000
6781.390000
6781.390000
6781.390000
6781.390000
6781.390000
6781.390000
6781.390000
6781.390000
6781.390000
6781.390000
6781.390000
6781.390000
6781.390000
6781.390000
6781.390000
6781.390000
6781.390000
6781.390000
6781.390000
6781.390000
6781.390000
6781.390000
6781.390000
6781.390000
6781.390000
6781.390000
6781.390000
6781.390000
6781.390000
6781.390000
6781.390000
6781.390000
6781.390000
6781.390000
6781.390000
6781.390000
6781.390000
6781.390000
6781.390000
6781.390000
6781.390000
6781.390000
6781.390000
6781.390000
6781.390000
6781.390000
6781.390000
6781.390000
6781.390000
6781.390000
6781.390000
6781.390000
6781.390000
6781.390000
6781.390000
6781.390000
6781.390000
6781.390000
6781.390000
6781.390000
6781.390000
6781.390000
6781.390000
6781.390000
6781.390000
6781.390000
6781.390000
6781.390000
6781.390000
6781.390000
6781.390000
6781.390000
6781.390000
6781.390000
6781.390000
6781.390000
6781.390000
6781.390000
6781.390000
6781.390000
6781.390000
6781.390000
6781.390000
6781.390000
6781.390000
6781.390000
6781.390000
6781.390000
6781.390000
6781.390000
6781.390000
6781.390000
6781.390000
6781.390000
6781.390000
6781.390000
6781.390000
6781.390000
6781.390000
6781.390000
6781.390000
6781.390000
6781.390000
6781.390000
6781.390000
6781.390000
6781.390000
6781.390000
6781.390000
6781.390000
6781.390000
6781.390000
6781.390000
6781.390000
6781.390000
6781.390000
6781.390000
6781.390000
6781.390000
6781.390000
6781.390000
6781.390000
6781.390000
6781.390000
6781.390000
6781.390000
6781.390000
6781.390000
6781.390000
6781.390000
6781.390000
6781.390000
6781.390000
6781.390000
6781.390000
6781.390000
6781.390000
6781.390000
6781.390000
6781.390000
6781.390000
6781.390000
6781.390000
6781.390000
6781.390000
6781.390000
6781.390000
6781.390000
6781.390000
6781.390000
6781.390000
6781.390000
6781.390000
6781.390000
6781.390000
6781.390000
6781.390000
6781.390000
6781.390000
6781.390000
6781.390000
6781.390000
6781.390000
6781.390000
6781.390000
6781.390000
6781.390000
6781.390000
6781.390000
6781.390000
6781.390000
6781.390000
6781.390000
6781.390000
6781.390000
6781.390000
6781.390000
6781.390000
6781.390000
6781.390000
6781.390000
6781.390000
6781.390000
6781.390000
6781.390000
6781.390000
6781.390000
6781.390000
6781.390000
6781.390000
6781.390000
6781.390000
6781.390000
6781.390000
6781.390000
6781.390000
6781.390000
6781.390000
6781.390000
6781.390000
6781.390000
6781.390000
6781.390000
6781.390000
6781.390000
6781.390000
6781.390000
6781.390000
6781.390000
6781.390000
6781.390000
6781.390000
6781.390000
6781.390000
6781.390000
6781.390000
6781.390000
6781.390000
6781.390000
6781.390000
6781.390000
6781.390000
6781.390000
6781.390000
6781.390000
6781.390000
6781.390000
6781.390000
6781.390000
6781.390000
6781.390000
6781.390000
6781.390000
6781.390000
6781.390000
6781.390000
6781.390000
6781.390000
6781.390000
6781.390000
6781.390000
6781.390000
6781.390000
6781.390000
6781.390000
6781.390000
6781.390000
6781.390000
6781.390000
6781.390000
6781.390000
6781.390000
6781.390000
6781.390000
6781.390000
6781.390000
6781.390000
6781.390000
6781.390000
6781.390000
6781.390000
6781.390000
6781.390000
6781.390000
6781.390000
6781.390000
6781.390000
2319.993405
0.000000
0.000000
0.000000
0.000000
0.000000
0.000000
0.000000
1206.595104
1792.040061
5645.856803
6781.390000
6781.390000
6781.390000
6781.390000
6781.390000
6781.390000
6781.390000
6781.390000
6781.390000
6781.390000
6781.390000
6781.390000
6781.390000
6781.390000
6781.390000
6781.390000
6781.390000
6781.390000
6781.390000
6781.390000
6781.390000
6781.390000
6781.390000
6781.390000
6781.390000
6781.390000
6781.390000
6781.390000
6781.390000
6781.390000
6781.390000
6781.390000
6781.390000
6781.390000
6781.390000
6781.390000
6781.390000
6781.390000
4641.652094
0.000000
0.000000
0.000000
0.000000
1970.804205
2709.971006
6781.390000
6781.390000
6781.390000
6781.390000
6781.390000
6781.390000
6781.390000
6781.390000
6781.390000
6781.390000
6781.390000
6781.390000
6781.390000
6781.390000
6781.390000
6781.390000
6781.390000
6781.390000
6781.390000
6781.390000
6781.390000
6781.390000
6781.390000
6781.390000
6781.390000
6781.390000
6781.390000
6781.390000
6781.390000
6781.390000
6781.390000
6781.390000
6781.390000
6781.390000
6781.390000
6781.390000
6781.390000
6781.390000
6781.390000
6781.390000
6781.390000
6781.390000
1268.367532
0.000000
0.000000
330.031695
2086.759467
2849.373859
6781.390000
6781.390000
6781.390000
6781.390000
6781.390000
6781.390000
6781.390000
6781.390000
6781.390000
6781.390000
6781.390000
6781.390000
6781.390000
6781.390000
6781.390000
6781.390000
6781.390000
6781.390000
6781.390000
6781.390000
6781.390000
6781.390000
6781.390000
6781.390000
6781.390000
6781.390000
6781.390000
6781.390000
6781.390000
6781.390000
6781.390000
6781.390000
6781.390000
6781.390000
6781.390000
6781.390000
6781.390000
6781.390000
6781.390000
6781.390000
6781.390000
6781.390000
6781.390000
6781.390000
6781.390000
6781.390000
6781.390000
6781.390000
6781.390000
6781.390000
6781.390000
6781.390000
6781.390000
6781.390000
6781.390000
6781.390000
6781.390000
6781.390000
6781.390000
6781.390000
6781.390000
6781.390000
6781.390000
6781.390000
6781.390000
6781.390000
6781.390000
6781.390000
6781.390000
6781.390000
6781.390000
6781.390000
6781.390000
6781.390000
6781.390000
6781.390000
6781.390000
6781.390000
6781.390000
6781.390000
6781.390000
6781.390000
6781.390000
6781.390000
6781.390000
6781.390000
6781.390000
6781.390000
6781.390000
6781.390000
6781.390000
6781.390000
6781.390000
6781.390000
6781.390000
6781.390000
6781.390000
6781.390000
6781.390000
6781.390000
6781.390000
6781.390000
6781.390000
6781.390000
6781.390000
6781.390000
6781.390000
6781.390000
6781.390000
6781.390000
6781.390000
6781.390000
6781.390000
6781.390000
6781.390000
6781.390000
6781.390000
6781.390000
6781.390000
6781.390000
6781.390000
6781.390000
6781.390000
6781.390000
6781.390000
6781.390000
6781.390000
6781.390000
6781.390000
6781.390000
6781.390000
6781.390000
6781.390000
6781.390000
6781.390000
6781.390000
0.000000
0.000000
0.000000
0.000000
6781.390000
6781.390000
3477.742897
2440.635113
6781.390000
6781.390000
6781.390000
6781.390000
6781.390000
6781.390000
6781.390000
6781.390000
6781.390000
6781.390000
6781.390000
6781.390000
6781.390000
6781.390000
6781.390000
6781.390000
6781.390000
6781.390000
6781.390000
6781.390000
6781.390000
6781.390000
6781.390000
6781.390000
6781.390000
6781.390000
6781.390000
6781.390000
6781.390000
6781.390000
6781.390000
6781.390000
6781.390000
6781.390000
6781.390000
6781.390000
6781.390000
6781.390000
5610.963314
6781.390000
0.000000
0.000000
1190.358386
1430.027584
1475.759781
2550.504586
3796.828526
3714.956760
1613.713494
1716.834946
6636.511734
6781.390000
6781.390000
6781.390000
6781.390000
6781.390000
6781.390000
6781.390000
6781.390000
6781.390000
6781.390000
6781.390000
6781.390000
6781.390000
6781.390000
6781.390000
6781.390000
6781.390000
6781.390000
6781.390000
6781.390000
6781.390000
6781.390000
6781.390000
6781.390000
6781.390000
6781.390000
6781.390000
6781.390000
6781.390000
6781.390000
6781.390000
6781.390000
6781.390000
6781.390000
6781.390000
6781.390000
6781.390000
6781.390000
2118.330289
0.000000
0.000000
0.000000
0.000000
0.000000
265.341960
6781.390000
6781.390000
6781.390000
6781.390000
6781.390000
6781.390000
6781.390000
6781.390000
6781.390000
6781.390000
6781.390000
6781.390000
6781.390000
6781.390000
6781.390000
6781.390000
6781.390000
6781.390000
6781.390000
6781.390000
6781.390000
6781.390000
6781.390000
6781.390000
6781.390000
6781.390000
6781.390000
6781.390000
6781.390000
6781.390000
6781.390000
6781.390000
6781.390000
6781.390000
6781.390000
6781.390000
6781.390000
6781.390000
6781.390000
6781.390000
6781.390000
6781.390000
6781.390000
6781.390000
3993.390269
4214.728893
6781.390000
6781.390000
6781.390000
6781.390000
6781.390000
6781.390000
6781.390000
6781.390000
6781.390000
6781.390000
6781.390000
6781.390000
6781.390000
6781.390000
6781.390000
6781.390000
6781.390000
6781.390000
6781.390000
6781.390000
6781.390000
6781.390000
6781.390000
6781.390000
6781.390000
6781.390000
6781.390000
6781.390000
6781.390000
6781.390000
6781.390000
6781.390000
6781.390000
6781.390000
6781.390000
6781.390000
6781.390000
6781.390000
6781.390000
6781.390000
6781.390000
6781.390000
6781.390000
6781.390000
6781.390000
6781.390000
0.000000
0.000000
5924.958603
6595.152818
6424.889363
6781.390000
6781.390000
6781.390000
6781.390000
6781.390000
6781.390000
6781.390000
6781.390000
6781.390000
6781.390000
6781.390000
6781.390000
6781.390000
6781.390000
6781.390000
6781.390000
6781.390000
6781.390000
6781.390000
6781.390000
6781.390000
6781.390000
6781.390000
6781.390000
6781.390000
6781.390000
6781.390000
6781.390000
6781.390000
6781.390000
6781.390000
6781.390000
6781.390000
6781.390000
6781.390000
6781.390000
6781.390000
6781.390000
6781.390000
6781.390000
6781.390000
6781.390000
6781.390000
6781.390000
6781.390000
6781.390000
6781.390000
6781.390000
6781.390000
6781.390000
6781.390000
6781.390000
6781.390000
6781.390000
6781.390000
6781.390000
6781.390000
6781.390000
6781.390000
6781.390000
6781.390000
6781.390000
6781.390000
6781.390000
6781.390000
6781.390000
6781.390000
6781.390000
6781.390000
6781.390000
6781.390000
6781.390000
6781.390000
6781.390000
6781.390000
6781.390000
6781.390000
6781.390000
6781.390000
6781.390000
6781.390000
6781.390000
6781.390000
6781.390000
6781.390000
6781.390000
6781.390000
6781.390000
6781.390000
6781.390000
6781.390000
6781.390000
6781.390000
6781.390000
6781.390000
6781.390000
6781.390000
6781.390000
6781.390000
6781.390000
6781.390000
6781.390000
6781.390000
6781.390000
6781.390000
6781.390000
6781.390000
6781.390000
6781.390000
6781.390000
6781.390000
6781.390000
6781.390000
6781.390000
6781.390000
6781.390000
6781.390000
6781.390000
6781.390000
6781.390000
6781.390000
6781.390000
6781.390000
6781.390000
6781.390000
6781.390000
6781.390000
6781.390000
6781.390000
6781.390000
6781.390000
6781.390000
6781.390000
6781.390000
6781.390000
6781.390000
6781.390000
6781.390000
6781.390000
6781.390000
6781.390000
6781.390000
6781.390000
6781.390000
6781.390000
6781.390000
6781.390000
6781.390000
6781.390000
6781.390000
6781.390000
6781.390000
6781.390000
6781.390000
6781.390000
6781.390000
6781.390000
6781.390000
6781.390000
6781.390000
6781.390000
6781.390000
6781.390000
6781.390000
6781.390000
6781.390000
6781.390000
6781.390000
6781.390000
6781.390000
6781.390000
6781.390000
6781.390000
6781.390000
6781.390000
6781.390000
6781.390000
6781.390000
6781.390000
6781.390000
6781.390000
6781.390000
6781.390000
6781.390000
6781.390000
6781.390000
6781.390000
6781.390000
6781.390000
6781.390000
6781.390000
6781.390000
6781.390000
6781.390000
6781.390000
6781.390000
6781.390000
6781.390000
6781.390000
6781.390000
6781.390000
6781.390000
6781.390000
6781.390000
6781.390000
6781.390000
6781.390000
6781.390000
6781.390000
6781.390000
6781.390000
6781.390000
6781.390000
6781.390000
6781.390000
6781.390000
6781.390000
6781.390000
6781.390000
6781.390000
6781.390000
6781.390000
6781.390000
6781.390000
6781.390000
6781.390000
6781.390000
6781.390000
6781.390000
6781.390000
6781.390000
6781.390000
6781.390000
4672.469469
2847.314542
0.000000
0.000000
0.000000
0.000000
280.817832
492.216022
6781.390000
6781.390000
6781.390000
6781.390000
6781.390000
6781.390000
6781.390000
6781.390000
6781.390000
6781.390000
6781.390000
6781.390000
6781.390000
6781.390000
6781.390000
6781.390000
6781.390000
6781.390000
6781.390000
6781.390000
6781.390000
6781.390000
6781.390000
6781.390000
6781.390000
6781.390000
6781.390000
6781.390000
6781.390000
6781.390000
6781.390000
6781.390000
6781.390000
6781.390000
6781.390000
6781.390000
6781.390000
6781.390000
6781.390000
1124.978073
0.000000
0.000000
0.000000
0.000000
0.000000
0.000000
0.000000
0.000000
0.000000
0.000000
1562.182289
4876.694658
6781.390000
6781.390000
6781.390000
6781.390000
6781.390000
6781.390000
6781.390000
6781.390000
6781.390000
6781.390000
6781.390000
6781.390000
6781.390000
6781.390000
6781.390000
6781.390000
6781.390000
6781.390000
6781.390000
6781.390000
6781.390000
6781.390000
6781.390000
6781.390000
6781.390000
6781.390000
6781.390000
6781.390000
6781.390000
6781.390000
6781.390000
6781.390000
1223.884557
3532.005151
1259.700430
0.000000
0.000000
0.000000
0.000000
0.000000
0.000000
220.286720
2690.908049
3303.881060
6635.545419
4584.721864
6781.390000
6781.390000
6781.390000
6781.390000
6781.390000
6781.390000
6781.390000
6781.390000
6781.390000
6781.390000
6781.390000
6781.390000
6781.390000
6781.390000
6781.390000
6781.390000
6781.390000
6781.390000
6781.390000
6781.390000
6781.390000
6781.390000
6781.390000
6781.390000
6781.390000
6781.390000
6781.390000
6781.390000
6781.390000
6781.390000
6781.390000
6781.390000
6781.390000
6781.390000
6781.390000
6781.390000
6781.390000
5356.489713
0.000000
0.000000
0.000000
0.000000
0.000000
0.000000
0.000000
0.000000
6073.248980
6781.390000
6781.390000
6781.390000
6781.390000
6781.390000
6781.390000
6781.390000
6781.390000
6781.390000
6781.390000
6781.390000
6781.390000
6781.390000
6781.390000
6781.390000
6781.390000
6781.390000
6781.390000
6781.390000
6781.390000
6781.390000
6781.390000
6781.390000
6781.390000
6781.390000
6781.390000
6781.390000
6781.390000
6781.390000
6781.390000
6781.390000
6781.390000
6781.390000
6781.390000
6781.390000
6781.390000
6781.390000
6781.390000
6781.390000
6781.390000
6781.390000
6781.390000
6781.390000
6781.390000
6781.390000
6781.390000
6781.390000
6781.390000
6781.390000
6781.390000
6781.390000
6781.390000
6781.390000
6781.390000
6781.390000
6781.390000
6781.390000
6781.390000
6781.390000
6781.390000
6781.390000
6781.390000
6781.390000
6781.390000
6781.390000
6781.390000
6781.390000
6781.390000
6781.390000
6781.390000
6781.390000
6781.390000
6781.390000
6781.390000
6781.390000
6781.390000
6781.390000
6781.390000
6781.390000
6781.390000
6781.390000
0.000000
0.000000
0.000000
0.000000
0.000000
0.000000
0.000000
0.000000
0.000000
0.000000
0.000000
0.000000
0.000000
0.000000
4790.497364
6781.390000
6781.390000
6781.390000
6781.390000
6781.390000
6781.390000
6781.390000
6781.390000
6781.390000
6781.390000
6781.390000
6781.390000
6781.390000
6781.390000
6781.390000
6781.390000
6781.390000
6781.390000
6781.390000
6781.390000
6781.390000
6781.390000
6781.390000
6781.390000
6781.390000
6781.390000
6781.390000
6781.390000
6781.390000
6781.390000
6781.390000
6781.390000
6781.390000
6781.390000
6781.390000
6781.390000
6781.390000
6781.390000
4560.176101
6781.390000
6128.107646
4565.974411
4947.492823
6751.841253
6781.390000
6781.390000
6781.390000
6781.390000
6781.390000
6781.390000
6781.390000
6781.390000
6781.390000
6781.390000
6781.390000
6781.390000
6781.390000
6781.390000
6781.390000
6781.390000
6781.390000
6781.390000
6781.390000
6781.390000
6781.390000
6781.390000
6781.390000
6781.390000
6781.390000
6781.390000
6781.390000
6781.390000
6781.390000
6781.390000
6781.390000
6781.390000
6781.390000
6781.390000
6781.390000
6781.390000
6781.390000
6781.390000
6781.390000
6781.390000
6781.390000
6781.390000
6781.390000
5262.415988
3509.652237
0.000000
0.000000
0.000000
0.000000
838.853388
1063.680145
6781.390000
6781.390000
6781.390000
6781.390000
6781.390000
6781.390000
6781.390000
6781.390000
6781.390000
6781.390000
6781.390000
6781.390000
6781.390000
6781.390000
6781.390000
6781.390000
6781.390000
6781.390000
6781.390000
6781.390000
6781.390000
6781.390000
6781.390000
6781.390000
6781.390000
6781.390000
6781.390000
6781.390000
6781.390000
6781.390000
6781.390000
6781.390000
6781.390000
6781.390000
6781.390000
6781.390000
6781.390000
6781.390000
6781.390000
2117.497074
0.000000
0.000000
0.000000
0.000000
0.000000
0.000000
0.000000
0.000000
6781.390000
4248.098816
6781.390000
6781.390000
6781.390000
6781.390000
6781.390000
6781.390000
6781.390000
6781.390000
6781.390000
6781.390000
6781.390000
6781.390000
6781.390000
6781.390000
6781.390000
6781.390000
6781.390000
6781.390000
6781.390000
6781.390000
6781.390000
6781.390000
6781.390000
6781.390000
6781.390000
6781.390000
6781.390000
6781.390000
6781.390000
6781.390000
6781.390000
6781.390000
6781.390000
6781.390000
6781.390000
6781.390000
6619.686906
0.000000
7.985961
0.000000
1515.154475
1604.940240
2232.623529
2680.956796
5160.544973
5853.355535
6781.390000
6781.390000
6781.390000
6781.390000
6781.390000
6781.390000
6781.390000
6781.390000
6781.390000
6781.390000
6781.390000
6781.390000
6781.390000
6781.390000
6781.390000
6781.390000
6781.390000
6781.390000
6781.390000
6781.390000
6781.390000
6781.390000
6781.390000
6781.390000
6781.390000
6781.390000
6781.390000
6781.390000
6781.390000
6781.390000
6781.390000
6781.390000
6781.390000
6781.390000
6781.390000
6781.390000
6781.390000
6781.390000
6781.390000
6781.390000
0.000000
0.000000
0.000000
0.000000
0.000000
0.000000
0.000000
0.000000
6760.367584
6781.390000
6781.390000
6781.390000
6781.390000
6781.390000
6781.390000
6781.390000
6781.390000
6781.390000
6781.390000
6781.390000
6781.390000
6781.390000
6781.390000
6781.390000
6781.390000
6781.390000
6781.390000
6781.390000
6781.390000
6781.390000
6781.390000
6781.390000
6781.390000
6781.390000
6781.390000
6781.390000
6781.390000
6781.390000
6781.390000
6781.390000
6781.390000
6781.390000
6781.390000
6781.390000
6781.390000
6781.390000
6781.390000
6781.390000
6527.576582
6781.390000
6043.567005
6781.390000
6781.390000
6781.390000
6781.390000
6781.390000
6781.390000
6781.390000
6781.390000
6781.390000
6781.390000
6781.390000
6781.390000
6781.390000
6781.390000
6781.390000
6781.390000
6781.390000
6781.390000
6781.390000
6781.390000
6781.390000
6781.390000
6781.390000
6781.390000
6781.390000
6781.390000
6781.390000
6781.390000
6781.390000
6781.390000
6781.390000
6781.390000
6781.390000
6781.390000
6781.390000
6781.390000
6781.390000
6781.390000
6781.390000
6781.390000
6781.390000
0.000000
622.014142
1740.709133
2515.549752
6781.390000
6781.390000
6781.390000
6781.390000
6781.390000
6781.390000
6781.390000
6781.390000
6781.390000
6781.390000
6781.390000
6781.390000
6781.390000
6781.390000
6781.390000
6781.390000
6781.390000
6781.390000
6781.390000
6781.390000
6781.390000
6781.390000
6781.390000
6781.390000
6781.390000
6781.390000
6781.390000
6781.390000
6781.390000
6781.390000
6781.390000
6781.390000
6781.390000
6781.390000
6781.390000
6781.390000
6781.390000
6781.390000
6781.390000
6781.390000
6781.390000
6781.390000
6781.390000
6781.390000
6781.390000
6781.390000
6781.390000
6008.515049
6781.390000
6781.390000
5184.135431
5374.658888
6781.390000
6781.390000
6781.390000
6781.390000
6781.390000
6781.390000
6781.390000
6781.390000
6781.390000
6781.390000
6781.390000
6781.390000
6781.390000
6781.390000
6781.390000
6781.390000
6781.390000
6781.390000
6781.390000
6781.390000
6781.390000
6781.390000
6781.390000
6781.390000
6781.390000
6781.390000
6781.390000
6781.390000
6781.390000
6781.390000
6781.390000
6781.390000
6781.390000
6781.390000
6781.390000
6781.390000
6781.390000
6781.390000
6781.390000
6781.390000
6781.390000
6781.390000
6781.390000
1908.315890
0.000000
0.000000
0.000000
0.000000
0.000000
0.000000
0.000000
0.000000
2669.226529
5910.105184
6781.390000
6781.390000
6781.390000
6781.390000
6781.390000
6781.390000
6781.390000
6781.390000
6781.390000
6781.390000
6781.390000
6781.390000
6781.390000
6781.390000
6781.390000
6781.390000
6781.390000
6781.390000
6781.390000
6781.390000
6781.390000
6781.390000
6781.390000
6781.390000
6781.390000
6781.390000
6781.390000
6781.390000
6781.390000
6781.390000
6781.390000
6781.390000
6781.390000
6781.390000
6781.390000
6781.390000
6781.390000
6781.390000
6781.390000
6781.390000
6781.390000
6781.390000
6781.390000
6781.390000
6781.390000
6781.390000
6781.390000
2872.869309
6781.390000
6781.390000
6781.390000
6781.390000
6781.390000
6781.390000
6781.390000
6781.390000
6781.390000
6781.390000
6781.390000
6781.390000
6781.390000
6781.390000
6781.390000
6781.390000
6781.390000
6781.390000
6781.390000
6781.390000
6781.390000
6781.390000
6781.390000
6781.390000
6781.390000
6781.390000
6781.390000
6781.390000
6781.390000
6781.390000
6781.390000
6781.390000
6781.390000
6781.390000
6781.390000
6781.390000
6781.390000
1995.246847
0.000000
0.000000
0.000000
44.530799
6781.390000
6781.390000
6781.390000
6781.390000
6781.390000
6781.390000
6781.390000
6781.390000
6781.390000
6781.390000
6781.390000
6781.390000
6781.390000
6781.390000
6781.390000
6781.390000
6781.390000
6781.390000
6781.390000
6781.390000
6781.390000
6781.390000
6781.390000
6781.390000
6781.390000
6781.390000
6781.390000
6781.390000
6781.390000
6781.390000
6781.390000
6781.390000
6781.390000
6781.390000
6781.390000
6781.390000
6781.390000
6781.390000
6781.390000
6781.390000
6781.390000
6781.390000
6781.390000
6781.390000
6781.390000
6781.390000
3115.343895
3275.883903
6781.390000
6781.390000
6781.390000
6781.390000
6781.390000
6781.390000
6781.390000
6781.390000
6781.390000
6781.390000
6781.390000
6781.390000
6781.390000
6781.390000
6781.390000
6781.390000
6781.390000
6781.390000
6781.390000
6781.390000
6781.390000
6781.390000
6781.390000
6781.390000
6781.390000
6781.390000
6781.390000
6781.390000
6781.390000
6781.390000
6781.390000
6781.390000
6781.390000
6781.390000
6781.390000
6781.390000
6781.390000
6781.390000
6781.390000
6781.390000
6781.390000
6781.390000
6781.390000
6781.390000
5822.017548
6374.746165
5603.574262
6781.390000
6781.390000
6781.390000
6781.390000
6781.390000
6781.390000
6781.390000
6781.390000
6781.390000
6781.390000
6781.390000
6781.390000
6781.390000
6781.390000
6781.390000
6781.390000
6781.390000
6781.390000
6781.390000
6781.390000
6781.390000
6781.390000
6781.390000
6781.390000
6781.390000
6781.390000
6781.390000
6781.390000
6781.390000
6781.390000
6781.390000
6781.390000
6781.390000
6781.390000
6781.390000
6781.390000
6781.390000
6781.390000
6781.390000
6781.390000
6781.390000
0.000000
0.000000
992.769184
1983.355818
6781.390000
6781.390000
6488.565590
6781.390000
6781.390000
6781.390000
6781.390000
6781.390000
6781.390000
6781.390000
6781.390000
6781.390000
6781.390000
6781.390000
6781.390000
6781.390000
6781.390000
6781.390000
6781.390000
6781.390000
6781.390000
6781.390000
6781.390000
6781.390000
6781.390000
6781.390000
6781.390000
6781.390000
6781.390000
6781.390000
6781.390000
6781.390000
6781.390000
6781.390000
6781.390000
6781.390000
6781.390000
6781.390000
6781.390000
6781.390000
6781.390000
6781.390000
6781.390000
6781.390000
6781.390000
6781.390000
6781.390000
6781.390000
6781.390000
6781.390000
6781.390000
6781.390000
6781.390000
6781.390000
6781.390000
6781.390000
6781.390000
6781.390000
6781.390000
6781.390000
6781.390000
6781.390000
6781.390000
6781.390000
6781.390000
6781.390000
6781.390000
6781.390000
6781.390000
6781.390000
6781.390000
6781.390000
6781.390000
6781.390000
6781.390000
6781.390000
6781.390000
6781.390000
6781.390000
6781.390000
6781.390000
6781.390000
6781.390000
6781.390000
6781.390000
6781.390000
6781.390000
6781.390000
6781.390000
6781.390000
6781.390000
6781.390000
6781.390000
6781.390000
6781.390000
6781.390000
6781.390000
6781.390000
6781.390000
6781.390000
6781.390000
6781.390000
6781.390000
6781.390000
6781.390000
6781.390000
6781.390000
6781.390000
6781.390000
6781.390000
6781.390000
6781.390000
6781.390000
6781.390000
6781.390000
6781.390000
6781.390000
6781.390000
6781.390000
6781.390000
6781.390000
6781.390000
6781.390000
6781.390000
6781.390000
6781.390000
6781.390000
6781.390000
6781.390000
6781.390000
6781.390000
6781.390000
6781.390000
6781.390000
6781.390000
6781.390000
6781.390000
6781.390000
6781.390000
6781.390000
6781.390000
6781.390000
6781.390000
6781.390000
6781.390000
6781.390000
6781.390000
6781.390000
6781.390000
6781.390000
6781.390000
6781.390000
6781.390000
6781.390000
6781.390000
6781.390000
6781.390000
6781.390000
6781.390000
6781.390000
6781.390000
6781.390000
6781.390000
6781.390000
6781.390000
6781.390000
6781.390000
6781.390000
6781.390000
6781.390000
6781.390000
6781.390000
6781.390000
6781.390000
6781.390000
6781.390000
6781.390000
6781.390000
6781.390000
6781.390000
6781.390000
6781.390000
6781.390000
6781.390000
6781.390000
6781.390000
6781.390000
6781.390000
6781.390000
6781.390000
6781.390000
6781.390000
6781.390000
6781.390000
0.000000
0.000000
1267.266440
1846.227752
5382.046820
5779.458375
6781.390000
6781.390000
6781.390000
6781.390000
6781.390000
6781.390000
6781.390000
6781.390000
6781.390000
6781.390000
6781.390000
6781.390000
6781.390000
6781.390000
6781.390000
6781.390000
6781.390000
6781.390000
6781.390000
6781.390000
6781.390000
6781.390000
6781.390000
6781.390000
6781.390000
6781.390000
6781.390000
6781.390000
6781.390000
6781.390000
6781.390000
6781.390000
6781.390000
6781.390000
6781.390000
6781.390000
6781.390000
6781.390000
6781.390000
6781.390000
764.713416
0.000000
0.000000
0.000000
6781.390000
6781.390000
6781.390000
6781.390000
6781.390000
6781.390000
6781.390000
6781.390000
6781.390000
6781.390000
6781.390000
6781.390000
6781.390000
6781.390000
6781.390000
6781.390000
6781.390000
6781.390000
6781.390000
6781.390000
6781.390000
6781.390000
6781.390000
6781.390000
6781.390000
6781.390000
6781.390000
6781.390000
6781.390000
6781.390000
6781.390000
6781.390000
6781.390000
6781.390000
6781.390000
6781.390000
6781.390000
6781.390000
6781.390000
6781.390000
6781.390000
6781.390000
6781.390000
6781.390000
6781.390000
6781.390000
6781.390000
6781.390000
6781.390000
6781.390000
6781.390000
6781.390000
6781.390000
6781.390000
6781.390000
6781.390000
6781.390000
6781.390000
6781.390000
6781.390000
6781.390000
6781.390000
6781.390000
6781.390000
6781.390000
6781.390000
6781.390000
6781.390000
6781.390000
6781.390000
6781.390000
6781.390000
6781.390000
6781.390000
6781.390000
6781.390000
6781.390000
6781.390000
6781.390000
6781.390000
6781.390000
6781.390000
6781.390000
6781.390000
6781.390000
6781.390000
6781.390000
6781.390000
6781.390000
6781.390000
6781.390000
6781.390000
3867.489318
4992.065063
2038.000963
3943.970888
6781.390000
6781.390000
6781.390000
6781.390000
6781.390000
6781.390000
6781.390000
6781.390000
6781.390000
6781.390000
6781.390000
6781.390000
6781.390000
6781.390000
6781.390000
6781.390000
6781.390000
6781.390000
6781.390000
6781.390000
6781.390000
6781.390000
6781.390000
6781.390000
6781.390000
6781.390000
6781.390000
6781.390000
6781.390000
6781.390000
6781.390000
6781.390000
6781.390000
6781.390000
6781.390000
6781.390000
6781.390000
6781.390000
6781.390000
6781.390000
6781.390000
6781.390000
6781.390000
6781.390000
4723.647335
2489.669816
6781.390000
6781.390000
6781.390000
6781.390000
6781.390000
6781.390000
6781.390000
6781.390000
6781.390000
6781.390000
6781.390000
6781.390000
6781.390000
6781.390000
6781.390000
6781.390000
6781.390000
6781.390000
6781.390000
6781.390000
6781.390000
6781.390000
6781.390000
6781.390000
6781.390000
6781.390000
6781.390000
6781.390000
6781.390000
6781.390000
6781.390000
6781.390000
6781.390000
6781.390000
6781.390000
6781.390000
6781.390000
6781.390000
6781.390000
6781.390000
6781.390000
6781.390000
6781.390000
6781.390000
6781.390000
6781.390000
6781.390000
6781.390000
6781.390000
6781.390000
6781.390000
6781.390000
6781.390000
6781.390000
6781.390000
6781.390000
6781.390000
6781.390000
6781.390000
6781.390000
6781.390000
6781.390000
6781.390000
6781.390000
6781.390000
6781.390000
6781.390000
6781.390000
6781.390000
6781.390000
6781.390000
6781.390000
6781.390000
6781.390000
6781.390000
6781.390000
6781.390000
6781.390000
6781.390000
6781.390000
6781.390000
6781.390000
6781.390000
6781.390000
6781.390000
6781.390000
6781.390000
6781.390000
6781.390000
6781.390000
6781.390000
6781.390000
6781.390000
2616.411286
0.000000
0.000000
0.000000
0.000000
0.000000
0.000000
1434.539605
1837.543009
0.000000
6781.390000
6781.390000
6781.390000
6781.390000
6781.390000
6781.390000
6781.390000
6781.390000
6781.390000
6781.390000
6781.390000
6781.390000
6781.390000
6781.390000
6781.390000
6781.390000
6781.390000
6781.390000
6781.390000
6781.390000
6781.390000
6781.390000
6781.390000
6781.390000
6781.390000
6781.390000
6781.390000
6781.390000
6781.390000
6781.390000
6781.390000
6781.390000
6781.390000
6781.390000
6781.390000
6781.390000
6781.390000
6781.390000
6781.390000
1489.637843
0.000000
0.000000
0.000000
0.000000
0.000000
6781.390000
6781.390000
6781.390000
6781.390000
6781.390000
6781.390000
6781.390000
6781.390000
6781.390000
6781.390000
6781.390000
6781.390000
6781.390000
6781.390000
6781.390000
6781.390000
6781.390000
6781.390000
6781.390000
6781.390000
6781.390000
6781.390000
6781.390000
6781.390000
6781.390000
6781.390000
6781.390000
6781.390000
6781.390000
6781.390000
6781.390000
6781.390000
6781.390000
6781.390000
6781.390000
6781.390000
6781.390000
6781.390000
6781.390000
6781.390000
6781.390000
6781.390000
6754.910369
5095.112204
6781.390000
6781.390000
6781.390000
6781.390000
6781.390000
6781.390000
6781.390000
6781.390000
6781.390000
6781.390000
6781.390000
6781.390000
6781.390000
6781.390000
6781.390000
6781.390000
6781.390000
6781.390000
6781.390000
6781.390000
6781.390000
6781.390000
6781.390000
6781.390000
6781.390000
6781.390000
6781.390000
6781.390000
6781.390000
6781.390000
6781.390000
6781.390000
6781.390000
6781.390000
6781.390000
6781.390000
6781.390000
6781.390000
6781.390000
6781.390000
6781.390000
6781.390000
6781.390000
6781.390000
6781.390000
6781.390000
6781.390000
6781.390000
6781.390000
6781.390000
6781.390000
6781.390000
6781.390000
6781.390000
6781.390000
6781.390000
6781.390000
6781.390000
6781.390000
6781.390000
6781.390000
6781.390000
6781.390000
6781.390000
6781.390000
6781.390000
6781.390000
6781.390000
6781.390000
6781.390000
6781.390000
6781.390000
6781.390000
6781.390000
6781.390000
6781.390000
6781.390000
6781.390000
6781.390000
6781.390000
6781.390000
6781.390000
6781.390000
6781.390000
6781.390000
6781.390000
6781.390000
6781.390000
6781.390000
6781.390000
6781.390000
6781.390000
766.015098
1480.063571
4019.435845
4503.882427
437.207227
2070.892369
1971.522917
1054.643503
1947.815845
1568.521558
6781.390000
6781.390000
6781.390000
6781.390000
6781.390000
6781.390000
6781.390000
6781.390000
6781.390000
6781.390000
6781.390000
6781.390000
6781.390000
6781.390000
6781.390000
6781.390000
6781.390000
6781.390000
6781.390000
6781.390000
6781.390000
6781.390000
6781.390000
6781.390000
6781.390000
6781.390000
6781.390000
6781.390000
6781.390000
6781.390000
6781.390000
6781.390000
6781.390000
6781.390000
6781.390000
6781.390000
6781.390000
6781.390000
6781.390000
6781.390000
6781.390000
6781.390000
6781.390000
6781.390000
6781.390000
6781.390000
6781.390000
6781.390000
6781.390000
6781.390000
6781.390000
6781.390000
6781.390000
6781.390000
6781.390000
6781.390000
6781.390000
6781.390000
6781.390000
6781.390000
6781.390000
6781.390000
6781.390000
6781.390000
6781.390000
6781.390000
6781.390000
6781.390000
6781.390000
6781.390000
6781.390000
6781.390000
6781.390000
6781.390000
6781.390000
6781.390000
6781.390000
6781.390000
6781.390000
6781.390000
6781.390000
6781.390000
6781.390000
6781.390000
6781.390000
6781.390000
6781.390000
2185.707630
0.000000
0.000000
0.000000
0.000000
5850.506421
6560.344714
0.000000
0.000000
6781.390000
6781.390000
6781.390000
6781.390000
6781.390000
6781.390000
6781.390000
6781.390000
6781.390000
6781.390000
6781.390000
6781.390000
6781.390000
6781.390000
6781.390000
6781.390000
6781.390000
6781.390000
6781.390000
6781.390000
6781.390000
6781.390000
6781.390000
6781.390000
6781.390000
6781.390000
6781.390000
6781.390000
6781.390000
6781.390000
6781.390000
6781.390000
6781.390000
6781.390000
6781.390000
6781.390000
6781.390000
6781.390000
6781.390000
2478.158156
1796.009144
0.000000
2044.204731
2114.817243
6781.390000
6781.390000
6781.390000
6781.390000
6781.390000
6781.390000
6781.390000
6781.390000
6781.390000
6781.390000
6781.390000
6781.390000
6781.390000
6781.390000
6781.390000
6781.390000
6781.390000
6781.390000
6781.390000
6781.390000
6781.390000
6781.390000
6781.390000
6781.390000
6781.390000
6781.390000
6781.390000
6781.390000
6781.390000
6781.390000
6781.390000
6781.390000
6781.390000
6781.390000
6781.390000
6781.390000
6781.390000
6781.390000
6781.390000
6781.390000
6781.390000
6781.390000
6781.390000
6781.390000
6781.390000
6781.390000
6781.390000
6781.390000
6781.390000
6781.390000
6781.390000
6781.390000
6781.390000
6781.390000
6781.390000
6781.390000
6781.390000
6781.390000
6781.390000
6781.390000
6781.390000
6781.390000
6781.390000
6781.390000
6781.390000
6781.390000
6781.390000
6781.390000
6781.390000
6781.390000
6781.390000
6781.390000
6781.390000
6781.390000
6781.390000
6781.390000
6781.390000
6781.390000
6781.390000
6781.390000
6781.390000
6781.390000
6781.390000
6781.390000
6781.390000
6781.390000
6781.390000
6781.390000
6781.390000
6781.390000
6558.386240
0.000000
3058.019849
645.841696
3893.682825
3750.111370
2937.261268
3379.999594
5685.296747
5896.844589
6781.390000
6781.390000
6781.390000
6781.390000
6781.390000
6781.390000
6781.390000
6781.390000
6781.390000
6781.390000
6781.390000
6781.390000
6781.390000
6781.390000
6781.390000
6781.390000
6781.390000
6781.390000
6781.390000
6781.390000
6781.390000
6781.390000
6781.390000
6781.390000
6781.390000
6781.390000
6781.390000
6781.390000
6781.390000
6781.390000
6781.390000
6781.390000
6781.390000
6781.390000
6781.390000
6781.390000
0.000000
0.000000
0.000000
0.000000
0.000000
47.240355
690.902523
2291.701682
4989.518790
4004.852200
6781.390000
6781.390000
6781.390000
6781.390000
6781.390000
6781.390000
6781.390000
6781.390000
6781.390000
6781.390000
6781.390000
6781.390000
6781.390000
6781.390000
6781.390000
6781.390000
6781.390000
6781.390000
6781.390000
6781.390000
6781.390000
6781.390000
6781.390000
6781.390000
6781.390000
6781.390000
6781.390000
6781.390000
6781.390000
6781.390000
6781.390000
6781.390000
6781.390000
6781.390000
6781.390000
6781.390000
844.401157
2565.770886
0.000000
0.000000
0.000000
0.000000
0.000000
0.000000
0.000000
0.000000
0.000000
0.000000
0.000000
0.000000
0.000000
6781.390000
6781.390000
6781.390000
6781.390000
6781.390000
6781.390000
6781.390000
6781.390000
6781.390000
6781.390000
6781.390000
6781.390000
6781.390000
6781.390000
6781.390000
6781.390000
6781.390000
6781.390000
6781.390000
6781.390000
6781.390000
6781.390000
6781.390000
6781.390000
6781.390000
6781.390000
6781.390000
6781.390000
6781.390000
6781.390000
6781.390000
6781.390000
6781.390000
6781.390000
6781.390000
6781.390000
6781.390000
6781.390000
6781.390000
5238.877613
3365.636257
0.000000
0.000000
6781.390000
6781.390000
6781.390000
6781.390000
6781.390000
6781.390000
6781.390000
6781.390000
6781.390000
6781.390000
6781.390000
6781.390000
6781.390000
6781.390000
6781.390000
6781.390000
6781.390000
6781.390000
6781.390000
6781.390000
6781.390000
6781.390000
6781.390000
6781.390000
6781.390000
6781.390000
6781.390000
6781.390000
6781.390000
6781.390000
6781.390000
6781.390000
6781.390000
6781.390000
6781.390000
6781.390000
6781.390000
6781.390000
6781.390000
6781.390000
6781.390000
6781.390000
6781.390000
6781.390000
6781.390000
6781.390000
6781.390000
6781.390000
6781.390000
6781.390000
6781.390000
6781.390000
6781.390000
6781.390000
6781.390000
6781.390000
6781.390000
6781.390000
6781.390000
6781.390000
6781.390000
6781.390000
6781.390000
6781.390000
6781.390000
6781.390000
6781.390000
6781.390000
6781.390000
6781.390000
6781.390000
6781.390000
6781.390000
6781.390000
6781.390000
6781.390000
6781.390000
6781.390000
6781.390000
6781.390000
6781.390000
6781.390000
6781.390000
6781.390000
6781.390000
6781.390000
6781.390000
6781.390000
6781.390000
6781.390000
6781.390000
5204.672740
6781.390000
4865.689446
6781.390000
6781.390000
6781.390000
6781.390000
6781.390000
6781.390000
6781.390000
6781.390000
6781.390000
6781.390000
6781.390000
6781.390000
6781.390000
6781.390000
6781.390000
6781.390000
6781.390000
6781.390000
6781.390000
6781.390000
6781.390000
6781.390000
6781.390000
6781.390000
6781.390000
6781.390000
6781.390000
6781.390000
6781.390000
6781.390000
6781.390000
6781.390000
6781.390000
6781.390000
6781.390000
6781.390000
6781.390000
6781.390000
6781.390000
6781.390000
6781.390000
6781.390000
6781.390000
6781.390000
6781.390000
6781.390000
6781.390000
6781.390000
6781.390000
6781.390000
6781.390000
6781.390000
6781.390000
6781.390000
6781.390000
6781.390000
6781.390000
6781.390000
6781.390000
6781.390000
6781.390000
6781.390000
6781.390000
6781.390000
6781.390000
6781.390000
6781.390000
6781.390000
6781.390000
6781.390000
6781.390000
6781.390000
6781.390000
6781.390000
6781.390000
6781.390000
6781.390000
6781.390000
6781.390000
6781.390000
6781.390000
6781.390000
6781.390000
6781.390000
6781.390000
6781.390000
6781.390000
6781.390000
6781.390000
6781.390000
6781.390000
6781.390000
6781.390000
6781.390000
6781.390000
6231.960987
6781.390000
6781.390000
6781.390000
6781.390000
6781.390000
6781.390000
6781.390000
6781.390000
6781.390000
6781.390000
6781.390000
6781.390000
6781.390000
6781.390000
6781.390000
6781.390000
6781.390000
6781.390000
6781.390000
6781.390000
6781.390000
6781.390000
6781.390000
6781.390000
6781.390000
6781.390000
6781.390000
6781.390000
6781.390000
6781.390000
6781.390000
6781.390000
6781.390000
6781.390000
6781.390000
6781.390000
6781.390000
6781.390000
6781.390000
6781.390000
6781.390000
6781.390000
0.000000
597.238577
616.303297
490.566411
3865.800086
4907.748773
0.000000
0.000000
0.000000
0.000000
547.979169
251.935983
6281.161465
6781.390000
6781.390000
6781.390000
6781.390000
6781.390000
6781.390000
6781.390000
6781.390000
6781.390000
6781.390000
6781.390000
6781.390000
6781.390000
6781.390000
6781.390000
6781.390000
6781.390000
6781.390000
6781.390000
6781.390000
6781.390000
6781.390000
6781.390000
6781.390000
6781.390000
6781.390000
6781.390000
6781.390000
6781.390000
6781.390000
6781.390000
6781.390000
6781.390000
6781.390000
6781.390000
6781.390000
6781.390000
6781.390000
6781.390000
842.768618
1540.819073
1268.478627
2885.933146
3864.909054
3213.701397
4529.639540
4176.464557
6781.390000
6781.390000
6781.390000
6781.390000
6781.390000
6781.390000
6781.390000
6781.390000
6781.390000
6781.390000
6781.390000
6781.390000
6781.390000
6781.390000
6781.390000
6781.390000
6781.390000
6781.390000
6781.390000
6781.390000
6781.390000
6781.390000
6781.390000
6781.390000
6781.390000
6781.390000
6781.390000
6781.390000
6781.390000
6781.390000
6781.390000
6781.390000
6781.390000
6781.390000
6781.390000
6781.390000
6781.390000
6781.390000
6781.390000
6781.390000
6130.550793
3005.935472
0.000000
0.000000
3261.373128
3247.248597
0.000000
0.000000
0.000000
851.100712
6781.390000
6781.390000
6781.390000
6781.390000
6781.390000
6781.390000
6781.390000
6781.390000
6781.390000
6781.390000
6781.390000
6781.390000
6781.390000
6781.390000
6781.390000
6781.390000
6781.390000
6781.390000
6781.390000
6781.390000
6781.390000
6781.390000
6781.390000
6781.390000
6781.390000
6781.390000
6781.390000
6781.390000
6781.390000
6781.390000
6781.390000
6781.390000
6781.390000
6781.390000
6781.390000
6781.390000
6781.390000
6781.390000
3865.140146
1065.183815
2645.914479
0.000000
0.000000
0.000000
0.000000
0.000000
0.000000
0.000000
0.000000
0.000000
6781.390000
6781.390000
6781.390000
6781.390000
6781.390000
6781.390000
6781.390000
6781.390000
6781.390000
6781.390000
6781.390000
6781.390000
6781.390000
6781.390000
6781.390000
6781.390000
6781.390000
6781.390000
6781.390000
6781.390000
6781.390000
6781.390000
6781.390000
6781.390000
6781.390000
6781.390000
6781.390000
6781.390000
6781.390000
6781.390000
6781.390000
6781.390000
6781.390000
6781.390000
6781.390000
6781.390000
6781.390000
6781.390000
6781.390000
6781.390000
6781.390000
6781.390000
6781.390000
6781.390000
6781.390000
6781.390000
0.000000
0.000000
6781.390000
6781.390000
6781.390000
6781.390000
6781.390000
6781.390000
6781.390000
6781.390000
6781.390000
6781.390000
6781.390000
6781.390000
6781.390000
6781.390000
6781.390000
6781.390000
6781.390000
6781.390000
6781.390000
6781.390000
6781.390000
6781.390000
6781.390000
6781.390000
6781.390000
6781.390000
6781.390000
6781.390000
6781.390000
6781.390000
6781.390000
6781.390000
6781.390000
6781.390000
6781.390000
6781.390000
6781.390000
6781.390000
5582.032875
5801.605086
4640.658805
5203.596087
4124.324819
3129.124379
0.000000
4469.939746
6781.390000
6781.390000
6781.390000
6781.390000
6781.390000
6781.390000
6781.390000
6781.390000
6781.390000
6781.390000
6781.390000
6781.390000
6781.390000
6781.390000
6781.390000
6781.390000
6781.390000
6781.390000
6781.390000
6781.390000
6781.390000
6781.390000
6781.390000
6781.390000
6781.390000
6781.390000
6781.390000
6781.390000
6781.390000
6781.390000
6781.390000
6781.390000
6781.390000
6781.390000
6781.390000
6781.390000
6781.390000
1897.076173
2590.243337
804.014026
1384.391692
0.000000
0.000000
0.000000
0.000000
0.000000
1151.015099
0.000000
5344.749446
6781.390000
6781.390000
6781.390000
6781.390000
6781.390000
6781.390000
6781.390000
6781.390000
6781.390000
6781.390000
6781.390000
6781.390000
6781.390000
6781.390000
6781.390000
6781.390000
6781.390000
6781.390000
6781.390000
6781.390000
6781.390000
6781.390000
6781.390000
6781.390000
6781.390000
6781.390000
6781.390000
6781.390000
6781.390000
6781.390000
6781.390000
2784.717126
4362.373061
0.000000
0.000000
0.000000
0.000000
0.000000
0.000000
0.000000
0.000000
1211.237469
240.485073
1546.168570
1319.824315
6781.390000
6781.390000
6781.390000
6781.390000
6781.390000
6781.390000
6781.390000
6781.390000
6781.390000
6781.390000
6781.390000
6781.390000
6781.390000
6781.390000
6781.390000
6781.390000
6781.390000
6781.390000
6781.390000
6781.390000
6781.390000
6781.390000
6781.390000
6781.390000
6781.390000
6781.390000
6781.390000
6781.390000
6781.390000
6781.390000
6781.390000
6781.390000
6781.390000
6781.390000
6781.390000
6781.390000
6781.390000
6781.390000
4626.201049
5898.421653
6781.390000
6781.390000
6781.390000
6781.390000
6781.390000
6781.390000
6781.390000
6781.390000
6781.390000
6781.390000
6781.390000
6781.390000
6781.390000
6781.390000
6781.390000
6781.390000
6781.390000
6781.390000
6781.390000
6781.390000
6781.390000
6781.390000
6781.390000
6781.390000
6781.390000
6781.390000
6781.390000
6781.390000
6781.390000
6781.390000
6781.390000
6781.390000
6781.390000
6781.390000
6781.390000
6781.390000
6781.390000
6781.390000
6781.390000
6781.390000
6781.390000
6781.390000
6781.390000
6781.390000
6781.390000
6781.390000
6781.390000
4517.621017
3307.787212
1335.497306
0.000000
0.000000
0.000000
0.000000
1984.411077
2410.680335
6781.390000
6781.390000
6781.390000
6781.390000
6781.390000
6781.390000
6781.390000
6781.390000
6781.390000
6781.390000
6781.390000
6781.390000
6781.390000
6781.390000
6781.390000
6781.390000
6781.390000
6781.390000
6781.390000
6781.390000
6781.390000
6781.390000
6781.390000
6781.390000
6781.390000
6781.390000
6781.390000
6781.390000
6781.390000
6781.390000
6781.390000
6781.390000
6781.390000
6781.390000
6781.390000
6781.390000
6781.390000
6781.390000
6781.390000
6781.390000
2996.950319
782.815239
0.000000
0.000000
0.000000
0.000000
0.000000
0.000000
3713.978075
6678.511838
6781.390000
6781.390000
6781.390000
6781.390000
6781.390000
6781.390000
6781.390000
6781.390000
6781.390000
6781.390000
6781.390000
6781.390000
6781.390000
6781.390000
6781.390000
6781.390000
6781.390000
6781.390000
6781.390000
6781.390000
6781.390000
6781.390000
6781.390000
6781.390000
6781.390000
6781.390000
6781.390000
6781.390000
6781.390000
6781.390000
6781.390000
6781.390000
6781.390000
6781.390000
6781.390000
6781.390000
6781.390000
6781.390000
6781.390000
6781.390000
6781.390000
6781.390000
6781.390000
6781.390000
6781.390000
6781.390000
6781.390000
6781.390000
6781.390000
6781.390000
6781.390000
6781.390000
6781.390000
6781.390000
6781.390000
6781.390000
6781.390000
6781.390000
6781.390000
6781.390000
6781.390000
6781.390000
6781.390000
6781.390000
6781.390000
6781.390000
6781.390000
6781.390000
6781.390000
6781.390000
6781.390000
6781.390000
6781.390000
6781.390000
6781.390000
6781.390000
6781.390000
6781.390000
6781.390000
6781.390000
6781.390000
6781.390000
6781.390000
1997.142191
0.000000
0.000000
0.000000
0.000000
0.000000
0.000000
0.000000
0.000000
0.000000
0.000000
0.000000
0.000000
0.000000
0.000000
6781.390000
6781.390000
6781.390000
6781.390000
6781.390000
6781.390000
6781.390000
6781.390000
6781.390000
6781.390000
6781.390000
6781.390000
6781.390000
6781.390000
6781.390000
6781.390000
6781.390000
6781.390000
6781.390000
6781.390000
6781.390000
6781.390000
6781.390000
6781.390000
6781.390000
6781.390000
6781.390000
6781.390000
6781.390000
6781.390000
6781.390000
6781.390000
6781.390000
3076.534322
0.000000
0.000000
0.000000
0.000000
0.000000
0.000000
0.000000
0.000000
0.000000
0.000000
0.000000
3898.326876
6781.390000
6781.390000
6781.390000
6781.390000
6781.390000
6781.390000
6781.390000
6781.390000
6781.390000
6781.390000
6781.390000
6781.390000
6781.390000
6781.390000
6781.390000
6781.390000
6781.390000
6781.390000
6781.390000
6781.390000
6781.390000
6781.390000
6781.390000
6781.390000
6781.390000
6781.390000
6781.390000
6781.390000
6781.390000
6781.390000
6781.390000
6781.390000
6781.390000
6781.390000
6781.390000
6781.390000
6781.390000
6781.390000
6781.390000
6781.390000
6781.390000
6781.390000
6781.390000
6781.390000
6781.390000
6781.390000
6781.390000
6781.390000
6781.390000
6781.390000
6781.390000
6781.390000
6781.390000
6781.390000
6781.390000
6781.390000
6781.390000
6781.390000
6781.390000
6781.390000
6781.390000
6781.390000
6781.390000
6781.390000
6781.390000
6781.390000
6781.390000
6781.390000
6781.390000
6781.390000
6781.390000
6781.390000
6781.390000
6781.390000
6781.390000
6781.390000
6781.390000
6781.390000
6781.390000
6781.390000
6781.390000
6781.390000
6413.175088
6781.390000
0.000000
697.992411
0.000000
0.000000
0.000000
0.000000
0.000000
0.000000
0.000000
0.000000
0.000000
501.908303
5937.911502
6371.272857
6781.390000
6781.390000
6781.390000
6781.390000
6781.390000
6781.390000
6781.390000
6781.390000
6781.390000
6781.390000
6781.390000
6781.390000
6781.390000
6781.390000
6781.390000
6781.390000
6781.390000
6781.390000
6781.390000
6781.390000
6781.390000
6781.390000
6781.390000
6781.390000
6781.390000
6781.390000
6781.390000
6781.390000
6781.390000
6781.390000
6781.390000
6781.390000
6781.390000
6781.390000
6781.390000
6333.365226
0.000000
0.000000
0.000000
0.000000
0.000000
0.000000
0.000000
0.000000
2410.742119
5666.970611
6781.390000
6781.390000
6781.390000
6781.390000
6781.390000
6781.390000
6781.390000
6781.390000
6781.390000
6781.390000
6781.390000
6781.390000
6781.390000
6781.390000
6781.390000
6781.390000
6781.390000
6781.390000
6781.390000
6781.390000
6781.390000
6781.390000
6781.390000
6781.390000
6781.390000
6781.390000
6781.390000
6781.390000
6781.390000
6781.390000
6781.390000
6781.390000
4574.832379
6781.390000
0.000000
0.000000
0.000000
0.000000
0.000000
0.000000
0.000000
0.000000
0.000000
0.000000
0.000000
0.000000
0.000000
1793.217101
6781.390000
6781.390000
6781.390000
6781.390000
6781.390000
6781.390000
6781.390000
6781.390000
6781.390000
6781.390000
6781.390000
6781.390000
6781.390000
6781.390000
6781.390000
6781.390000
6781.390000
6781.390000
6781.390000
6781.390000
6781.390000
6781.390000
6781.390000
6781.390000
6781.390000
6781.390000
6781.390000
6781.390000
6781.390000
6781.390000
6781.390000
6781.390000
6781.390000
6781.390000
6781.390000
6781.390000
6781.390000
3950.592464
0.000000
0.000000
0.000000
0.000000
0.000000
0.000000
0.000000
0.000000
1471.647181
0.000000
0.000000
15.551826
6781.390000
6781.390000
6781.390000
6781.390000
6781.390000
6781.390000
6781.390000
6781.390000
6781.390000
6781.390000
6781.390000
6781.390000
6781.390000
6781.390000
6781.390000
6781.390000
6781.390000
6781.390000
6781.390000
6781.390000
6781.390000
6781.390000
6781.390000
6781.390000
6781.390000
6781.390000
6781.390000
6781.390000
6781.390000
6781.390000
6781.390000
6781.390000
6781.390000
6781.390000
6781.390000
6781.390000
3404.788621
1243.235219
2685.036592
3178.111057
1780.464454
2551.523302
6781.390000
6781.390000
6781.390000
6781.390000
6781.390000
6781.390000
6781.390000
6781.390000
6781.390000
6781.390000
6781.390000
6781.390000
6781.390000
6781.390000
6781.390000
6781.390000
6781.390000
6781.390000
6781.390000
6781.390000
6781.390000
6781.390000
6781.390000
6781.390000
6781.390000
6781.390000
6781.390000
6781.390000
6781.390000
6781.390000
6781.390000
6781.390000
6781.390000
6781.390000
6781.390000
6781.390000
6781.390000
6781.390000
6781.390000
6781.390000
6781.390000
6781.390000
6781.390000
6781.390000
931.980311
1431.947020
0.000000
238.902181
1196.772112
1722.047051
5911.858939
6781.390000
6781.390000
6781.390000
6781.390000
6781.390000
6781.390000
6781.390000
6781.390000
6781.390000
6781.390000
6781.390000
6781.390000
6781.390000
6781.390000
6781.390000
6781.390000
6781.390000
6781.390000
6781.390000
6781.390000
6781.390000
6781.390000
6781.390000
6781.390000
6781.390000
6781.390000
6781.390000
6781.390000
6781.390000
6781.390000
6781.390000
6781.390000
6781.390000
2551.276206
3624.027965
0.000000
0.000000
0.000000
0.000000
0.000000
0.000000
2713.935628
4442.671241
5595.330324
4691.493700
6781.390000
6781.390000
6781.390000
822.394109
6781.390000
6781.390000
6781.390000
6781.390000
6781.390000
6781.390000
6781.390000
6781.390000
6781.390000
6781.390000
6781.390000
6781.390000
6781.390000
6781.390000
6781.390000
6781.390000
6781.390000
6781.390000
6781.390000
6781.390000
6781.390000
6781.390000
6781.390000
6781.390000
6781.390000
6781.390000
6781.390000
6781.390000
6781.390000
6781.390000
6781.390000
6781.390000
5550.309860
6686.526217
0.000000
0.000000
0.000000
0.000000
0.000000
0.000000
5212.257752
6781.390000
6781.390000
6781.390000
6781.390000
6781.390000
6781.390000
6781.390000
6781.390000
6781.390000
6781.390000
6781.390000
6781.390000
6781.390000
6781.390000
6781.390000
6781.390000
6781.390000
6781.390000
6781.390000
6781.390000
6781.390000
6781.390000
6781.390000
6781.390000
6781.390000
6781.390000
6781.390000
6781.390000
6781.390000
6781.390000
6781.390000
6781.390000
6781.390000
6781.390000
6781.390000
6781.390000
6781.390000
6781.390000
6781.390000
6781.390000
6781.390000
6781.390000
6781.390000
6781.390000
6781.390000
6781.390000
6781.390000
6781.390000
6781.390000
6781.390000
6781.390000
6781.390000
6781.390000
6781.390000
6781.390000
6781.390000
6781.390000
6781.390000
6781.390000
6781.390000
6781.390000
6781.390000
6781.390000
6781.390000
6781.390000
6781.390000
6781.390000
6781.390000
6781.390000
6781.390000
6781.390000
6781.390000
6781.390000
6781.390000
6781.390000
6781.390000
6781.390000
6781.390000
6781.390000
6781.390000
6781.390000
6781.390000
6781.390000
6781.390000
6781.390000
6781.390000
6781.390000
6781.390000
6781.390000
6781.390000
6781.390000
6781.390000
6781.390000
6781.390000
6781.390000
6781.390000
6781.390000
6781.390000
6781.390000
6781.390000
6781.390000
6781.390000
6781.390000
6781.390000
6781.390000
6781.390000
6781.390000
6781.390000
6781.390000
6781.390000
6781.390000
6781.390000
6781.390000
6781.390000
6781.390000
6781.390000
6781.390000
6781.390000
6781.390000
6781.390000
6781.390000
6781.390000
6781.390000
6781.390000
6781.390000
6781.390000
6781.390000
6781.390000
6781.390000
6781.390000
6781.390000
6781.390000
6781.390000
6781.390000
6781.390000
6781.390000
6781.390000
6781.390000
6781.390000
6781.390000
6781.390000
6781.390000
6781.390000
6781.390000
6781.390000
6781.390000
6781.390000
6781.390000
6781.390000
6781.390000
6781.390000
6781.390000
6781.390000
6781.390000
6781.390000
6781.390000
6781.390000
6781.390000
6781.390000
6781.390000
6781.390000
6781.390000
6781.390000
6781.390000
6781.390000
6781.390000
6781.390000
6781.390000
6781.390000
6781.390000
6781.390000
6781.390000
6781.390000
6781.390000
6781.390000
6781.390000
6781.390000
6781.390000
6781.390000
6781.390000
6781.390000
6781.390000
6781.390000
6781.390000
6781.390000
6781.390000
6781.390000
6781.390000
6781.390000
5316.711798
3770.354711
6781.390000
6781.390000
6058.236012
6781.390000
0.000000
0.000000
2838.514165
6781.390000
6781.390000
6781.390000
6781.390000
6781.390000
6781.390000
6781.390000
6781.390000
6781.390000
6781.390000
6781.390000
6781.390000
6781.390000
6781.390000
6781.390000
6781.390000
6781.390000
6781.390000
6781.390000
6781.390000
6781.390000
6781.390000
6781.390000
6781.390000
6781.390000
6781.390000
6781.390000
6781.390000
6781.390000
6781.390000
6781.390000
6781.390000
6781.390000
6781.390000
6781.390000
0.000000
0.000000
0.000000
0.000000
0.000000
0.000000
0.000000
0.000000
0.000000
0.000000
0.000000
0.000000
0.000000
3724.638549
6781.390000
6781.390000
6781.390000
6781.390000
6781.390000
6781.390000
6781.390000
6781.390000
6781.390000
6781.390000
6781.390000
6781.390000
6781.390000
6781.390000
6781.390000
6781.390000
6781.390000
6781.390000
6781.390000
6781.390000
6781.390000
6781.390000
6781.390000
6781.390000
6781.390000
6781.390000
6781.390000
6781.390000
6781.390000
6781.390000
6781.390000
6781.390000
6781.390000
6781.390000
6781.390000
6781.390000
6781.390000
6781.390000
894.466100
1991.955459
6781.390000
6781.390000
6781.390000
6781.390000
6781.390000
6781.390000
6781.390000
6781.390000
6781.390000
6781.390000
6781.390000
6781.390000
6781.390000
6781.390000
6781.390000
6781.390000
6781.390000
6781.390000
6781.390000
6781.390000
6781.390000
6781.390000
6781.390000
6781.390000
6781.390000
6781.390000
6781.390000
6781.390000
6781.390000
6781.390000
6781.390000
6781.390000
6781.390000
6781.390000
6781.390000
6781.390000
6781.390000
6781.390000
6781.390000
6781.390000
6781.390000
6781.390000
6781.390000
6781.390000
4065.393325
5584.812932
4963.016847
6361.094483
6781.390000
6781.390000
6781.390000
6781.390000
6781.390000
6781.390000
6781.390000
6781.390000
6781.390000
6781.390000
6781.390000
6781.390000
6781.390000
6781.390000
6781.390000
6781.390000
6781.390000
6781.390000
6781.390000
6781.390000
6781.390000
6781.390000
6781.390000
6781.390000
6781.390000
6781.390000
6781.390000
6781.390000
6781.390000
6781.390000
6781.390000
6781.390000
6781.390000
6781.390000
6781.390000
6781.390000
6781.390000
6781.390000
6781.390000
6781.390000
1708.805244
4175.304889
0.000000
0.000000
856.146223
0.000000
831.468431
0.000000
5874.756830
6292.655025
6033.978455
6662.957537
6781.390000
6781.390000
6722.410830
6781.390000
6781.390000
6781.390000
6781.390000
6781.390000
6781.390000
6781.390000
6781.390000
6781.390000
6781.390000
6781.390000
6781.390000
6781.390000
6781.390000
6781.390000
6781.390000
6781.390000
6781.390000
6781.390000
6781.390000
6781.390000
6781.390000
6781.390000
6781.390000
6781.390000
6781.390000
6781.390000
6781.390000
6781.390000
6781.390000
6781.390000
6781.390000
6781.390000
5602.189796
6781.390000
0.000000
0.000000
0.000000
0.000000
0.000000
0.000000
0.000000
0.000000
0.000000
561.131903
3247.804007
3715.444681
6781.390000
6781.390000
6781.390000
6781.390000
6781.390000
6781.390000
6781.390000
6781.390000
6781.390000
6781.390000
6781.390000
6781.390000
6781.390000
6781.390000
6781.390000
6781.390000
6781.390000
6781.390000
6781.390000
6781.390000
6781.390000
6781.390000
6781.390000
6781.390000
6781.390000
6781.390000
6781.390000
6781.390000
6781.390000
6781.390000
6781.390000
6781.390000
6781.390000
6781.390000
0.000000
220.796364
0.000000
0.000000
0.000000
0.000000
0.000000
0.000000
0.000000
0.000000
0.000000
0.000000
0.000000
0.000000
0.000000
6781.390000
6781.390000
6781.390000
6781.390000
6781.390000
6781.390000
6781.390000
6781.390000
6781.390000
6781.390000
6781.390000
6781.390000
6781.390000
6781.390000
6781.390000
6781.390000
6781.390000
6781.390000
6781.390000
6781.390000
6781.390000
6781.390000
6781.390000
6781.390000
6781.390000
6781.390000
6781.390000
6781.390000
6781.390000
6781.390000
6781.390000
6781.390000
6781.390000
0.000000
0.000000
0.000000
0.000000
0.000000
0.000000
0.000000
0.000000
0.000000
0.000000
0.000000
0.000000
0.000000
0.000000
0.000000
2005.358279
6781.390000
6781.390000
6781.390000
6781.390000
6781.390000
6781.390000
6781.390000
6781.390000
6781.390000
6781.390000
6781.390000
6781.390000
6781.390000
6781.390000
6781.390000
6781.390000
6781.390000
6781.390000
6781.390000
6781.390000
6781.390000
6781.390000
6781.390000
6781.390000
6781.390000
6781.390000
6781.390000
6781.390000
6781.390000
6781.390000
6781.390000
6781.390000
6781.390000
6781.390000
5860.925198
6781.390000
4965.054406
0.000000
0.000000
0.000000
0.000000
0.000000
0.000000
0.000000
723.975940
1113.830087
0.000000
0.000000
3889.052375
6781.390000
6781.390000
6781.390000
6781.390000
6781.390000
6781.390000
6781.390000
6781.390000
6781.390000
6781.390000
6781.390000
6781.390000
6781.390000
6781.390000
6781.390000
6781.390000
6781.390000
6781.390000
6781.390000
6781.390000
6781.390000
6781.390000
6781.390000
6781.390000
6781.390000
6781.390000
6781.390000
6781.390000
6781.390000
6781.390000
6781.390000
0.000000
0.000000
0.000000
0.000000
0.000000
0.000000
0.000000
0.000000
0.000000
695.284227
1300.612860
588.209611
4570.477497
4430.046731
6781.390000
4153.743754
6781.390000
6781.390000
6781.390000
6781.390000
6781.390000
6781.390000
6781.390000
6781.390000
6781.390000
6781.390000
6781.390000
6781.390000
6781.390000
6781.390000
6781.390000
6781.390000
6781.390000
6781.390000
6781.390000
6781.390000
6781.390000
6781.390000
6781.390000
6781.390000
6781.390000
6781.390000
6781.390000
6781.390000
6781.390000
6781.390000
6781.390000
6781.390000
6781.390000
6781.390000
3120.113444
4389.079879
1785.418266
3411.324475
6216.562871
6781.390000
6781.390000
6781.390000
6781.390000
6781.390000
6781.390000
6781.390000
6781.390000
6781.390000
6781.390000
6781.390000
6781.390000
6781.390000
6781.390000
6781.390000
6781.390000
6781.390000
6781.390000
6781.390000
6781.390000
6781.390000
6781.390000
6781.390000
6781.390000
6781.390000
6781.390000
6781.390000
6781.390000
6781.390000
6781.390000
6781.390000
6781.390000
6781.390000
6781.390000
6781.390000
6781.390000
6781.390000
6781.390000
6781.390000
6781.390000
6781.390000
4930.549436
6781.390000
4538.592794
6250.813693
3791.714404
0.000000
0.000000
0.000000
0.000000
0.000000
0.000000
0.000000
0.000000
0.000000
0.000000
6781.390000
6781.390000
6781.390000
6781.390000
6781.390000
6781.390000
6781.390000
6781.390000
6781.390000
6781.390000
6781.390000
6781.390000
6781.390000
6781.390000
6781.390000
6781.390000
6781.390000
6781.390000
6781.390000
6781.390000
6781.390000
6781.390000
6781.390000
6781.390000
6781.390000
6781.390000
6781.390000
6781.390000
6781.390000
6781.390000
6781.390000
6781.390000
6781.390000
6781.390000
6781.390000
6781.390000
6781.390000
3896.813364
0.000000
0.000000
0.000000
0.000000
0.000000
0.000000
0.000000
674.807877
1117.511869
6781.390000
0.000000
3511.315851
6452.254830
6781.390000
6781.390000
6781.390000
6781.390000
6781.390000
6781.390000
6781.390000
6781.390000
6781.390000
6781.390000
6781.390000
6781.390000
6781.390000
6781.390000
6781.390000
6781.390000
6781.390000
6781.390000
6781.390000
6781.390000
6781.390000
6781.390000
6781.390000
6781.390000
6781.390000
6781.390000
6781.390000
6781.390000
6781.390000
6781.390000
6781.390000
6781.390000
3123.852450
4501.666313
3356.254868
0.000000
0.000000
0.000000
0.000000
0.000000
0.000000
0.000000
0.000000
0.000000
3299.445621
6781.390000
6781.390000
6781.390000
6781.390000
6781.390000
6781.390000
6781.390000
6781.390000
6781.390000
6781.390000
6781.390000
6781.390000
6781.390000
6781.390000
6781.390000
6781.390000
6781.390000
6781.390000
6781.390000
6781.390000
6781.390000
6781.390000
6781.390000
6781.390000
6781.390000
6781.390000
6781.390000
6781.390000
6781.390000
6781.390000
6781.390000
6781.390000
6781.390000
6781.390000
6781.390000
6781.390000
6781.390000
6781.390000
6781.390000
6781.390000
6781.390000
6781.390000
6781.390000
4631.091172
5559.785809
6781.390000
6781.390000
6781.390000
6781.390000
6781.390000
6781.390000
6781.390000
6781.390000
6781.390000
6781.390000
6781.390000
6781.390000
6781.390000
6781.390000
6781.390000
6781.390000
6781.390000
6781.390000
6781.390000
6781.390000
6781.390000
6781.390000
6781.390000
6781.390000
6781.390000
6781.390000
6781.390000
6781.390000
6781.390000
6781.390000
6781.390000
6781.390000
6781.390000
6781.390000
6781.390000
6781.390000
6781.390000
6781.390000
6781.390000
6781.390000
6781.390000
6781.390000
6781.390000
6781.390000
6781.390000
6781.390000
6781.390000
6781.390000
6781.390000
6781.390000
6781.390000
6781.390000
6781.390000
6781.390000
6781.390000
6781.390000
6781.390000
6781.390000
6781.390000
6781.390000
6781.390000
6781.390000
6781.390000
6781.390000
6781.390000
6781.390000
6781.390000
6781.390000
6781.390000
6781.390000
6781.390000
6781.390000
6781.390000
6781.390000
6781.390000
6781.390000
6781.390000
6781.390000
6781.390000
6781.390000
6781.390000
6781.390000
6781.390000
6781.390000
6781.390000
6781.390000
0.000000
966.338035
2337.140145
3413.433873
6051.376252
5810.122347
4950.563006
6528.472258
3343.822544
2577.657675
3440.391635
2971.423609
5987.929122
6781.390000
6781.390000
6781.390000
6781.390000
6781.390000
6781.390000
6781.390000
6781.390000
6781.390000
6781.390000
6781.390000
6781.390000
6781.390000
6781.390000
6781.390000
6781.390000
6781.390000
6781.390000
6781.390000
6781.390000
6781.390000
6781.390000
6781.390000
6781.390000
6781.390000
6781.390000
6781.390000
6781.390000
6781.390000
6781.390000
6781.390000
6781.390000
6781.390000
6781.390000
6781.390000
6781.390000
6781.390000
6781.390000
6781.390000
6157.947799
6781.390000
3665.253836
5570.259480
4900.923877
4115.903859
4247.703913
3729.772336
5282.639753
2261.580730
6781.390000
6781.390000
6781.390000
6781.390000
6781.390000
6781.390000
6781.390000
6781.390000
6781.390000
6781.390000
6781.390000
6781.390000
6781.390000
6781.390000
6781.390000
6781.390000
6781.390000
6781.390000
6781.390000
6781.390000
6781.390000
6781.390000
6781.390000
6781.390000
6781.390000
6781.390000
6781.390000
6781.390000
6781.390000
6781.390000
6781.390000
6781.390000
6781.390000
6781.390000
6781.390000
6781.390000
6781.390000
6781.390000
6781.390000
6781.390000
6781.390000
6781.390000
6781.390000
6781.390000
6781.390000
6781.390000
6781.390000
6781.390000
6781.390000
6781.390000
6781.390000
6781.390000
6781.390000
6781.390000
6781.390000
6781.390000
6781.390000
6781.390000
6781.390000
6781.390000
6781.390000
6781.390000
6781.390000
6781.390000
6781.390000
6781.390000
6781.390000
6781.390000
6781.390000
6781.390000
6781.390000
6781.390000
6781.390000
6781.390000
6781.390000
6781.390000
6781.390000
6781.390000
6781.390000
6781.390000
6781.390000
6781.390000
6781.390000
6781.390000
6781.390000
6781.390000
0.000000
0.000000
1433.952522
1983.528374
0.000000
0.000000
5636.197648
5930.328995
4143.264909
6781.390000
6781.390000
6781.390000
6781.390000
6781.390000
6781.390000
6781.390000
6781.390000
6781.390000
6781.390000
6781.390000
6781.390000
6781.390000
6781.390000
6781.390000
6781.390000
6781.390000
6781.390000
6781.390000
6781.390000
6781.390000
6781.390000
6781.390000
6781.390000
6781.390000
6781.390000
6781.390000
6781.390000
6781.390000
6781.390000
6781.390000
6781.390000
6781.390000
6781.390000
6781.390000
4031.031679
5693.545281
4439.213045
0.000000
0.000000
0.000000
0.000000
0.000000
0.000000
0.000000
0.000000
0.000000
0.000000
0.000000
4166.067376
6781.390000
6781.390000
6781.390000
6781.390000
6781.390000
6781.390000
6781.390000
6781.390000
6781.390000
6781.390000
6781.390000
6781.390000
6781.390000
6781.390000
6781.390000
6781.390000
6781.390000
6781.390000
6781.390000
6781.390000
6781.390000
6781.390000
6781.390000
6781.390000
6781.390000
6781.390000
6781.390000
6781.390000
6781.390000
6781.390000
6781.390000
6781.390000
6781.390000
6781.390000
6781.390000
3003.830592
0.000000
0.000000
0.000000
0.000000
0.000000
0.000000
0.000000
0.000000
0.000000
0.000000
0.000000
2863.810676
5722.625588
6781.390000
6781.390000
6781.390000
6781.390000
6781.390000
6781.390000
6781.390000
6781.390000
6781.390000
6781.390000
6781.390000
6781.390000
6781.390000
6781.390000
6781.390000
6781.390000
6781.390000
6781.390000
6781.390000
6781.390000
6781.390000
6781.390000
6781.390000
6781.390000
6781.390000
6781.390000
6781.390000
6781.390000
6781.390000
6781.390000
1180.106887
3709.497167
1341.535249
3003.530680
0.000000
0.000000
0.000000
0.000000
0.000000
0.000000
0.000000
0.000000
0.000000
0.000000
0.000000
0.000000
0.000000
0.000000
6781.390000
6781.390000
6781.390000
6781.390000
6781.390000
6781.390000
6781.390000
6781.390000
6781.390000
6781.390000
6781.390000
6781.390000
6781.390000
6781.390000
6781.390000
6781.390000
6781.390000
6781.390000
6781.390000
6781.390000
6781.390000
6781.390000
6781.390000
6781.390000
6781.390000
6781.390000
6781.390000
6781.390000
1789.307109
2612.363191
0.000000
0.000000
0.000000
0.000000
0.000000
0.000000
424.371725
2004.976088
6773.483590
6781.390000
6781.390000
6781.390000
6781.390000
6781.390000
6781.390000
0.000000
198.955642
464.573617
6781.390000
6781.390000
6781.390000
6781.390000
6781.390000
6781.390000
6781.390000
6781.390000
6781.390000
6781.390000
6781.390000
6781.390000
6781.390000
6781.390000
6781.390000
6781.390000
6781.390000
6781.390000
6781.390000
6781.390000
6781.390000
6781.390000
6781.390000
6781.390000
6781.390000
6781.390000
6781.390000
6781.390000
6781.390000
6781.390000
456.529211
1291.569422
0.000000
0.000000
0.000000
1170.178931
4789.725124
6204.810137
4728.085729
6709.424024
2939.177960
2305.423185
1930.037146
1546.856560
6781.390000
6781.390000
6781.390000
6781.390000
6781.390000
6781.390000
6781.390000
6781.390000
6781.390000
6781.390000
6781.390000
6781.390000
6781.390000
6781.390000
6781.390000
6781.390000
6781.390000
6781.390000
6781.390000
6781.390000
6781.390000
6781.390000
6781.390000
6781.390000
6781.390000
6781.390000
6781.390000
6781.390000
6781.390000
6781.390000
6781.390000
6781.390000
6781.390000
6781.390000
6781.390000
6781.390000
6781.390000
2194.016074
0.000000
0.000000
0.000000
0.000000
0.000000
0.000000
0.000000
0.000000
0.000000
0.000000
1092.486049
6781.390000
6781.390000
6781.390000
6781.390000
6781.390000
6781.390000
6781.390000
6781.390000
6781.390000
6781.390000
6781.390000
6781.390000
6781.390000
6781.390000
6781.390000
6781.390000
6781.390000
6781.390000
6781.390000
6781.390000
6781.390000
6781.390000
6781.390000
6781.390000
6781.390000
6781.390000
6781.390000
6781.390000
6781.390000
6781.390000
6781.390000
6781.390000
6781.390000
6781.390000
6781.390000
6137.288123
6781.390000
0.000000
0.000000
0.000000
0.000000
0.000000
0.000000
0.000000
0.000000
0.000000
0.000000
0.000000
0.000000
0.000000
1395.621021
6781.390000
6781.390000
6781.390000
6781.390000
6781.390000
6781.390000
6781.390000
6781.390000
6781.390000
6781.390000
6781.390000
6781.390000
6781.390000
6781.390000
6781.390000
6781.390000
6781.390000
6781.390000
6781.390000
6781.390000
6781.390000
6781.390000
6781.390000
6781.390000
6781.390000
6781.390000
6781.390000
6781.390000
6781.390000
6781.390000
0.000000
1844.927126
0.000000
34.580236
0.000000
0.000000
0.000000
0.000000
0.000000
0.000000
0.000000
0.000000
0.000000
0.000000
601.039114
6781.390000
4535.832680
6781.390000
6781.390000
6781.390000
6781.390000
6781.390000
6781.390000
6781.390000
6781.390000
6781.390000
6781.390000
6781.390000
6781.390000
6781.390000
6781.390000
6781.390000
6781.390000
6781.390000
6781.390000
6781.390000
6781.390000
6781.390000
6781.390000
6781.390000
6781.390000
6781.390000
6781.390000
6781.390000
6781.390000
6781.390000
6781.390000
6781.390000
0.000000
0.000000
0.000000
0.000000
0.000000
0.000000
0.000000
0.000000
0.000000
0.000000
0.000000
0.000000
0.000000
0.000000
0.000000
0.000000
0.000000
0.000000
6781.390000
6781.390000
6781.390000
6781.390000
6781.390000
6781.390000
6781.390000
6781.390000
6781.390000
6781.390000
6781.390000
6781.390000
6781.390000
6781.390000
6781.390000
6781.390000
6781.390000
6781.390000
6781.390000
6781.390000
6781.390000
6781.390000
6781.390000
6781.390000
6781.390000
6781.390000
6781.390000
6781.390000
6781.390000
6781.390000
1632.537129
3773.564030
0.000000
638.422893
2561.445112
0.000000
170.478020
0.000000
0.000000
165.039299
6781.390000
6781.390000
5347.808956
6091.325664
6781.390000
0.000000
0.000000
1225.364726
6781.390000
6781.390000
6781.390000
6781.390000
6781.390000
6781.390000
6781.390000
6781.390000
6781.390000
6781.390000
6781.390000
6781.390000
6781.390000
6781.390000
6781.390000
6781.390000
6781.390000
6781.390000
6781.390000
6781.390000
6781.390000
6781.390000
6781.390000
6781.390000
6781.390000
6781.390000
6781.390000
6781.390000
6781.390000
6781.390000
0.000000
0.000000
0.000000
0.000000
0.000000
0.000000
0.000000
0.000000
0.000000
0.000000
0.000000
0.000000
0.000000
0.000000
0.000000
6781.390000
6781.390000
6781.390000
6781.390000
6781.390000
6781.390000
6781.390000
6781.390000
6781.390000
6781.390000
6781.390000
6781.390000
6781.390000
6781.390000
6781.390000
6781.390000
6781.390000
6781.390000
6781.390000
6781.390000
6781.390000
6781.390000
6781.390000
6781.390000
6781.390000
6781.390000
6781.390000
6781.390000
6781.390000
6781.390000
6781.390000
6781.390000
6781.390000
5112.224545
4584.620462
1284.933676
1900.931791
0.000000
0.000000
0.000000
0.000000
0.000000
723.893643
0.000000
0.000000
0.000000
0.000000
0.000000
0.000000
0.000000
0.000000
6781.390000
6781.390000
6781.390000
6781.390000
6781.390000
6781.390000
6781.390000
6781.390000
6781.390000
6781.390000
6781.390000
6781.390000
6781.390000
6781.390000
6781.390000
6781.390000
6781.390000
6781.390000
6781.390000
6781.390000
6781.390000
6781.390000
6781.390000
6781.390000
6781.390000
6781.390000
6781.390000
6781.390000
6781.390000
6781.390000
0.000000
0.000000
0.000000
0.000000
0.000000
0.000000
0.000000
0.000000
0.000000
0.000000
0.000000
0.000000
0.000000
0.000000
0.000000
6781.390000
6781.390000
6781.390000
6781.390000
6781.390000
6781.390000
6781.390000
6781.390000
6781.390000
6781.390000
6781.390000
6781.390000
6781.390000
6781.390000
6781.390000
6781.390000
6781.390000
6781.390000
6781.390000
6781.390000
6781.390000
6781.390000
6781.390000
6781.390000
6781.390000
6781.390000
6781.390000
6781.390000
6781.390000
6781.390000
6781.390000
5596.448004
6781.390000
0.000000
0.000000
0.000000
0.000000
0.000000
0.000000
0.000000
0.000000
0.000000
0.000000
0.000000
0.000000
0.000000
0.000000
960.409821
6781.390000
6781.390000
6781.390000
6781.390000
6781.390000
6781.390000
6781.390000
6781.390000
6781.390000
6781.390000
6781.390000
6781.390000
6781.390000
6781.390000
6781.390000
6781.390000
6781.390000
6781.390000
6781.390000
6781.390000
6781.390000
6781.390000
6781.390000
6781.390000
6781.390000
6781.390000
6781.390000
6781.390000
6781.390000
6781.390000
6781.390000
6781.390000
6781.390000
6781.390000
6781.390000
6737.217418
6781.390000
3461.473462
0.000000
0.000000
0.000000
0.000000
0.000000
0.000000
0.000000
0.000000
0.000000
0.000000
0.000000
0.000000
0.000000
6781.390000
6781.390000
6781.390000
6781.390000
6781.390000
6781.390000
6781.390000
6781.390000
6781.390000
6781.390000
6781.390000
6781.390000
6781.390000
6781.390000
6781.390000
6781.390000
6781.390000
6781.390000
6781.390000
6781.390000
6781.390000
6781.390000
6781.390000
6781.390000
6781.390000
6781.390000
6781.390000
6781.390000
6781.390000
6781.390000
0.000000
0.000000
0.000000
0.000000
0.000000
0.000000
0.000000
0.000000
0.000000
0.000000
63.108668
710.662504
0.000000
958.510747
6781.390000
0.000000
0.000000
0.000000
6781.390000
6781.390000
6781.390000
6781.390000
6781.390000
6781.390000
6781.390000
6781.390000
6781.390000
6781.390000
6781.390000
6781.390000
6781.390000
6781.390000
6781.390000
6781.390000
6781.390000
6781.390000
6781.390000
6781.390000
6781.390000
6781.390000
6781.390000
6781.390000
6781.390000
6781.390000
6781.390000
6781.390000
5122.415169
6781.390000
0.000000
0.000000
6781.390000
4690.302733
3605.478157
1175.013653
1698.567561
1792.463893
5122.039832
5651.000871
5013.045356
5605.674223
6781.390000
6781.390000
6781.390000
6781.390000
6781.390000
6781.390000
6781.390000
6781.390000
6781.390000
6781.390000
6781.390000
6781.390000
6781.390000
6781.390000
6781.390000
6781.390000
6781.390000
6781.390000
6781.390000
6781.390000
6781.390000
6781.390000
6781.390000
6781.390000
6781.390000
6781.390000
6781.390000
6781.390000
6781.390000
6781.390000
6781.390000
6781.390000
6781.390000
6781.390000
6781.390000
6781.390000
0.000000
0.000000
0.000000
0.000000
0.000000
0.000000
0.000000
0.000000
0.000000
0.000000
0.000000
0.000000
0.000000
0.000000
0.000000
6781.390000
6781.390000
6781.390000
6781.390000
6781.390000
6781.390000
6781.390000
6781.390000
6781.390000
6781.390000
6781.390000
6781.390000
6781.390000
6781.390000
6781.390000
6781.390000
6781.390000
6781.390000
6781.390000
6781.390000
6781.390000
6781.390000
6781.390000
6781.390000
6781.390000
6781.390000
6781.390000
6781.390000
6781.390000
6781.390000
6781.390000
6781.390000
6781.390000
0.000000
0.000000
0.000000
0.000000
0.000000
0.000000
0.000000
1084.549936
0.000000
0.000000
2329.972383
1914.044014
9.986003
988.013581
238.622393
0.000000
2912.200126
6740.300295
6781.390000
6781.390000
6781.390000
6781.390000
6781.390000
6781.390000
6781.390000
6781.390000
6781.390000
6781.390000
6781.390000
6781.390000
6781.390000
6781.390000
6781.390000
6781.390000
6781.390000
6781.390000
6781.390000
6781.390000
6781.390000
6781.390000
6781.390000
6781.390000
6781.390000
6781.390000
6781.390000
6781.390000
6781.390000
6781.390000
6781.390000
6781.390000
6781.390000
6781.390000
6781.390000
6781.390000
5463.016820
5429.341286
6781.390000
6781.390000
6781.390000
6781.390000
6781.390000
6781.390000
6781.390000
6781.390000
6781.390000
6781.390000
6781.390000
6781.390000
6781.390000
6781.390000
6781.390000
6781.390000
6781.390000
6781.390000
6781.390000
6781.390000
6781.390000
6781.390000
6781.390000
6781.390000
6781.390000
6781.390000
6781.390000
6781.390000
6781.390000
6781.390000
6781.390000
6781.390000
6781.390000
6781.390000
6781.390000
6781.390000
6781.390000
6781.390000
6781.390000
6781.390000
0.000000
982.207724
0.000000
0.000000
0.000000
0.000000
0.000000
0.000000
0.000000
0.000000
0.000000
0.000000
0.000000
0.000000
0.000000
6781.390000
6781.390000
6781.390000
6781.390000
6781.390000
6781.390000
6781.390000
6781.390000
6781.390000
6781.390000
6781.390000
6781.390000
6781.390000
6781.390000
6781.390000
6781.390000
6781.390000
6781.390000
6781.390000
6781.390000
6781.390000
6781.390000
6781.390000
6781.390000
6781.390000
6781.390000
6781.390000
6781.390000
6781.390000
6781.390000
6781.390000
0.000000
0.000000
0.000000
0.000000
0.000000
0.000000
0.000000
0.000000
0.000000
0.000000
0.000000
0.000000
0.000000
0.000000
0.000000
0.000000
3884.050513
6781.390000
6781.390000
6781.390000
6781.390000
6781.390000
6781.390000
6781.390000
6781.390000
6781.390000
6781.390000
6781.390000
6781.390000
6781.390000
6781.390000
6781.390000
6781.390000
6781.390000
6781.390000
6781.390000
6781.390000
6781.390000
6781.390000
6781.390000
6781.390000
6781.390000
6781.390000
6781.390000
6781.390000
6781.390000
6781.390000
6781.390000
3523.959893
6781.390000
0.000000
0.000000
0.000000
0.000000
0.000000
0.000000
0.000000
0.000000
0.000000
0.000000
0.000000
0.000000
0.000000
0.000000
1757.498057
6781.390000
6781.390000
6781.390000
6781.390000
6781.390000
6781.390000
6781.390000
6781.390000
6781.390000
6781.390000
6781.390000
6781.390000
6781.390000
6781.390000
6781.390000
6781.390000
6781.390000
6781.390000
6781.390000
6781.390000
6781.390000
6781.390000
6781.390000
6781.390000
6781.390000
6781.390000
6781.390000
6781.390000
6781.390000
6781.390000
6781.390000
6781.390000
6781.390000
1828.542915
3918.097703
4808.909946
2228.874309
6781.390000
6781.390000
0.000000
0.000000
0.000000
0.000000
0.000000
0.000000
0.000000
0.000000
3517.375678
0.000000
4269.029363
6182.117005
6781.390000
6781.390000
6781.390000
6781.390000
6781.390000
6781.390000
6781.390000
6781.390000
6781.390000
6781.390000
6781.390000
6781.390000
6781.390000
6781.390000
6781.390000
6781.390000
6781.390000
6781.390000
6781.390000
6781.390000
6781.390000
6781.390000
6781.390000
6781.390000
6781.390000
6781.390000
6781.390000
6781.390000
6781.390000
6781.390000
6781.390000
6781.390000
4629.262881
6543.668246
6781.390000
6781.390000
6781.390000
6781.390000
6781.390000
6781.390000
6781.390000
6781.390000
6781.390000
6781.390000
6781.390000
6781.390000
6781.390000
6781.390000
6781.390000
6781.390000
6781.390000
6781.390000
6781.390000
6781.390000
6781.390000
6781.390000
6781.390000
6781.390000
6781.390000
6781.390000
6781.390000
6781.390000
6781.390000
6781.390000
6781.390000
6781.390000
6781.390000
6781.390000
6781.390000
6781.390000
6781.390000
6781.390000
6781.390000
6781.390000
6781.390000
6781.390000
6781.390000
6781.390000
5983.054281
6781.390000
6781.390000
6781.390000
6781.390000
6781.390000
5261.284612
6781.390000
39.405599
129.418298
6781.390000
6781.390000
6781.390000
6781.390000
6781.390000
6781.390000
6781.390000
6781.390000
6781.390000
6781.390000
6781.390000
6781.390000
6781.390000
6781.390000
6781.390000
6781.390000
6781.390000
6781.390000
6781.390000
6781.390000
6781.390000
6781.390000
6781.390000
6781.390000
6781.390000
6781.390000
6781.390000
6781.390000
6781.390000
6781.390000
6781.390000
6781.390000
6781.390000
6781.390000
6781.390000
6781.390000
6781.390000
6781.390000
0.000000
0.000000
0.000000
0.000000
0.000000
0.000000
0.000000
0.000000
0.000000
0.000000
0.000000
0.000000
0.000000
0.000000
0.000000
0.000000
0.000000
0.000000
6781.390000
6781.390000
6781.390000
6781.390000
6781.390000
6781.390000
6781.390000
6781.390000
6781.390000
6781.390000
6781.390000
6781.390000
6781.390000
6781.390000
6781.390000
6781.390000
6781.390000
6781.390000
6781.390000
6781.390000
6781.390000
6781.390000
6781.390000
6781.390000
6781.390000
6781.390000
6781.390000
6781.390000
0.000000
2001.718162
0.000000
0.000000
0.000000
0.000000
0.000000
0.000000
0.000000
0.000000
0.000000
0.000000
0.000000
0.000000
0.000000
409.813645
1689.141054
0.000000
0.000000
0.000000
6781.390000
6781.390000
6781.390000
6781.390000
6781.390000
6781.390000
6781.390000
6781.390000
6781.390000
6781.390000
6781.390000
6781.390000
6781.390000
6781.390000
6781.390000
6781.390000
6781.390000
6781.390000
6781.390000
6781.390000
6781.390000
6781.390000
6781.390000
6781.390000
6781.390000
6781.390000
6781.390000
6781.390000
0.000000
744.564293
0.000000
0.000000
0.000000
0.000000
0.000000
0.000000
0.000000
0.000000
0.000000
0.000000
0.000000
0.000000
0.000000
0.000000
0.000000
4972.574007
6781.390000
6781.390000
6781.390000
6781.390000
6781.390000
6781.390000
6781.390000
6781.390000
6781.390000
6781.390000
6781.390000
6781.390000
6781.390000
6781.390000
6781.390000
6781.390000
6781.390000
6781.390000
6781.390000
6781.390000
6781.390000
6781.390000
6781.390000
6781.390000
6781.390000
6781.390000
6781.390000
6781.390000
6781.390000
6781.390000
0.000000
0.000000
0.000000
0.000000
0.000000
0.000000
0.000000
0.000000
0.000000
0.000000
0.000000
0.000000
0.000000
0.000000
2396.992086
4302.574388
316.204354
0.000000
6781.390000
6781.390000
6781.390000
6781.390000
6781.390000
6781.390000
6781.390000
6781.390000
6781.390000
6781.390000
6781.390000
6781.390000
6781.390000
6781.390000
6781.390000
6781.390000
6781.390000
6781.390000
6781.390000
6781.390000
6781.390000
6781.390000
6781.390000
6781.390000
6781.390000
6781.390000
6781.390000
6781.390000
6781.390000
6781.390000
6781.390000
6781.390000
6781.390000
6781.390000
6781.390000
6781.390000
6781.390000
6781.390000
6781.390000
6781.390000
6781.390000
6781.390000
6781.390000
6781.390000
6781.390000
6781.390000
6781.390000
6781.390000
6781.390000
6781.390000
6781.390000
6781.390000
6781.390000
6781.390000
6781.390000
6781.390000
6781.390000
6781.390000
6781.390000
6781.390000
6781.390000
6781.390000
6781.390000
6781.390000
6781.390000
6781.390000
6781.390000
6781.390000
6781.390000
6781.390000
6781.390000
6781.390000
6781.390000
6781.390000
6781.390000
6781.390000
6781.390000
6781.390000
0.000000
0.000000
0.000000
0.000000
0.000000
0.000000
0.000000
759.733382
4492.262858
6277.063737
6781.390000
6781.390000
6781.390000
6781.390000
6781.390000
6781.390000
6781.390000
6781.390000
6781.390000
6781.390000
6781.390000
6781.390000
6781.390000
6781.390000
6781.390000
6781.390000
6781.390000
6781.390000
6781.390000
6781.390000
6781.390000
6781.390000
6781.390000
6781.390000
6781.390000
6781.390000
6781.390000
6781.390000
6781.390000
6781.390000
6781.390000
6781.390000
6781.390000
6781.390000
6781.390000
6781.390000
6781.390000
6781.390000
0.000000
0.000000
0.000000
0.000000
0.000000
0.000000
0.000000
0.000000
0.000000
0.000000
0.000000
0.000000
3911.013917
3558.077153
5210.132380
6249.517695
6781.390000
6781.390000
6781.390000
6781.390000
6781.390000
6781.390000
6781.390000
6781.390000
6781.390000
6781.390000
6781.390000
6781.390000
6781.390000
6781.390000
6781.390000
6781.390000
6781.390000
6781.390000
6781.390000
6781.390000
6781.390000
6781.390000
6781.390000
6781.390000
6781.390000
6781.390000
6781.390000
6781.390000
6781.390000
6781.390000
6781.390000
6781.390000
0.000000
0.000000
0.000000
0.000000
0.000000
0.000000
0.000000
0.000000
0.000000
0.000000
0.000000
0.000000
345.304301
993.072969
4100.235683
6257.634599
6781.390000
6781.390000
6781.390000
6781.390000
6781.390000
6781.390000
6781.390000
6781.390000
6781.390000
6781.390000
6781.390000
6781.390000
6781.390000
6781.390000
6781.390000
6781.390000
6781.390000
6781.390000
6781.390000
6781.390000
6781.390000
6781.390000
6781.390000
6781.390000
6781.390000
6781.390000
6781.390000
6781.390000
6781.390000
6781.390000
6781.390000
6781.390000
4615.881833
6781.390000
1649.657701
4044.592404
3420.832589
1234.934970
0.000000
0.000000
0.000000
0.000000
3490.295859
4304.342767
3456.174354
4374.020438
6781.390000
6781.390000
6781.390000
6781.390000
6781.390000
6781.390000
6781.390000
6781.390000
6781.390000
6781.390000
6781.390000
6781.390000
6781.390000
6781.390000
6781.390000
6781.390000
6781.390000
6781.390000
6781.390000
6781.390000
6781.390000
6781.390000
6781.390000
6781.390000
6781.390000
6781.390000
6781.390000
6781.390000
6781.390000
6781.390000
6781.390000
6781.390000
6781.390000
6781.390000
0.000000
531.719238
0.000000
1133.952957
0.000000
0.000000
581.706421
0.000000
0.000000
0.000000
0.000000
0.000000
6781.390000
6781.390000
6781.390000
6781.390000
6781.390000
6781.390000
6781.390000
6781.390000
6781.390000
6781.390000
6781.390000
6781.390000
6781.390000
6781.390000
6781.390000
6781.390000
6781.390000
6781.390000
6781.390000
6781.390000
6781.390000
6781.390000
6781.390000
6781.390000
6781.390000
6781.390000
6781.390000
6781.390000
6781.390000
6781.390000
6781.390000
6781.390000
6781.390000
6781.390000
6781.390000
6781.390000
6781.390000
6781.390000
6781.390000
6781.390000
0.000000
0.000000
6781.390000
6781.390000
1740.325520
1814.950610
794.128965
1757.330148
4014.311442
4685.296724
5213.855488
6781.390000
6781.390000
6781.390000
6781.390000
6781.390000
6781.390000
6781.390000
6781.390000
6781.390000
6781.390000
6781.390000
6781.390000
6781.390000
6781.390000
6781.390000
6781.390000
6781.390000
6781.390000
6781.390000
6781.390000
6781.390000
6781.390000
6781.390000
6781.390000
6781.390000
6781.390000
6781.390000
6781.390000
6781.390000
6781.390000
6781.390000
6781.390000
6781.390000
1691.059716
5182.089823
0.000000
0.000000
0.000000
0.000000
6781.390000
5295.685699
2415.673507
2445.451772
4757.355901
5556.245407
3183.237658
3605.813649
2934.430592
4748.472424
6781.390000
6558.547838
6781.390000
6781.390000
6781.390000
6781.390000
6781.390000
6781.390000
6781.390000
6781.390000
6781.390000
6781.390000
6781.390000
6781.390000
6781.390000
6781.390000
6781.390000
6781.390000
6781.390000
6781.390000
6781.390000
6781.390000
6781.390000
6781.390000
6781.390000
6781.390000
6781.390000
6781.390000
6781.390000
6781.390000
6781.390000
6781.390000
0.000000
0.000000
0.000000
0.000000
0.000000
0.000000
2853.786587
4744.931046
6180.553876
6781.390000
6781.390000
6781.390000
6641.277892
6083.183598
6363.206653
6781.390000
6781.390000
2628.114480
6616.839908
6781.390000
6781.390000
6781.390000
6781.390000
6781.390000
6781.390000
6781.390000
6781.390000
6781.390000
6781.390000
6781.390000
6781.390000
6781.390000
6781.390000
6781.390000
6781.390000
6781.390000
6781.390000
6781.390000
6781.390000
6781.390000
6781.390000
6781.390000
6781.390000
6781.390000
6781.390000
6781.390000
6781.390000
6781.390000
6781.390000
6781.390000
6781.390000
6781.390000
6781.390000
6781.390000
6781.390000
6781.390000
6781.390000
6781.390000
6781.390000
6781.390000
6781.390000
6781.390000
6781.390000
6781.390000
6781.390000
6781.390000
6781.390000
6781.390000
6781.390000
6781.390000
6781.390000
6781.390000
6781.390000
6781.390000
6781.390000
6781.390000
6781.390000
6781.390000
6781.390000
6781.390000
6781.390000
6781.390000
6781.390000
6781.390000
6781.390000
6781.390000
6781.390000
6781.390000
6781.390000
6781.390000
6781.390000
6781.390000
6781.390000
6781.390000
6781.390000
6781.390000
6781.390000
6781.390000
6781.390000
6781.390000
6781.390000
6781.390000
6781.390000
6781.390000
6781.390000
6781.390000
6781.390000
6781.390000
6781.390000
6781.390000
6781.390000
6781.390000
6781.390000
6781.390000
6781.390000
6781.390000
6781.390000
6781.390000
6781.390000
6781.390000
6781.390000
6781.390000
6781.390000
6781.390000
6781.390000
6781.390000
6781.390000
6781.390000
6781.390000
6781.390000
6781.390000
6781.390000
6781.390000
6781.390000
6781.390000
6781.390000
6781.390000
6781.390000
6781.390000
6781.390000
6781.390000
6781.390000
6781.390000
6781.390000
6781.390000
6781.390000
6781.390000
6781.390000
6781.390000
6781.390000
6781.390000
6781.390000
6781.390000
6781.390000
6781.390000
6781.390000
6781.390000
6781.390000
6781.390000
6781.390000
6781.390000
6781.390000
6781.390000
6781.390000
6781.390000
6781.390000
6781.390000
6781.390000
6781.390000
6781.390000
6781.390000
6781.390000
6781.390000
6781.390000
6781.390000
6781.390000
6781.390000
6781.390000
6781.390000
6781.390000
6781.390000
6781.390000
6781.390000
6781.390000
6781.390000
6781.390000
6781.390000
6781.390000
6781.390000
6781.390000
6781.390000
6781.390000
6781.390000
6781.390000
6781.390000
6781.390000
6781.390000
6781.390000
6781.390000
6781.390000
6781.390000
6781.390000
6781.390000
6781.390000
6781.390000
6781.390000
6781.390000
6781.390000
6781.390000
6781.390000
6781.390000
6781.390000
6781.390000
6781.390000
6781.390000
6781.390000
6781.390000
6781.390000
6781.390000
6781.390000
6781.390000
6781.390000
6781.390000
6781.390000
6781.390000
6781.390000
6781.390000
6781.390000
6781.390000
6781.390000
6781.390000
6781.390000
6781.390000
6781.390000
6781.390000
6781.390000
6781.390000
6781.390000
6781.390000
6781.390000
6781.390000
6781.390000
3233.054568
5142.167413
6781.390000
4915.143124
6781.390000
6781.390000
6781.390000
6781.390000
6781.390000
6781.390000
6781.390000
6781.390000
6781.390000
6781.390000
6781.390000
6781.390000
6781.390000
6781.390000
6781.390000
6781.390000
6781.390000
6781.390000
6781.390000
6781.390000
6781.390000
6781.390000
6781.390000
6781.390000
6781.390000
6781.390000
6781.390000
6781.390000
6781.390000
6781.390000
6781.390000
6781.390000
6781.390000
6781.390000
6781.390000
6781.390000
6781.390000
6781.390000
6781.390000
6781.390000
6781.390000
6781.390000
6781.390000
6781.390000
0.000000
625.073286
0.000000
0.000000
0.000000
0.000000
2500.774131
2465.492692
6781.390000
6781.390000
6781.390000
6781.390000
6781.390000
6781.390000
6781.390000
6781.390000
6781.390000
6781.390000
6781.390000
6781.390000
6781.390000
6781.390000
6781.390000
6781.390000
6781.390000
6781.390000
6781.390000
6781.390000
6781.390000
6781.390000
6781.390000
6781.390000
6781.390000
6781.390000
6781.390000
6781.390000
6781.390000
6781.390000
6781.390000
6781.390000
6781.390000
6781.390000
6781.390000
6781.390000
6781.390000
6781.390000
0.000000
0.000000
0.000000
0.000000
0.000000
0.000000
0.000000
0.000000
0.000000
0.000000
0.000000
0.000000
0.000000
0.000000
4943.113091
5899.329949
5817.623903
6781.390000
6781.390000
6781.390000
6781.390000
6781.390000
6781.390000
6781.390000
6781.390000
6781.390000
6781.390000
6781.390000
6781.390000
6781.390000
6781.390000
6781.390000
6781.390000
6781.390000
6781.390000
6781.390000
6781.390000
6781.390000
6781.390000
6781.390000
6781.390000
6781.390000
6781.390000
6781.390000
6781.390000
6781.390000
6781.390000
6781.390000
0.000000
0.000000
0.000000
0.000000
0.000000
0.000000
0.000000
0.000000
0.000000
0.000000
0.000000
0.000000
6781.390000
6781.390000
6781.390000
6781.390000
6781.390000
6781.390000
1992.431014
5631.051324
6781.390000
6781.390000
6781.390000
6781.390000
6781.390000
6781.390000
6781.390000
6781.390000
6781.390000
6781.390000
6781.390000
6781.390000
6781.390000
6781.390000
6781.390000
6781.390000
6781.390000
6781.390000
6781.390000
6781.390000
6781.390000
6781.390000
6781.390000
6781.390000
6781.390000
6781.390000
6781.390000
6781.390000
4773.029554
6781.390000
264.921526
2219.136526
2677.062492
629.276354
0.000000
0.000000
0.000000
0.000000
0.000000
0.000000
0.000000
0.000000
0.000000
0.000000
3535.148968
4839.757720
6781.390000
6781.390000
6781.390000
6781.390000
6781.390000
6781.390000
6781.390000
6781.390000
6781.390000
6781.390000
6781.390000
6781.390000
6781.390000
6781.390000
6781.390000
6781.390000
6781.390000
6781.390000
6781.390000
6781.390000
6781.390000
6781.390000
6781.390000
6781.390000
6781.390000
6781.390000
6781.390000
6781.390000
6781.390000
6781.390000
6781.390000
6781.390000
0.000000
0.000000
0.000000
0.000000
0.000000
0.000000
0.000000
0.000000
0.000000
0.000000
6781.390000
6781.390000
6781.390000
6781.390000
6781.390000
6781.390000
6781.390000
6781.390000
6781.390000
6781.390000
6781.390000
6781.390000
6781.390000
6781.390000
6781.390000
6781.390000
6781.390000
6781.390000
6781.390000
6781.390000
6781.390000
6781.390000
6781.390000
6781.390000
6781.390000
6781.390000
6781.390000
6781.390000
6781.390000
6781.390000
6781.390000
6781.390000
6781.390000
6781.390000
6781.390000
6781.390000
0.000000
2955.618137
0.000000
0.000000
0.000000
0.000000
0.000000
0.000000
0.000000
0.000000
276.405803
907.546623
6781.390000
6781.390000
6781.390000
6781.390000
6781.390000
6781.390000
6781.390000
6781.390000
6781.390000
6781.390000
6781.390000
6781.390000
6781.390000
6781.390000
6781.390000
6781.390000
6781.390000
6781.390000
6781.390000
6781.390000
6781.390000
6781.390000
6781.390000
6781.390000
6781.390000
6781.390000
6781.390000
6781.390000
6781.390000
6781.390000
6781.390000
6781.390000
6781.390000
6781.390000
6781.390000
6781.390000
3559.336442
6669.004185
1776.449540
4001.569466
6781.390000
6781.390000
6781.390000
6361.155473
4642.412916
5018.318431
6781.390000
6781.390000
6781.390000
6781.390000
6781.390000
6781.390000
6781.390000
6781.390000
6781.390000
6781.390000
6781.390000
6781.390000
6781.390000
6781.390000
6781.390000
6781.390000
6781.390000
6781.390000
6781.390000
6781.390000
6781.390000
6781.390000
6781.390000
6781.390000
6781.390000
6781.390000
6781.390000
6781.390000
6781.390000
6781.390000
6781.390000
6781.390000
6781.390000
6781.390000
6781.390000
6781.390000
6781.390000
6781.390000
6781.390000
6781.390000
6781.390000
6781.390000
6781.390000
6781.390000
6781.390000
6781.390000
6473.368828
6781.390000
6781.390000
6781.390000
6781.390000
6781.390000
6781.390000
6781.390000
6781.390000
6781.390000
6781.390000
6781.390000
6781.390000
6781.390000
6781.390000
6781.390000
6781.390000
6781.390000
6781.390000
6781.390000
6781.390000
6781.390000
6781.390000
6781.390000
6781.390000
6781.390000
6781.390000
6781.390000
6781.390000
6781.390000
6781.390000
6781.390000
6781.390000
6781.390000
6781.390000
6781.390000
6781.390000
6781.390000
6781.390000
6781.390000
6781.390000
6781.390000
5875.149453
6781.390000
6566.215353
6781.390000
221.870242
2369.978311
2358.357215
4466.891153
0.000000
0.000000
4063.043365
3617.919638
6781.390000
6781.390000
6781.390000
5560.489787
6781.390000
6781.390000
6781.390000
6781.390000
6781.390000
6781.390000
6781.390000
6781.390000
6781.390000
6781.390000
6781.390000
6781.390000
6781.390000
6781.390000
6781.390000
6781.390000
6781.390000
6781.390000
6781.390000
6781.390000
6781.390000
6781.390000
6781.390000
6781.390000
6781.390000
6781.390000
6781.390000
6781.390000
6781.390000
6781.390000
6781.390000
6781.390000
6781.390000
6781.390000
6781.390000
6781.390000
6781.390000
6781.390000
6781.390000
6781.390000
6781.390000
6781.390000
6781.390000
6781.390000
6781.390000
6781.390000
6781.390000
6781.390000
6781.390000
6781.390000
6781.390000
6781.390000
6781.390000
6781.390000
6781.390000
6781.390000
6781.390000
6781.390000
6781.390000
6781.390000
6781.390000
6781.390000
6781.390000
6781.390000
6781.390000
6781.390000
6781.390000
6781.390000
6781.390000
6781.390000
6781.390000
6781.390000
6781.390000
6781.390000
6781.390000
6781.390000
6781.390000
6781.390000
6781.390000
6781.390000
3828.504755
6248.021347
1578.871029
0.000000
0.000000
0.000000
3305.193646
3583.725241
0.000000
0.000000
993.945930
1496.296038
6781.390000
6781.390000
6781.390000
6781.390000
6781.390000
6781.390000
6781.390000
6781.390000
6781.390000
6781.390000
6781.390000
6781.390000
6781.390000
6781.390000
6781.390000
6781.390000
6781.390000
6781.390000
6781.390000
6781.390000
6781.390000
6781.390000
6781.390000
6781.390000
6781.390000
6781.390000
6781.390000
6781.390000
6781.390000
6781.390000
6781.390000
6781.390000
6781.390000
6781.390000
6781.390000
6781.390000
6781.390000
6781.390000
6781.390000
6781.390000
6781.390000
6781.390000
6781.390000
6781.390000
6781.390000
6781.390000
6781.390000
6781.390000
6781.390000
6781.390000
6781.390000
6781.390000
6781.390000
6781.390000
6781.390000
6781.390000
6781.390000
6781.390000
6781.390000
6781.390000
6781.390000
6781.390000
6781.390000
6781.390000
6781.390000
6781.390000
6781.390000
6781.390000
6781.390000
6781.390000
6781.390000
6781.390000
6781.390000
6781.390000
6781.390000
6781.390000
6781.390000
6781.390000
6781.390000
6781.390000
6781.390000
6781.390000
6781.390000
6781.390000
6781.390000
6781.390000
6781.390000
6781.390000
6781.390000
6781.390000
6781.390000
6781.390000
6781.390000
6781.390000
6781.390000
6781.390000
6781.390000
6781.390000
6781.390000
6781.390000
6781.390000
6781.390000
6781.390000
6781.390000
6781.390000
6781.390000
6781.390000
6781.390000
6781.390000
6781.390000
6781.390000
6781.390000
6781.390000
6781.390000
6781.390000
6781.390000
6781.390000
6781.390000
6781.390000
6781.390000
6781.390000
6781.390000
6781.390000
6781.390000
6781.390000
6781.390000
6781.390000
6781.390000
6781.390000
6781.390000
6781.390000
6781.390000
6781.390000
6781.390000
6781.390000
6781.390000
6781.390000
6781.390000
6781.390000
6781.390000
6781.390000
6781.390000
6781.390000
6781.390000
6781.390000
6781.390000
6781.390000
6781.390000
6781.390000
6781.390000
6781.390000
6781.390000
6781.390000
6781.390000
6781.390000
6781.390000
6781.390000
6781.390000
6781.390000
6781.390000
6781.390000
6781.390000
6781.390000
6781.390000
6781.390000
6781.390000
6781.390000
6781.390000
6781.390000
6781.390000
6781.390000
6781.390000
6781.390000
6781.390000
6781.390000
6781.390000
6781.390000
6781.390000
6781.390000
6781.390000
6781.390000
6781.390000
6781.390000
6781.390000
6781.390000
6781.390000
6781.390000
6781.390000
6781.390000
6781.390000
6781.390000
6781.390000
6781.390000
6781.390000
6781.390000
6781.390000
6781.390000
6781.390000
6781.390000
6781.390000
6781.390000
6781.390000
6781.390000
6781.390000
6781.390000
6781.390000
6781.390000
6781.390000
6781.390000
6781.390000
6781.390000
6781.390000
6781.390000
6781.390000
6781.390000
6781.390000
6781.390000
6781.390000
6781.390000
6781.390000
6781.390000
6781.390000
6781.390000
6781.390000
6781.390000
6781.390000
6781.390000
6781.390000
6781.390000
6781.390000
6781.390000
6781.390000
6781.390000
6781.390000
6781.390000
6781.390000
6781.390000
6781.390000
6781.390000
6781.390000
6781.390000
6781.390000
6781.390000
6781.390000
6781.390000
6781.390000
6781.390000
6781.390000
6781.390000
6781.390000
6781.390000
6781.390000
6781.390000
6781.390000
6781.390000
6781.390000
6781.390000
6781.390000
6781.390000
6781.390000
6781.390000
6781.390000
6781.390000
6781.390000
6781.390000
6781.390000
6781.390000
6781.390000
6781.390000
6781.390000
6781.390000
6781.390000
6781.390000
6781.390000
6781.390000
6781.390000
6781.390000
6781.390000
6781.390000
6781.390000
6781.390000
6781.390000
6781.390000
6781.390000
6781.390000
6781.390000
6781.390000
6781.390000
6781.390000
6781.390000
6781.390000
6781.390000
6781.390000
6781.390000
6781.390000
6781.390000
6781.390000
6781.390000
6781.390000
6781.390000
6781.390000
6781.390000
6781.390000
6781.390000
6781.390000
6781.390000
6781.390000
6781.390000
6781.390000
6781.390000
6781.390000
6781.390000
6781.390000
6781.390000
6781.390000
6781.390000
6781.390000
6781.390000
6781.390000
6781.390000
6781.390000
6781.390000
6781.390000
6781.390000
6781.390000
6781.390000
6781.390000
6781.390000
6781.390000
6781.390000
6781.390000
6781.390000
6781.390000
6781.390000
6781.390000
6781.390000
6781.390000
6781.390000
6781.390000
6781.390000
6781.390000
6781.390000
6781.390000
6781.390000
6781.390000
6781.390000
6781.390000
6781.390000
6781.390000
6781.390000
6781.390000
6781.390000
6781.390000
6781.390000
6781.390000
6781.390000
6781.390000
6781.390000
6781.390000
6781.390000
6781.390000
6781.390000
6781.390000
6781.390000
6781.390000
6781.390000
6781.390000
6781.390000
6781.390000
6781.390000
6781.390000
6781.390000
6781.390000
6781.390000
6781.390000
6781.390000
6781.390000
6781.390000
6781.390000
6781.390000
6781.390000
1796.534405
0.000000
0.000000
6781.390000
6781.390000
6781.390000
6781.390000
6781.390000
6781.390000
6781.390000
6781.390000
6781.390000
6781.390000
6781.390000
6781.390000
6781.390000
6781.390000
6781.390000
6781.390000
6781.390000
6781.390000
6781.390000
6781.390000
6781.390000
6781.390000
6781.390000
6781.390000
6781.390000
6781.390000
6781.390000
6781.390000
6781.390000
6781.390000
6781.390000
6781.390000
6781.390000
6781.390000
6781.390000
6781.390000
6781.390000
6781.390000
6781.390000
6781.390000
6781.390000
0.000000
2139.198436
2352.938800
0.000000
0.000000
3109.463707
3752.606282
6781.390000
6781.390000
6781.390000
6781.390000
6781.390000
6781.390000
6781.390000
6781.390000
6781.390000
6781.390000
6781.390000
6781.390000
6781.390000
6781.390000
6781.390000
6781.390000
6781.390000
6781.390000
6781.390000
6781.390000
6781.390000
6781.390000
6781.390000
6781.390000
6781.390000
6781.390000
6781.390000
6781.390000
6781.390000
6781.390000
6781.390000
6781.390000
6781.390000
6781.390000
6781.390000
6781.390000
6781.390000
6781.390000
6781.390000
6781.390000
0.000000
0.000000
0.000000
0.000000
0.000000
0.000000
5705.566102
6410.602712
6781.390000
6781.390000
6781.390000
6781.390000
6781.390000
6781.390000
6781.390000
6781.390000
6781.390000
6781.390000
6781.390000
6781.390000
6781.390000
6781.390000
6781.390000
6781.390000
6781.390000
6781.390000
6781.390000
6781.390000
6781.390000
6781.390000
6781.390000
6781.390000
6781.390000
6781.390000
6781.390000
6781.390000
6781.390000
6781.390000
6781.390000
6781.390000
6781.390000
6781.390000
2044.039882
5826.761616
6112.229955
6781.390000
6781.390000
6781.390000
6781.390000
6781.390000
6781.390000
6781.390000
6781.390000
6781.390000
6781.390000
6781.390000
6781.390000
6781.390000
6781.390000
6781.390000
6781.390000
6781.390000
6781.390000
6781.390000
6781.390000
6781.390000
6781.390000
6781.390000
6781.390000
6781.390000
6781.390000
6781.390000
6781.390000
6781.390000
6781.390000
6781.390000
6781.390000
6781.390000
6781.390000
6781.390000
6781.390000
6781.390000
6781.390000
6781.390000
6781.390000
6781.390000
6781.390000
6781.390000
6781.390000
6781.390000
6781.390000
6781.390000
1220.244879
2775.159870
6781.390000
6781.390000
6781.390000
6781.390000
6781.390000
6781.390000
6781.390000
6781.390000
6781.390000
6781.390000
6781.390000
6781.390000
6781.390000
6781.390000
6781.390000
6781.390000
6781.390000
6781.390000
6781.390000
6781.390000
6781.390000
6781.390000
6781.390000
6781.390000
6781.390000
6781.390000
6781.390000
6781.390000
6781.390000
6781.390000
6781.390000
6781.390000
6781.390000
6781.390000
6781.390000
6781.390000
6781.390000
6781.390000
6781.390000
6781.390000
6781.390000
6781.390000
6781.390000
6781.390000
6781.390000
6781.390000
6781.390000
6781.390000
0.000000
0.000000
28.800969
2241.797362
3678.911033
5786.292061
6781.390000
6781.390000
6781.390000
6781.390000
6781.390000
6781.390000
6781.390000
6781.390000
6781.390000
6781.390000
6781.390000
6781.390000
6781.390000
6781.390000
6781.390000
6781.390000
6781.390000
6781.390000
6781.390000
6781.390000
6781.390000
6781.390000
6781.390000
6781.390000
6781.390000
6781.390000
6781.390000
6781.390000
6781.390000
6781.390000
6781.390000
6781.390000
6781.390000
6781.390000
6781.390000
6781.390000
6781.390000
6781.390000
6781.390000
6781.390000
6781.390000
6781.390000
6781.390000
6781.390000
6781.390000
6781.390000
6781.390000
6781.390000
6781.390000
6781.390000
6781.390000
6781.390000
6781.390000
6781.390000
6781.390000
6781.390000
6781.390000
6781.390000
6781.390000
6781.390000
6781.390000
6781.390000
6781.390000
6781.390000
6781.390000
6781.390000
6781.390000
6781.390000
6781.390000
6781.390000
6781.390000
6781.390000
6781.390000
6781.390000
6781.390000
6781.390000
6781.390000
6781.390000
6781.390000
6781.390000
6781.390000
6781.390000
6781.390000
6781.390000
6781.390000
6781.390000
6781.390000
6781.390000
6781.390000
6781.390000
6781.390000
6781.390000
6781.390000
6690.347645
6781.390000
6781.390000
6781.390000
6781.390000
6781.390000
6781.390000
6781.390000
6781.390000
6781.390000
6781.390000
6781.390000
6781.390000
6781.390000
6781.390000
6781.390000
6781.390000
6781.390000
6781.390000
6781.390000
6781.390000
6781.390000
6781.390000
6781.390000
6781.390000
6781.390000
6781.390000
6781.390000
6781.390000
6781.390000
6781.390000
6781.390000
6781.390000
6781.390000
6781.390000
6781.390000
6781.390000
6781.390000
6781.390000
6781.390000
6781.390000
0.000000
96.101402
0.000000
0.000000
0.000000
0.000000
0.000000
0.000000
0.000000
0.000000
5919.728789
6781.390000
6781.390000
6781.390000
6781.390000
6781.390000
6781.390000
6781.390000
6781.390000
6781.390000
6781.390000
6781.390000
6781.390000
6781.390000
6781.390000
6781.390000
6781.390000
6781.390000
6781.390000
6781.390000
6781.390000
6781.390000
6781.390000
6781.390000
6781.390000
6781.390000
6781.390000
6781.390000
6781.390000
6781.390000
6781.390000
6781.390000
6781.390000
6781.390000
6781.390000
6781.390000
6781.390000
6781.390000
3264.516700
6439.900635
0.000000
2272.257932
5885.425711
3870.472792
320.486620
0.000000
1936.371298
2314.852574
3154.607008
4059.051563
6781.390000
6781.390000
6781.390000
6781.390000
6781.390000
6781.390000
6781.390000
6781.390000
6781.390000
6781.390000
6781.390000
6781.390000
6781.390000
6781.390000
6781.390000
6781.390000
6781.390000
6781.390000
6781.390000
6781.390000
6781.390000
6781.390000
6781.390000
6781.390000
6781.390000
6781.390000
6781.390000
6781.390000
6781.390000
6781.390000
6781.390000
6781.390000
6781.390000
6781.390000
6781.390000
6781.390000
6781.390000
6781.390000
6781.390000
6781.390000
6781.390000
6781.390000
6781.390000
6781.390000
6781.390000
6781.390000
6781.390000
6781.390000
6781.390000
6781.390000
6781.390000
6781.390000
6781.390000
6781.390000
6781.390000
6781.390000
6781.390000
6781.390000
6781.390000
6781.390000
6781.390000
6781.390000
6781.390000
6781.390000
6781.390000
6781.390000
6781.390000
6781.390000
6781.390000
6781.390000
6781.390000
6781.390000
6781.390000
6781.390000
6781.390000
6781.390000
6781.390000
6781.390000
6781.390000
6781.390000
6781.390000
6781.390000
6781.390000
6781.390000
6781.390000
6781.390000
6781.390000
6781.390000
6781.390000
6781.390000
6781.390000
6781.390000
6781.390000
6781.390000
6781.390000
6781.390000
6781.390000
6781.390000
6781.390000
6781.390000
6781.390000
6781.390000
6781.390000
6781.390000
6781.390000
6781.390000
6781.390000
6781.390000
6781.390000
6781.390000
6781.390000
6781.390000
6781.390000
6781.390000
6781.390000
6781.390000
6781.390000
6781.390000
6781.390000
6781.390000
6781.390000
6781.390000
6781.390000
6781.390000
6781.390000
6781.390000
6781.390000
6781.390000
6781.390000
6781.390000
6781.390000
6781.390000
0.000000
0.000000
0.000000
0.000000
0.000000
0.000000
0.000000
0.000000
0.000000
0.000000
6344.101553
6429.739814
6781.390000
6781.390000
6781.390000
6781.390000
6781.390000
6781.390000
6781.390000
6781.390000
6781.390000
6781.390000
6781.390000
6781.390000
6781.390000
6781.390000
6781.390000
6781.390000
6781.390000
6781.390000
6781.390000
6781.390000
6781.390000
6781.390000
6781.390000
6781.390000
6781.390000
6781.390000
6781.390000
6781.390000
6781.390000
6781.390000
6781.390000
6781.390000
6781.390000
6781.390000
6781.390000
6781.390000
0.000000
0.000000
0.000000
0.000000
0.000000
0.000000
0.000000
0.000000
6444.675289
6764.122811
6781.390000
6781.390000
6781.390000
6781.390000
6781.390000
6781.390000
6781.390000
6781.390000
6781.390000
6781.390000
6781.390000
6781.390000
6781.390000
6781.390000
6781.390000
6781.390000
6781.390000
6781.390000
6781.390000
6781.390000
6781.390000
6781.390000
6781.390000
6781.390000
6781.390000
6781.390000
6781.390000
6781.390000
6781.390000
6781.390000
6781.390000
6781.390000
6781.390000
6781.390000
6781.390000
6781.390000
6781.390000
6781.390000
6781.390000
6781.390000
6781.390000
6781.390000
6781.390000
6781.390000
6781.390000
6781.390000
6781.390000
6781.390000
6781.390000
6781.390000
6781.390000
6781.390000
6781.390000
6781.390000
6781.390000
6781.390000
6781.390000
6781.390000
6781.390000
6781.390000
6781.390000
6781.390000
6781.390000
6781.390000
6781.390000
6781.390000
6781.390000
6781.390000
6781.390000
6781.390000
6781.390000
6781.390000
6781.390000
6781.390000
6781.390000
6781.390000
6781.390000
6781.390000
6781.390000
6781.390000
6781.390000
6781.390000
6781.390000
6781.390000
6781.390000
6781.390000
6781.390000
6781.390000
6781.390000
6781.390000
6781.390000
6781.390000
6781.390000
6781.390000
6781.390000
6781.390000
3992.624282
5009.489672
6781.390000
6781.390000
6781.390000
6781.390000
6781.390000
6781.390000
6781.390000
6781.390000
6781.390000
6781.390000
6781.390000
6781.390000
6781.390000
6781.390000
6781.390000
6781.390000
6781.390000
6781.390000
6781.390000
6781.390000
6781.390000
6781.390000
6781.390000
6781.390000
6781.390000
6781.390000
6781.390000
6781.390000
6781.390000
6781.390000
6781.390000
6781.390000
6781.390000
6781.390000
6781.390000
6781.390000
6781.390000
6781.390000
6781.390000
6781.390000
6781.390000
6781.390000
6781.390000
6781.390000
6781.390000
6781.390000
0.000000
0.000000
0.000000
0.000000
0.000000
1548.584730
6097.024752
6781.390000
6781.390000
6781.390000
6781.390000
6781.390000
6781.390000
6781.390000
6781.390000
6781.390000
6781.390000
6781.390000
6781.390000
6781.390000
6781.390000
6781.390000
6781.390000
6781.390000
6781.390000
6781.390000
6781.390000
6781.390000
6781.390000
6781.390000
6781.390000
6781.390000
6781.390000
6781.390000
6781.390000
6781.390000
2717.829950
5476.730998
0.000000
0.000000
0.000000
0.000000
0.000000
0.000000
0.000000
0.000000
0.000000
0.000000
0.000000
0.000000
0.000000
0.000000
0.000000
0.000000
1338.618642
0.000000
0.000000
0.000000
3995.513214
5760.197797
6781.390000
6781.390000
6781.390000
6781.390000
6781.390000
6781.390000
6781.390000
6781.390000
6781.390000
6781.390000
6781.390000
6781.390000
6781.390000
6781.390000
6781.390000
6781.390000
6781.390000
6781.390000
6781.390000
6781.390000
6781.390000
6781.390000
6781.390000
6781.390000
6781.390000
6781.390000
0.000000
0.000000
0.000000
0.000000
0.000000
0.000000
0.000000
0.000000
1247.653696
3032.421803
6781.390000
6781.390000
6781.390000
6781.390000
6781.390000
6781.390000
6781.390000
6781.390000
6781.390000
6781.390000
6781.390000
6781.390000
6781.390000
6781.390000
6781.390000
6781.390000
6781.390000
6781.390000
6781.390000
6781.390000
6781.390000
6781.390000
6781.390000
6781.390000
6781.390000
6781.390000
6781.390000
6781.390000
6781.390000
6781.390000
6781.390000
6781.390000
6781.390000
6781.390000
6781.390000
6781.390000
6781.390000
6781.390000
0.000000
0.000000
0.000000
0.000000
0.000000
0.000000
0.000000
0.000000
6535.355376
6781.390000
6781.390000
6781.390000
6781.390000
6781.390000
6781.390000
6781.390000
6781.390000
6781.390000
6781.390000
6781.390000
6781.390000
6781.390000
6781.390000
6781.390000
6781.390000
6781.390000
6781.390000
6781.390000
6781.390000
6781.390000
6781.390000
6781.390000
6781.390000
6781.390000
6781.390000
6781.390000
6781.390000
6781.390000
6781.390000
6781.390000
6781.390000
6781.390000
6781.390000
6781.390000
6781.390000
6781.390000
6781.390000
6781.390000
5280.682644
6781.390000
3435.311244
6127.879482
4416.670323
2861.239620
2599.645413
925.380987
6781.390000
6781.390000
6054.029179
6781.390000
4552.054184
5041.451064
6781.390000
6781.390000
6781.390000
6781.390000
6781.390000
6781.390000
6781.390000
6781.390000
6781.390000
6781.390000
6781.390000
6781.390000
6781.390000
6781.390000
6781.390000
6781.390000
6781.390000
6781.390000
6781.390000
6781.390000
6781.390000
6781.390000
6781.390000
6781.390000
6781.390000
6781.390000
6781.390000
6781.390000
6781.390000
6781.390000
6781.390000
6781.390000
6781.390000
6781.390000
6781.390000
6781.390000
6781.390000
6781.390000
6781.390000
6781.390000
6781.390000
6781.390000
6781.390000
6781.390000
6781.390000
6781.390000
6781.390000
6781.390000
6781.390000
6781.390000
6781.390000
6781.390000
6781.390000
6781.390000
6781.390000
6781.390000
6781.390000
6781.390000
6781.390000
6781.390000
6781.390000
6781.390000
6781.390000
6781.390000
6781.390000
6781.390000
6781.390000
6781.390000
6781.390000
6781.390000
6781.390000
6781.390000
6781.390000
6781.390000
6781.390000
6781.390000
6781.390000
6781.390000
6781.390000
6781.390000
6781.390000
6781.390000
6781.390000
6781.390000
6781.390000
6781.390000
6781.390000
6781.390000
6781.390000
6781.390000
6781.390000
6781.390000
6781.390000
6781.390000
6781.390000
6781.390000
6781.390000
6781.390000
6781.390000
6781.390000
6781.390000
6781.390000
6781.390000
6781.390000
6781.390000
6781.390000
6781.390000
6781.390000
6781.390000
6781.390000
6781.390000
6781.390000
6781.390000
6781.390000
6781.390000
6781.390000
6781.390000
6781.390000
6781.390000
6781.390000
6781.390000
6781.390000
6781.390000
6781.390000
6781.390000
6781.390000
6781.390000
6781.390000
6781.390000
6781.390000
6781.390000
6781.390000
6781.390000
6781.390000
6781.390000
6781.390000
6781.390000
6781.390000
6781.390000
6781.390000
6781.390000
6781.390000
6781.390000
6781.390000
6781.390000
6781.390000
6781.390000
6781.390000
6781.390000
6781.390000
6781.390000
6781.390000
6781.390000
6781.390000
6781.390000
6781.390000
6781.390000
6781.390000
6781.390000
6781.390000
6781.390000
6781.390000
6781.390000
6781.390000
6781.390000
6781.390000
6781.390000
6781.390000
6781.390000
6781.390000
6781.390000
6781.390000
6781.390000
6781.390000
6781.390000
6781.390000
6781.390000
6781.390000
6781.390000
6781.390000
6781.390000
6781.390000
6781.390000
6781.390000
6781.390000
6781.390000
6781.390000
6781.390000
6781.390000
6781.390000
6781.390000
6781.390000
6781.390000
6781.390000
6781.390000
6781.390000
6781.390000
6781.390000
6781.390000
6781.390000
6781.390000
6781.390000
6781.390000
6781.390000
6781.390000
6781.390000
6781.390000
6781.390000
6781.390000
6781.390000
6781.390000
6781.390000
6781.390000
6781.390000
6781.390000
6781.390000
6781.390000
6781.390000
6781.390000
6781.390000
6781.390000
6781.390000
6781.390000
6781.390000
6781.390000
6781.390000
6781.390000
6781.390000
868.922666
2331.158012
0.000000
2282.472431
4230.023785
5950.291110
6781.390000
6781.390000
6781.390000
6781.390000
6781.390000
6781.390000
6781.390000
6781.390000
6781.390000
6781.390000
6781.390000
6781.390000
6781.390000
6781.390000
6781.390000
6781.390000
6781.390000
6781.390000
6781.390000
6781.390000
6781.390000
6781.390000
6781.390000
6781.390000
6781.390000
6781.390000
6781.390000
6781.390000
6781.390000
6781.390000
6781.390000
6781.390000
6781.390000
6781.390000
6781.390000
6781.390000
6781.390000
6781.390000
6781.390000
6781.390000
3789.382887
4744.521174
0.000000
0.000000
0.000000
0.000000
4507.849866
6477.173342
6781.390000
6781.390000
6781.390000
6781.390000
6781.390000
6781.390000
6781.390000
6781.390000
6781.390000
6781.390000
6781.390000
6781.390000
6781.390000
6781.390000
6781.390000
6781.390000
6781.390000
6781.390000
6781.390000
6781.390000
6781.390000
6781.390000
6781.390000
6781.390000
6781.390000
6781.390000
6781.390000
6781.390000
6781.390000
6781.390000
6781.390000
6781.390000
6781.390000
6781.390000
6781.390000
6781.390000
6781.390000
6781.390000
6781.390000
6781.390000
6781.390000
6781.390000
2842.677604
5424.464928
6067.823487
4343.092339
2131.901048
347.088773
6781.390000
6781.390000
6781.390000
6781.390000
6781.390000
6781.390000
6781.390000
6781.390000
6781.390000
6781.390000
6781.390000
6781.390000
6781.390000
6781.390000
6781.390000
6781.390000
6781.390000
6781.390000
6781.390000
6781.390000
6781.390000
6781.390000
6781.390000
6781.390000
6781.390000
6781.390000
6781.390000
6781.390000
6781.390000
6781.390000
6781.390000
6781.390000
6781.390000
6781.390000
6781.390000
6781.390000
6781.390000
6781.390000
6781.390000
6781.390000
6781.390000
6781.390000
0.000000
930.192696
0.000000
0.000000
0.000000
0.000000
6781.390000
6781.390000
6781.390000
6781.390000
6781.390000
6781.390000
6781.390000
6781.390000
6781.390000
6781.390000
6781.390000
6781.390000
6781.390000
6781.390000
6781.390000
6781.390000
6781.390000
6781.390000
6781.390000
6781.390000
6781.390000
6781.390000
6781.390000
6781.390000
6781.390000
6781.390000
6781.390000
6781.390000
6781.390000
6781.390000
6781.390000
6781.390000
6781.390000
6781.390000
6781.390000
6781.390000
6781.390000
6781.390000
6781.390000
6781.390000
2556.916816
5530.420289
0.000000
2230.779241
792.517503
0.000000
0.000000
0.000000
5014.242173
5374.149809
6781.390000
6781.390000
6781.390000
6781.390000
6781.390000
6781.390000
6781.390000
6781.390000
6781.390000
6781.390000
6781.390000
6781.390000
6781.390000
6781.390000
6781.390000
6781.390000
6781.390000
6781.390000
6781.390000
6781.390000
6781.390000
6781.390000
6781.390000
6781.390000
6781.390000
6781.390000
6781.390000
6781.390000
6781.390000
6781.390000
6781.390000
6781.390000
6781.390000
6781.390000
6781.390000
6781.390000
6781.390000
6781.390000
0.000000
0.000000
0.000000
0.000000
0.000000
0.000000
0.000000
0.000000
0.000000
0.000000
0.000000
0.000000
0.000000
0.000000
6781.390000
6781.390000
6781.390000
6781.390000
6781.390000
6781.390000
6781.390000
6781.390000
6781.390000
6781.390000
6781.390000
6781.390000
6781.390000
6781.390000
6781.390000
6781.390000
6781.390000
6781.390000
6781.390000
6781.390000
6781.390000
6781.390000
6781.390000
6781.390000
6781.390000
6781.390000
6781.390000
6781.390000
6781.390000
6781.390000
6781.390000
6781.390000
6781.390000
6781.390000
0.000000
0.000000
0.000000
0.000000
0.000000
0.000000
0.000000
0.000000
0.000000
0.000000
0.000000
0.000000
0.000000
507.888889
6781.390000
6781.390000
6781.390000
6781.390000
6781.390000
6781.390000
6781.390000
6781.390000
6781.390000
6781.390000
6781.390000
6781.390000
6781.390000
6781.390000
6781.390000
6781.390000
6781.390000
6781.390000
6781.390000
6781.390000
6781.390000
6781.390000
6781.390000
6781.390000
6781.390000
6781.390000
6781.390000
6781.390000
6781.390000
6781.390000
6781.390000
6781.390000
6781.390000
6781.390000
1255.183487
2386.992202
0.000000
0.000000
0.000000
0.000000
3906.530637
5846.252344
6781.390000
6781.390000
6781.390000
6781.390000
6781.390000
6781.390000
6781.390000
6781.390000
6781.390000
6781.390000
6781.390000
6781.390000
6781.390000
6781.390000
6781.390000
6781.390000
6781.390000
6781.390000
6781.390000
6781.390000
6781.390000
6781.390000
6781.390000
6781.390000
6781.390000
6781.390000
6781.390000
6781.390000
6781.390000
6781.390000
6781.390000
6781.390000
6781.390000
6781.390000
6781.390000
6781.390000
6781.390000
6781.390000
6781.390000
6781.390000
0.000000
0.000000
0.000000
0.000000
0.000000
0.000000
0.000000
0.000000
0.000000
0.000000
0.000000
0.000000
0.000000
0.000000
0.000000
0.000000
5022.133493
6781.390000
6781.390000
6781.390000
6781.390000
6781.390000
6781.390000
6781.390000
6781.390000
6781.390000
6781.390000
6781.390000
6781.390000
6781.390000
6781.390000
6781.390000
6781.390000
6781.390000
6781.390000
6781.390000
6781.390000
6781.390000
6781.390000
6781.390000
6781.390000
6781.390000
6781.390000
6781.390000
6781.390000
6781.390000
6781.390000
6781.390000
6781.390000
6781.390000
6781.390000
6781.390000
6781.390000
6781.390000
6781.390000
6781.390000
6781.390000
6781.390000
6781.390000
6781.390000
6781.390000
6781.390000
6781.390000
6781.390000
6781.390000
6781.390000
6781.390000
6781.390000
6781.390000
6781.390000
6781.390000
6781.390000
6781.390000
6781.390000
6781.390000
6781.390000
6781.390000
6781.390000
6781.390000
6781.390000
6781.390000
6781.390000
6781.390000
6781.390000
6781.390000
6781.390000
6781.390000
6781.390000
6781.390000
6781.390000
6781.390000
6781.390000
6781.390000
6781.390000
6781.390000
6781.390000
6781.390000
6781.390000
6781.390000
6781.390000
1247.864398
3540.567982
6781.390000
6781.390000
6781.390000
6781.390000
6781.390000
6781.390000
6781.390000
6781.390000
6781.390000
6781.390000
6781.390000
6781.390000
6781.390000
6781.390000
6781.390000
6781.390000
6781.390000
6781.390000
6781.390000
6781.390000
6781.390000
6781.390000
6781.390000
6781.390000
6781.390000
6781.390000
6781.390000
6781.390000
6781.390000
6781.390000
6781.390000
6781.390000
6781.390000
6781.390000
6781.390000
6781.390000
6781.390000
6781.390000
6781.390000
6781.390000
6781.390000
6781.390000
2407.780957
5457.028373
0.000000
2236.239829
796.331449
0.000000
0.000000
0.000000
5196.461009
5363.705325
6781.390000
6781.390000
6781.390000
6781.390000
6781.390000
6781.390000
6781.390000
6781.390000
6781.390000
6781.390000
6781.390000
6781.390000
6781.390000
6781.390000
6781.390000
6781.390000
6781.390000
6781.390000
6781.390000
6781.390000
6781.390000
6781.390000
6781.390000
6781.390000
6781.390000
6781.390000
6781.390000
6781.390000
6781.390000
6781.390000
6781.390000
6781.390000
6781.390000
6781.390000
6781.390000
6781.390000
6781.390000
6781.390000
0.000000
0.000000
0.000000
0.000000
0.000000
0.000000
0.000000
0.000000
0.000000
0.000000
0.000000
0.000000
0.000000
0.000000
6781.390000
6781.390000
6781.390000
6781.390000
6781.390000
6781.390000
6781.390000
6781.390000
6781.390000
6781.390000
6781.390000
6781.390000
6781.390000
6781.390000
6781.390000
6781.390000
6781.390000
6781.390000
6781.390000
6781.390000
6781.390000
6781.390000
6781.390000
6781.390000
6781.390000
6781.390000
6781.390000
6781.390000
6781.390000
6781.390000
6781.390000
6781.390000
6781.390000
6781.390000
6781.390000
6781.390000
6781.390000
6781.390000
6781.390000
6781.390000
6781.390000
6781.390000
6781.390000
6781.390000
6781.390000
6781.390000
6781.390000
6781.390000
6781.390000
6781.390000
6781.390000
6781.390000
6781.390000
6781.390000
6781.390000
6781.390000
6781.390000
6781.390000
6781.390000
6781.390000
6781.390000
6781.390000
6781.390000
6781.390000
6781.390000
6781.390000
6781.390000
6781.390000
6781.390000
6781.390000
6781.390000
6781.390000
6781.390000
6781.390000
6781.390000
6781.390000
6781.390000
6781.390000
6781.390000
6781.390000
6781.390000
6781.390000
6781.390000
6781.390000
4842.659127
6283.199601
415.917296
2690.360600
4488.777788
6607.223780
6781.390000
6781.390000
6781.390000
6781.390000
6781.390000
6781.390000
6781.390000
6781.390000
6781.390000
6781.390000
6781.390000
6781.390000
6781.390000
6781.390000
6781.390000
6781.390000
6781.390000
6781.390000
6781.390000
6781.390000
6781.390000
6781.390000
6781.390000
6781.390000
6781.390000
6781.390000
6781.390000
6781.390000
6781.390000
6781.390000
6781.390000
6781.390000
6781.390000
6781.390000
6781.390000
6781.390000
6781.390000
6781.390000
6781.390000
6781.390000
6781.390000
6781.390000
3082.386166
4392.713087
0.000000
749.513701
6540.362349
6781.390000
6781.390000
6781.390000
6781.390000
6781.390000
6781.390000
6781.390000
4292.958265
5066.640211
3529.758823
0.000000
0.000000
3242.537614
0.000000
0.000000
0.000000
0.000000
6781.390000
6052.153639
6781.390000
6781.390000
6781.390000
3255.121438
114.892528
337.518940
2989.780573
2679.668509
6781.390000
6781.390000
6781.390000
6781.390000
2260.292565
1817.345586
324.214419
390.586027
6781.390000
6781.390000
6781.390000
6781.390000
0.000000
0.000000
0.000000
0.000000
0.000000
0.000000
0.000000
0.000000
0.000000
0.000000
0.000000
0.000000
0.000000
0.000000
0.000000
0.000000
0.000000
0.000000
0.000000
0.000000
0.000000
0.000000
6781.390000
6781.390000
6781.390000
6781.390000
6781.390000
6781.390000
6781.390000
6781.390000
6781.390000
6781.390000
6781.390000
6781.390000
6781.390000
6781.390000
6781.390000
6781.390000
6781.390000
6781.390000
6781.390000
6781.390000
6781.390000
6781.390000
6781.390000
6781.390000
6781.390000
6781.390000
6781.390000
6781.390000
6781.390000
6781.390000
6781.390000
2819.072580
0.000000
0.000000
0.000000
0.000000
0.000000
0.000000
0.000000
0.000000
0.000000
0.000000
0.000000
0.000000
0.000000
0.000000
0.000000
0.000000
596.117269
2225.093150
6781.390000
6781.390000
6781.390000
6781.390000
6781.390000
6781.390000
6781.390000
6781.390000
6781.390000
6781.390000
6781.390000
6781.390000
6781.390000
6781.390000
6781.390000
6781.390000
6781.390000
6781.390000
6781.390000
6781.390000
6781.390000
6781.390000
6781.390000
6781.390000
6781.390000
6781.390000
0.000000
525.296409
0.000000
0.000000
0.000000
0.000000
0.000000
0.000000
0.000000
0.000000
0.000000
0.000000
0.000000
0.000000
0.000000
0.000000
0.000000
6781.390000
6781.390000
6781.390000
6781.390000
6781.390000
6781.390000
6781.390000
6781.390000
6781.390000
6781.390000
6781.390000
6781.390000
6781.390000
6781.390000
6781.390000
6781.390000
6781.390000
6781.390000
6781.390000
6781.390000
6781.390000
6781.390000
6781.390000
6781.390000
6781.390000
6781.390000
6781.390000
6781.390000
6781.390000
6781.390000
6781.390000
6781.390000
6781.390000
6781.390000
6781.390000
6781.390000
6781.390000
6781.390000
6781.390000
6781.390000
6781.390000
6781.390000
6781.390000
6781.390000
6781.390000
6781.390000
6781.390000
6781.390000
6781.390000
6781.390000
6781.390000
6781.390000
6781.390000
6781.390000
6781.390000
6781.390000
6781.390000
6781.390000
6781.390000
6781.390000
6781.390000
6781.390000
6781.390000
6781.390000
6781.390000
6781.390000
6781.390000
6781.390000
6781.390000
6781.390000
6781.390000
6781.390000
6781.390000
6781.390000
6781.390000
6781.390000
6781.390000
6781.390000
6781.390000
6781.390000
6781.390000
6781.390000
6781.390000
6781.390000
6781.390000
6781.390000
6781.390000
6781.390000
6781.390000
6781.390000
6781.390000
6781.390000
6781.390000
6781.390000
6781.390000
6781.390000
6781.390000
6781.390000
6781.390000
6781.390000
6781.390000
6781.390000
6781.390000
6781.390000
6781.390000
6781.390000
6781.390000
6781.390000
6781.390000
6781.390000
6781.390000
6781.390000
6781.390000
6781.390000
6781.390000
6781.390000
6781.390000
6781.390000
6781.390000
6781.390000
6781.390000
6781.390000
6781.390000
6781.390000
6781.390000
6781.390000
6781.390000
2962.491177
3929.024789
0.000000
0.000000
0.000000
0.000000
0.000000
0.000000
0.000000
0.000000
0.000000
0.000000
0.000000
0.000000
0.000000
0.000000
0.000000
6781.390000
5337.537699
6781.390000
6781.390000
6781.390000
6781.390000
6781.390000
6781.390000
6781.390000
6781.390000
6781.390000
6781.390000
6781.390000
6781.390000
6781.390000
6781.390000
6781.390000
6781.390000
6781.390000
6781.390000
6781.390000
6781.390000
6781.390000
6781.390000
6781.390000
6781.390000
6781.390000
6781.390000
6781.390000
6781.390000
6781.390000
6781.390000
6781.390000
3100.296293
4428.387147
0.000000
787.408252
6578.284328
6781.390000
6781.390000
6781.390000
6781.390000
6781.390000
6781.390000
6781.390000
4329.248117
5103.049281
3567.373603
0.000000
0.000000
3279.108744
6308.718334
6781.390000
6781.390000
6781.390000
6781.390000
6781.390000
6781.390000
6781.390000
6781.390000
6781.390000
6781.390000
6781.390000
6781.390000
6781.390000
6781.390000
6781.390000
6781.390000
6781.390000
6781.390000
6781.390000
6781.390000
6781.390000
6781.390000
6781.390000
6781.390000
6781.390000
6781.390000
6781.390000
6781.390000
6781.390000
5980.243343
6781.390000
2801.596891
1177.599515
0.000000
0.000000
0.000000
0.000000
0.000000
0.000000
0.000000
0.000000
1714.177587
3535.200776
6781.390000
6781.390000
6781.390000
6781.390000
6781.390000
6781.390000
6781.390000
6781.390000
6781.390000
6781.390000
6781.390000
6781.390000
6781.390000
6781.390000
6781.390000
6781.390000
6781.390000
6781.390000
6781.390000
6781.390000
6781.390000
6781.390000
6781.390000
6781.390000
6781.390000
6781.390000
6781.390000
6781.390000
6781.390000
6781.390000
6781.390000
6781.390000
6781.390000
6781.390000
6781.390000
6781.390000
6781.390000
6781.390000
6781.390000
6781.390000
6781.390000
6781.390000
6781.390000
6781.390000
6781.390000
6781.390000
6781.390000
6781.390000
6781.390000
3410.121600
6781.390000
6781.390000
6781.390000
6781.390000
6781.390000
6781.390000
6781.390000
6781.390000
6781.390000
6781.390000
6781.390000
6781.390000
6781.390000
6781.390000
6781.390000
6781.390000
6781.390000
6781.390000
6781.390000
6781.390000
6781.390000
6781.390000
6781.390000
6781.390000
6781.390000
6781.390000
6781.390000
6781.390000
6781.390000
6781.390000
6781.390000
6781.390000
0.000000
0.000000
0.000000
0.000000
0.000000
0.000000
0.000000
0.000000
0.000000
0.000000
0.000000
0.000000
0.000000
0.000000
0.000000
6781.390000
6781.390000
6781.390000
6781.390000
6781.390000
6781.390000
6781.390000
6781.390000
6781.390000
6781.390000
6781.390000
6781.390000
6781.390000
6781.390000
6781.390000
6781.390000
6781.390000
6781.390000
6781.390000
6781.390000
6781.390000
6781.390000
6781.390000
6781.390000
6781.390000
6781.390000
6781.390000
6781.390000
6781.390000
6781.390000
6781.390000
6781.390000
6781.390000
6781.390000
6781.390000
6781.390000
6781.390000
641.000800
0.000000
2921.725929
3320.314725
3613.288332
4302.483173
6781.390000
6781.390000
6781.390000
6781.390000
6781.390000
6781.390000
6781.390000
6781.390000
6781.390000
6781.390000
6781.390000
6781.390000
6781.390000
6781.390000
6781.390000
6781.390000
6781.390000
6781.390000
6781.390000
6781.390000
6781.390000
6781.390000
6781.390000
6781.390000
6781.390000
6781.390000
6781.390000
6781.390000
6781.390000
6781.390000
6781.390000
6781.390000
6781.390000
6781.390000
6781.390000
6781.390000
6781.390000
6781.390000
2060.539992
4580.137004
6781.390000
6781.390000
6781.390000
6781.390000
6781.390000
6781.390000
6781.390000
6781.390000
6781.390000
6781.390000
6781.390000
6781.390000
6781.390000
6781.390000
6781.390000
6781.390000
6781.390000
6781.390000
6781.390000
6781.390000
6781.390000
6781.390000
6781.390000
6781.390000
6781.390000
6781.390000
6781.390000
6781.390000
6781.390000
6781.390000
6781.390000
6781.390000
6781.390000
6781.390000
6781.390000
6781.390000
6781.390000
6781.390000
6781.390000
6781.390000
6781.390000
6781.390000
6781.390000
6781.390000
2449.389803
3313.872448
0.000000
0.000000
0.000000
0.000000
0.000000
0.000000
0.000000
1987.760009
6781.390000
6781.390000
6781.390000
6781.390000
6781.390000
6781.390000
6781.390000
6781.390000
6781.390000
6781.390000
6781.390000
6781.390000
6781.390000
6781.390000
6781.390000
6781.390000
6781.390000
6781.390000
6781.390000
6781.390000
6781.390000
6781.390000
6781.390000
6781.390000
6781.390000
6781.390000
6781.390000
6781.390000
6781.390000
6781.390000
6781.390000
6781.390000
6781.390000
6781.390000
6781.390000
6781.390000
6781.390000
6781.390000
4067.852653
4830.465176
0.000000
0.000000
0.000000
0.000000
0.000000
0.000000
6781.390000
6781.390000
6781.390000
6781.390000
6781.390000
6781.390000
6781.390000
6781.390000
6781.390000
6781.390000
6781.390000
6781.390000
6781.390000
6781.390000
6781.390000
6781.390000
6781.390000
6781.390000
6781.390000
6781.390000
6781.390000
6781.390000
6781.390000
6781.390000
6781.390000
6781.390000
6781.390000
6781.390000
6781.390000
6781.390000
6781.390000
6781.390000
6781.390000
6781.390000
6781.390000
6781.390000
6781.390000
6781.390000
6781.390000
6781.390000
6781.390000
6781.390000
1995.462329
4660.368733
1660.743773
36.270364
0.000000
0.000000
0.000000
0.000000
3410.125430
4226.928265
6781.390000
6781.390000
6781.390000
6781.390000
6781.390000
6781.390000
6781.390000
6781.390000
6781.390000
6781.390000
6781.390000
6781.390000
6781.390000
6781.390000
6781.390000
6781.390000
6781.390000
6781.390000
6781.390000
6781.390000
6781.390000
6781.390000
6781.390000
6781.390000
6781.390000
6781.390000
6781.390000
6781.390000
6781.390000
6781.390000
6781.390000
6781.390000
6781.390000
6781.390000
6781.390000
6781.390000
6781.390000
6781.390000
1497.795979
4313.966853
6246.797247
4833.327776
5409.070083
4113.053037
0.000000
0.000000
2226.057466
3302.057149
6781.390000
6781.390000
6781.390000
6781.390000
6781.390000
6781.390000
6781.390000
6781.390000
6781.390000
6781.390000
6781.390000
6781.390000
6781.390000
6781.390000
6781.390000
6781.390000
6781.390000
6781.390000
6781.390000
6781.390000
6781.390000
6781.390000
6781.390000
6781.390000
6781.390000
6781.390000
6781.390000
6781.390000
6781.390000
6781.390000
6781.390000
6781.390000
6781.390000
6781.390000
6781.390000
6781.390000
6781.390000
6781.390000
0.000000
0.000000
0.000000
0.000000
0.000000
0.000000
0.000000
0.000000
0.000000
0.000000
4974.694856
5871.334510
6781.390000
6781.390000
6781.390000
6781.390000
6781.390000
6781.390000
6781.390000
6781.390000
6781.390000
6781.390000
6781.390000
6781.390000
6781.390000
6781.390000
6781.390000
6781.390000
6781.390000
6781.390000
6781.390000
6781.390000
6781.390000
6781.390000
6781.390000
6781.390000
6781.390000
6781.390000
6781.390000
6781.390000
6781.390000
6781.390000
6781.390000
6781.390000
6781.390000
6781.390000
6781.390000
6781.390000
3920.934107
6781.390000
6206.438454
4877.519724
1096.527277
0.000000
3041.899417
3718.989973
6484.897732
6781.390000
6781.390000
6781.390000
6781.390000
6781.390000
6781.390000
6781.390000
6781.390000
6781.390000
6781.390000
6781.390000
6781.390000
6781.390000
6781.390000
6781.390000
6781.390000
6781.390000
6781.390000
6781.390000
6781.390000
6781.390000
6781.390000
6781.390000
6781.390000
6781.390000
6781.390000
6781.390000
6781.390000
6781.390000
6781.390000
6781.390000
6781.390000
6781.390000
6781.390000
6781.390000
6781.390000
6781.390000
6781.390000
6781.390000
0.000000
2453.724509
0.000000
0.000000
0.000000
0.000000
0.000000
0.000000
0.000000
0.000000
3646.197677
4388.359257
5639.666269
6781.390000
6781.390000
6781.390000
6781.390000
6781.390000
6781.390000
6781.390000
6781.390000
6781.390000
6781.390000
6781.390000
6781.390000
6781.390000
6781.390000
6781.390000
6781.390000
6781.390000
6781.390000
6781.390000
6781.390000
6781.390000
6781.390000
6781.390000
6781.390000
6781.390000
6781.390000
6781.390000
6781.390000
6781.390000
6781.390000
6781.390000
6781.390000
6781.390000
6781.390000
6781.390000
0.000000
0.000000
0.000000
2441.381202
6781.390000
6781.390000
6781.390000
6781.390000
6781.390000
6781.390000
6781.390000
6781.390000
6781.390000
6781.390000
6781.390000
6781.390000
6781.390000
6781.390000
6781.390000
6781.390000
6781.390000
6781.390000
6781.390000
6781.390000
6781.390000
6781.390000
6781.390000
6781.390000
6781.390000
6781.390000
6781.390000
6781.390000
6781.390000
6781.390000
6781.390000
6781.390000
6781.390000
6781.390000
6781.390000
6781.390000
6781.390000
6781.390000
6781.390000
6781.390000
6781.390000
6781.390000
6781.390000
6781.390000
6065.415871
6781.390000
3063.477271
5398.234802
6781.390000
6781.390000
6781.390000
6781.390000
6781.390000
6781.390000
6781.390000
6781.390000
6781.390000
6781.390000
6781.390000
6781.390000
6781.390000
6781.390000
6781.390000
6781.390000
6781.390000
6781.390000
6781.390000
6781.390000
6781.390000
6781.390000
6781.390000
6781.390000
6781.390000
6781.390000
6781.390000
6781.390000
6781.390000
6781.390000
6781.390000
6781.390000
6781.390000
6781.390000
6781.390000
6781.390000
6781.390000
6781.390000
6781.390000
6781.390000
6781.390000
6781.390000
6781.390000
6781.390000
6781.390000
6781.390000
6781.390000
6781.390000
6781.390000
6781.390000
6781.390000
6781.390000
6781.390000
6781.390000
6781.390000
6781.390000
6781.390000
6781.390000
6781.390000
6781.390000
6781.390000
6781.390000
6781.390000
6781.390000
6781.390000
6781.390000
6781.390000
6781.390000
6781.390000
6781.390000
6781.390000
6781.390000
6781.390000
6781.390000
6781.390000
6781.390000
6781.390000
6781.390000
6781.390000
6781.390000
6781.390000
6781.390000
6781.390000
6781.390000
6781.390000
6781.390000
6781.390000
6781.390000
6781.390000
6781.390000
6781.390000
6781.390000
6781.390000
6781.390000
6781.390000
6781.390000
6781.390000
6781.390000
6781.390000
6781.390000
6781.390000
6781.390000
6781.390000
6781.390000
6781.390000
6781.390000
6781.390000
6781.390000
6781.390000
6781.390000
6781.390000
6781.390000
6781.390000
6781.390000
6781.390000
6781.390000
6781.390000
6781.390000
6781.390000
6781.390000
6781.390000
6781.390000
6781.390000
6781.390000
6781.390000
6781.390000
6781.390000
6781.390000
6781.390000
6781.390000
6781.390000
6781.390000
6781.390000
6781.390000
6781.390000
6781.390000
6781.390000
6781.390000
6781.390000
6781.390000
6781.390000
6781.390000
6781.390000
6781.390000
6781.390000
6781.390000
6781.390000
6781.390000
6781.390000
6781.390000
6781.390000
6781.390000
6781.390000
6781.390000
6781.390000
6781.390000
6781.390000
6781.390000
6781.390000
6781.390000
6781.390000
6781.390000
6781.390000
6781.390000
6781.390000
6781.390000
6781.390000
6781.390000
6781.390000
6781.390000
6781.390000
6781.390000
6781.390000
6781.390000
6781.390000
6781.390000
6781.390000
6781.390000
6781.390000
6781.390000
6781.390000
6781.390000
6781.390000
6781.390000
6781.390000
6781.390000
0.000000
0.000000
0.000000
0.000000
0.000000
0.000000
0.000000
0.000000
0.000000
0.000000
0.000000
0.000000
0.000000
0.000000
0.000000
0.000000
0.000000
0.000000
0.000000
0.000000
2276.701941
5535.308660
6781.390000
6781.390000
6781.390000
6781.390000
6781.390000
6781.390000
6781.390000
6781.390000
6781.390000
6781.390000
6781.390000
6781.390000
6781.390000
6781.390000
6781.390000
6781.390000
6781.390000
6781.390000
6781.390000
6781.390000
6781.390000
6781.390000
6781.390000
6781.390000
6781.390000
6781.390000
6781.390000
6781.390000
6781.390000
6781.390000
6781.390000
6781.390000
6781.390000
6781.390000
6781.390000
6781.390000
6781.390000
6781.390000
6781.390000
6781.390000
6781.390000
6781.390000
6781.390000
6781.390000
6781.390000
6781.390000
6781.390000
6781.390000
6781.390000
6781.390000
6781.390000
6781.390000
6781.390000
6781.390000
6781.390000
6781.390000
6781.390000
6781.390000
6781.390000
6781.390000
6781.390000
6781.390000
6781.390000
6781.390000
6781.390000
6781.390000
6781.390000
6781.390000
6781.390000
6781.390000
6781.390000
6781.390000
6781.390000
6781.390000
6781.390000
6781.390000
6781.390000
6781.390000
6781.390000
6781.390000
6781.390000
6781.390000
6781.390000
6781.390000
6781.390000
6781.390000
6781.390000
6781.390000
5549.708351
6090.475005
6781.390000
0.000000
0.000000
0.000000
3781.678584
6625.275149
6781.390000
6781.390000
6781.390000
6781.390000
6781.390000
6781.390000
6781.390000
6781.390000
6781.390000
6781.390000
6781.390000
6781.390000
6781.390000
6781.390000
6781.390000
6781.390000
6781.390000
6781.390000
6781.390000
6781.390000
6781.390000
6781.390000
6781.390000
6781.390000
6781.390000
6781.390000
4625.828313
5512.060789
0.000000
0.000000
0.000000
0.000000
0.000000
0.000000
0.000000
0.000000
0.000000
0.000000
0.000000
0.000000
0.000000
0.000000
0.000000
6781.390000
6781.390000
6781.390000
6781.390000
6781.390000
6781.390000
6781.390000
6781.390000
6781.390000
6781.390000
6781.390000
6781.390000
6781.390000
6781.390000
6781.390000
6781.390000
6781.390000
6781.390000
6781.390000
6781.390000
6781.390000
6781.390000
6781.390000
6781.390000
6781.390000
6781.390000
6781.390000
6781.390000
6781.390000
6781.390000
6781.390000
6781.390000
6781.390000
0.000000
0.000000
0.000000
0.000000
2071.507588
436.809884
0.000000
0.000000
2728.312526
3471.899262
478.107980
1199.432369
4740.055956
6536.454171
6781.390000
6781.390000
6781.390000
6781.390000
6781.390000
6781.390000
6781.390000
6781.390000
6781.390000
6781.390000
6781.390000
6781.390000
6781.390000
6781.390000
6781.390000
6781.390000
6781.390000
6781.390000
6781.390000
6781.390000
6781.390000
6781.390000
6781.390000
6781.390000
6781.390000
6781.390000
6781.390000
6781.390000
6781.390000
6781.390000
6781.390000
6781.390000
6781.390000
6781.390000
537.496775
3292.562365
0.000000
0.000000
0.000000
0.000000
0.000000
0.000000
0.000000
0.000000
0.000000
0.000000
0.000000
0.000000
4094.756184
6781.390000
6781.390000
6781.390000
6781.390000
6781.390000
6781.390000
6781.390000
6781.390000
6781.390000
6781.390000
6781.390000
6781.390000
6781.390000
6781.390000
6781.390000
6781.390000
6781.390000
6781.390000
6781.390000
6781.390000
6781.390000
6781.390000
6781.390000
6781.390000
6781.390000
6781.390000
6781.390000
6781.390000
6781.390000
6781.390000
6781.390000
3399.449174
6702.172087
0.000000
0.000000
0.000000
0.000000
0.000000
0.000000
0.000000
0.000000
0.000000
0.000000
0.000000
0.000000
0.000000
0.000000
3184.339543
6157.994440
6781.390000
6781.390000
6781.390000
6781.390000
6781.390000
6781.390000
6781.390000
6781.390000
6781.390000
6781.390000
6781.390000
6781.390000
6781.390000
6781.390000
6781.390000
6781.390000
6781.390000
6781.390000
6781.390000
6781.390000
6781.390000
6781.390000
6781.390000
6781.390000
6781.390000
6781.390000
6781.390000
6781.390000
6781.390000
6781.390000
6781.390000
6781.390000
0.000000
0.000000
0.000000
0.000000
0.000000
0.000000
0.000000
0.000000
0.000000
0.000000
0.000000
0.000000
1024.531765
3142.229579
565.747539
2273.904642
6781.390000
6781.390000
6781.390000
6781.390000
6781.390000
6781.390000
6781.390000
6781.390000
6781.390000
6781.390000
6781.390000
6781.390000
6781.390000
6781.390000
6781.390000
6781.390000
6781.390000
6781.390000
6781.390000
6781.390000
6781.390000
6781.390000
6781.390000
6781.390000
6781.390000
6781.390000
6781.390000
6781.390000
6781.390000
6781.390000
6781.390000
6781.390000
6781.390000
6781.390000
6781.390000
5171.109577
0.000000
0.000000
0.000000
0.000000
0.000000
1001.013262
545.088440
1178.852533
1390.991510
3439.214116
6781.390000
6781.390000
6781.390000
6781.390000
6781.390000
6781.390000
6781.390000
6781.390000
6781.390000
6781.390000
6781.390000
6781.390000
6781.390000
6781.390000
6781.390000
6781.390000
6781.390000
6781.390000
6781.390000
6781.390000
6781.390000
6781.390000
6781.390000
6781.390000
6781.390000
6781.390000
6781.390000
6781.390000
6781.390000
6781.390000
6781.390000
6781.390000
6781.390000
6781.390000
0.000000
0.000000
0.000000
0.000000
0.000000
0.000000
0.000000
0.000000
0.000000
0.000000
0.000000
0.000000
0.000000
0.000000
0.000000
0.000000
0.000000
1495.531826
5401.257027
6781.390000
6781.390000
6781.390000
6781.390000
6781.390000
6781.390000
6781.390000
6781.390000
6781.390000
6781.390000
6781.390000
6781.390000
6781.390000
6781.390000
6781.390000
6781.390000
6781.390000
6781.390000
6781.390000
6781.390000
6781.390000
6781.390000
6781.390000
6781.390000
6781.390000
6781.390000
6781.390000
6781.390000
6781.390000
0.000000
0.000000
0.000000
0.000000
0.000000
0.000000
0.000000
0.000000
0.000000
0.000000
1437.885036
1267.089720
0.000000
0.000000
0.000000
1034.289517
6781.390000
6781.390000
6781.390000
6781.390000
6781.390000
6781.390000
6781.390000
6781.390000
6781.390000
6781.390000
6781.390000
6781.390000
6781.390000
6781.390000
6781.390000
6781.390000
6781.390000
6781.390000
6781.390000
6781.390000
6781.390000
6781.390000
6781.390000
6781.390000
6781.390000
6781.390000
6781.390000
6781.390000
6781.390000
6781.390000
6781.390000
6781.390000
0.000000
0.000000
0.000000
0.000000
2110.316264
461.944807
0.000000
0.000000
2754.138179
3500.585214
507.343565
1235.479968
4777.750223
6582.183839
6781.390000
6781.390000
6781.390000
6781.390000
6781.390000
6781.390000
6781.390000
6781.390000
6781.390000
6781.390000
6781.390000
6781.390000
6781.390000
6781.390000
6781.390000
6781.390000
6781.390000
6781.390000
6781.390000
6781.390000
6781.390000
6781.390000
6781.390000
6781.390000
6781.390000
6781.390000
6781.390000
6781.390000
6781.390000
6781.390000
6781.390000
6781.390000
6781.390000
6781.390000
5550.033645
6781.390000
0.000000
0.000000
0.000000
0.000000
0.000000
0.000000
0.000000
0.000000
0.000000
0.000000
6781.390000
6781.390000
5274.815743
6212.717481
6781.390000
6781.390000
6781.390000
6781.390000
6781.390000
6781.390000
6781.390000
6781.390000
6781.390000
6781.390000
6781.390000
6781.390000
6781.390000
6781.390000
6781.390000
6781.390000
6781.390000
6781.390000
6781.390000
6781.390000
6781.390000
6781.390000
6781.390000
6781.390000
6781.390000
6781.390000
6781.390000
6781.390000
6781.390000
6781.390000
6781.390000
6781.390000
0.000000
0.000000
0.000000
0.000000
0.000000
0.000000
0.000000
0.000000
3722.769106
4479.476142
5240.871867
5975.169991
6781.390000
6781.390000
6781.390000
6781.390000
6781.390000
6781.390000
6781.390000
6781.390000
6781.390000
6781.390000
6781.390000
6781.390000
6781.390000
6781.390000
6781.390000
6781.390000
6781.390000
6781.390000
6781.390000
6781.390000
6781.390000
6781.390000
6781.390000
6781.390000
6781.390000
6781.390000
6781.390000
6781.390000
6781.390000
6781.390000
6781.390000
6781.390000
6781.390000
6781.390000
6781.390000
6781.390000
6781.390000
6781.390000
6781.390000
6781.390000
6781.390000
6781.390000
6781.390000
6781.390000
6781.390000
6781.390000
6781.390000
6781.390000
6781.390000
6781.390000
6781.390000
6781.390000
6781.390000
6781.390000
6781.390000
6781.390000
6781.390000
6781.390000
6781.390000
6781.390000
6781.390000
6781.390000
6781.390000
6781.390000
6781.390000
6781.390000
6781.390000
6781.390000
6781.390000
6781.390000
6781.390000
6781.390000
6781.390000
6781.390000
6781.390000
6781.390000
6781.390000
6781.390000
6781.390000
6781.390000
6781.390000
6781.390000
6781.390000
6781.390000
6781.390000
6781.390000
6781.390000
6781.390000
0.000000
0.000000
0.000000
0.000000
6034.453889
6781.390000
6781.390000
6781.390000
6781.390000
6781.390000
6781.390000
6781.390000
6781.390000
6781.390000
6781.390000
6781.390000
6781.390000
6781.390000
6781.390000
6781.390000
6781.390000
6781.390000
6781.390000
6781.390000
6781.390000
6781.390000
6781.390000
6781.390000
6781.390000
6781.390000
6781.390000
6781.390000
6781.390000
6781.390000
6781.390000
6781.390000
6781.390000
6781.390000
6781.390000
6781.390000
6781.390000
6781.390000
6781.390000
6781.390000
0.000000
0.000000
0.000000
0.000000
0.000000
0.000000
0.000000
0.000000
0.000000
0.000000
0.000000
0.000000
137.805485
1149.817303
5983.056278
6781.390000
6781.390000
6781.390000
6781.390000
6781.390000
6781.390000
6781.390000
6781.390000
6781.390000
6781.390000
6781.390000
6781.390000
6781.390000
6781.390000
6781.390000
6781.390000
6781.390000
6781.390000
6781.390000
6781.390000
6781.390000
6781.390000
6781.390000
6781.390000
6781.390000
6781.390000
6781.390000
6781.390000
6781.390000
6781.390000
6781.390000
2754.120111
3677.524878
0.000000
0.000000
0.000000
0.000000
0.000000
0.000000
0.000000
0.000000
0.000000
0.000000
536.739804
0.000000
6574.809666
6781.390000
6781.390000
6735.413738
4714.357710
6781.390000
6781.390000
6781.390000
6781.390000
6781.390000
6781.390000
6781.390000
6781.390000
6781.390000
6781.390000
6781.390000
6781.390000
6781.390000
6781.390000
6781.390000
6781.390000
6781.390000
6781.390000
6781.390000
6781.390000
6781.390000
6781.390000
6781.390000
6781.390000
6781.390000
6781.390000
6781.390000
6781.390000
6781.390000
6781.390000
6781.390000
6781.390000
6781.390000
6781.390000
6781.390000
6781.390000
6781.390000
6781.390000
6781.390000
6781.390000
6781.390000
6781.390000
6781.390000
6781.390000
6781.390000
6781.390000
6781.390000
6781.390000
6781.390000
6781.390000
6781.390000
6781.390000
6781.390000
6781.390000
6781.390000
6781.390000
6781.390000
6781.390000
6781.390000
6781.390000
6781.390000
6781.390000
6781.390000
6781.390000
6781.390000
6781.390000
6781.390000
6781.390000
6781.390000
6781.390000
6781.390000
6781.390000
6781.390000
6781.390000
6781.390000
6781.390000
6781.390000
6781.390000
6781.390000
6781.390000
6781.390000
6781.390000
6781.390000
6781.390000
6781.390000
6781.390000
6781.390000
6781.390000
6781.390000
6781.390000
6781.390000
6781.390000
6781.390000
6781.390000
6781.390000
6781.390000
6781.390000
6781.390000
6781.390000
6781.390000
6781.390000
6781.390000
6781.390000
6781.390000
6781.390000
6781.390000
6781.390000
6781.390000
6781.390000
6781.390000
6781.390000
6781.390000
6781.390000
6781.390000
6781.390000
6781.390000
6781.390000
6781.390000
6781.390000
6781.390000
6781.390000
6781.390000
6781.390000
6781.390000
6781.390000
6781.390000
6781.390000
6781.390000
6781.390000
6781.390000
6781.390000
6781.390000
6781.390000
6781.390000
6781.390000
6781.390000
6781.390000
6781.390000
6781.390000
6781.390000
6781.390000
6781.390000
6781.390000
6781.390000
6781.390000
6781.390000
6781.390000
6781.390000
6781.390000
6781.390000
6781.390000
6781.390000
6781.390000
6781.390000
6781.390000
6781.390000
6781.390000
6781.390000
6781.390000
6781.390000
6781.390000
6781.390000
6781.390000
6781.390000
6781.390000
6781.390000
6781.390000
6781.390000
6781.390000
6781.390000
6781.390000
6781.390000
6781.390000
6781.390000
6781.390000
6781.390000
6781.390000
6781.390000
6781.390000
6781.390000
6781.390000
6781.390000
6781.390000
6781.390000
6781.390000
6781.390000
6781.390000
6781.390000
6781.390000
6781.390000
6781.390000
6781.390000
6781.390000
6781.390000
6781.390000
6781.390000
6781.390000
6781.390000
6781.390000
6781.390000
6781.390000
6781.390000
6781.390000
6781.390000
6781.390000
6781.390000
6781.390000
6781.390000
6781.390000
6781.390000
6781.390000
6781.390000
6781.390000
6781.390000
6781.390000
6781.390000
6781.390000
6781.390000
6781.390000
6781.390000
6781.390000
6781.390000
6781.390000
6781.390000
6781.390000
6781.390000
6781.390000
6781.390000
6781.390000
6781.390000
6781.390000
6781.390000
6781.390000
6781.390000
6781.390000
6781.390000
6781.390000
6781.390000
6781.390000
6781.390000
6781.390000
6781.390000
6781.390000
6781.390000
6781.390000
6781.390000
6781.390000
6781.390000
6781.390000
6781.390000
6781.390000
6781.390000
6781.390000
6781.390000
6781.390000
6781.390000
6781.390000
6781.390000
6781.390000
6781.390000
6781.390000
6781.390000
6781.390000
6781.390000
6781.390000
6781.390000
6781.390000
6781.390000
6781.390000
6781.390000
6781.390000
6781.390000
6781.390000
0.000000
1683.163754
6781.390000
6781.390000
6781.390000
6781.390000
6781.390000
6781.390000
6781.390000
6781.390000
6781.390000
6781.390000
6781.390000
6781.390000
6781.390000
6781.390000
6781.390000
6781.390000
6781.390000
6781.390000
6781.390000
6781.390000
6781.390000
6781.390000
6781.390000
6781.390000
6781.390000
6781.390000
6781.390000
6781.390000
6781.390000
6781.390000
6781.390000
6781.390000
6781.390000
6781.390000
6781.390000
6781.390000
6781.390000
6781.390000
6781.390000
6781.390000
6781.390000
6781.390000
6781.390000
6781.390000
6781.390000
6781.390000
6781.390000
6781.390000
6781.390000
6781.390000
6781.390000
6781.390000
6781.390000
6781.390000
6781.390000
6781.390000
6781.390000
6781.390000
6781.390000
6781.390000
6781.390000
6781.390000
6781.390000
6781.390000
6781.390000
6781.390000
6781.390000
6781.390000
6781.390000
6781.390000
6781.390000
6781.390000
6781.390000
6781.390000
6781.390000
6781.390000
6781.390000
6781.390000
6781.390000
6781.390000
6781.390000
6781.390000
6781.390000
6781.390000
6781.390000
6781.390000
6781.390000
6781.390000
6781.390000
6781.390000
6781.390000
6781.390000
6781.390000
6781.390000
6781.390000
6781.390000
6781.390000
6781.390000
6781.390000
6781.390000
6781.390000
6781.390000
6781.390000
6781.390000
6781.390000
6781.390000
6781.390000
6781.390000
6781.390000
6781.390000
6781.390000
6781.390000
6781.390000
6781.390000
6781.390000
6781.390000
6781.390000
6781.390000
6781.390000
6781.390000
6781.390000
6781.390000
6781.390000
6781.390000
6781.390000
6781.390000
6781.390000
6781.390000
6781.390000
6781.390000
6781.390000
6781.390000
6781.390000
6781.390000
6781.390000
6781.390000
6781.390000
6781.390000
6781.390000
6781.390000
6781.390000
6781.390000
6781.390000
6781.390000
6781.390000
6781.390000
6781.390000
6781.390000
6781.390000
6781.390000
6781.390000
6781.390000
6781.390000
6781.390000
6781.390000
6781.390000
6781.390000
6781.390000
6781.390000
6781.390000
6781.390000
6781.390000
6781.390000
6781.390000
6781.390000
6781.390000
6781.390000
6781.390000
6781.390000
6781.390000
6781.390000
6781.390000
6781.390000
6781.390000
6781.390000
6781.390000
6781.390000
6781.390000
6781.390000
6781.390000
6781.390000
6781.390000
6781.390000
6781.390000
6781.390000
6781.390000
6781.390000
6781.390000
6781.390000
6781.390000
6781.390000
6781.390000
6781.390000
6781.390000
6781.390000
6781.390000
6781.390000
6781.390000
6781.390000
6781.390000
6781.390000
6781.390000
6781.390000
6781.390000
6781.390000
6781.390000
6781.390000
6781.390000
6781.390000
6781.390000
6781.390000
6781.390000
6781.390000
6781.390000
6781.390000
6781.390000
6781.390000
6781.390000
6781.390000
6781.390000
6781.390000
6781.390000
6781.390000
6781.390000
6781.390000
6781.390000
6781.390000
6781.390000
6781.390000
6781.390000
6781.390000
6781.390000
6781.390000
6781.390000
6781.390000
6781.390000
6781.390000
6781.390000
6781.390000
6781.390000
6781.390000
6781.390000
6781.390000
6781.390000
6781.390000
6781.390000
6781.390000
6781.390000
6781.390000
6781.390000
6781.390000
6781.390000
6781.390000
6781.390000
6781.390000
6781.390000
6781.390000
6781.390000
6781.390000
6781.390000
6781.390000
6781.390000
6781.390000
6781.390000
6781.390000
6781.390000
6781.390000
6781.390000
6781.390000
6781.390000
6781.390000
6781.390000
6781.390000
6781.390000
6781.390000
6781.390000
6781.390000
6781.390000
6781.390000
6781.390000
6781.390000
6781.390000
6781.390000
6781.390000
6781.390000
6781.390000
6781.390000
6781.390000
6781.390000
6781.390000
6781.390000
6781.390000
6781.390000
6781.390000
6781.390000
6781.390000
6781.390000
6781.390000
6781.390000
6781.390000
6781.390000
6781.390000
6781.390000
6781.390000
6781.390000
6781.390000
6781.390000
6781.390000
6781.390000
6781.390000
6781.390000
6781.390000
6781.390000
6781.390000
6781.390000
6781.390000
6781.390000
6781.390000
6781.390000
6781.390000
6781.390000
6781.390000
6781.390000
6781.390000
6781.390000
6781.390000
6781.390000
6781.390000
6781.390000
6781.390000
6781.390000
6781.390000
6781.390000
6781.390000
6781.390000
6781.390000
6781.390000
6781.390000
6781.390000
6781.390000
6781.390000
6781.390000
6781.390000
6781.390000
6781.390000
6781.390000
6781.390000
6781.390000
6781.390000
6781.390000
6781.390000
6781.390000
6781.390000
6781.390000
6781.390000
6781.390000
6781.390000
6781.390000
6781.390000
6781.390000
6781.390000
6781.390000
6781.390000
6781.390000
6781.390000
6781.390000
6781.390000
6781.390000
6781.390000
6781.390000
6781.390000
6781.390000
6781.390000
6781.390000
6781.390000
6781.390000
6781.390000
6781.390000
6781.390000
6781.390000
0.000000
0.000000
0.000000
0.000000
0.000000
0.000000
0.000000
0.000000
0.000000
0.000000
1221.062119
690.705433
6781.390000
6781.390000
6781.390000
6781.390000
6781.390000
6781.390000
6781.390000
6781.390000
6781.390000
6781.390000
6781.390000
6781.390000
6781.390000
6781.390000
6781.390000
6781.390000
6781.390000
6781.390000
6781.390000
6781.390000
6781.390000
6781.390000
6781.390000
6781.390000
6781.390000
6781.390000
6781.390000
6781.390000
6781.390000
6781.390000
6781.390000
6781.390000
6781.390000
6781.390000
6781.390000
6781.390000
0.000000
331.370129
0.000000
0.000000
0.000000
0.000000
0.000000
0.000000
1015.284110
1758.321670
6781.390000
6781.390000
6781.390000
6781.390000
6781.390000
6781.390000
6781.390000
6781.390000
6781.390000
6781.390000
6781.390000
6781.390000
6781.390000
6781.390000
6781.390000
6781.390000
6781.390000
6781.390000
6781.390000
6781.390000
6781.390000
6781.390000
6781.390000
6781.390000
6781.390000
6781.390000
6781.390000
6781.390000
6781.390000
6781.390000
6781.390000
6781.390000
6781.390000
6781.390000
6781.390000
6781.390000
6781.390000
6781.390000
0.000000
2047.182049
0.000000
0.000000
0.000000
0.000000
0.000000
0.000000
3657.838380
4556.074713
6781.390000
6781.390000
6781.390000
6781.390000
6781.390000
6781.390000
6781.390000
6781.390000
6781.390000
6781.390000
6781.390000
6781.390000
6781.390000
6781.390000
6781.390000
6781.390000
6781.390000
6781.390000
6781.390000
6781.390000
6781.390000
6781.390000
6781.390000
6781.390000
6781.390000
6781.390000
6781.390000
6781.390000
6781.390000
6781.390000
6781.390000
6781.390000
6781.390000
6781.390000
6781.390000
6781.390000
6781.390000
6781.390000
0.000000
0.000000
0.000000
0.000000
0.000000
0.000000
6007.132573
6324.520524
4094.522107
4901.426291
6781.390000
6781.390000
6781.390000
6781.390000
6781.390000
6781.390000
6781.390000
6781.390000
6781.390000
6781.390000
6781.390000
6781.390000
6781.390000
6781.390000
6781.390000
6781.390000
6781.390000
6781.390000
6781.390000
6781.390000
6781.390000
6781.390000
6781.390000
6781.390000
6781.390000
6781.390000
6781.390000
6781.390000
6781.390000
6781.390000
6781.390000
6781.390000
6781.390000
6781.390000
6781.390000
6781.390000
6781.390000
6781.390000
6781.390000
6781.390000
6781.390000
6781.390000
6781.390000
6781.390000
6781.390000
6781.390000
6781.390000
6781.390000
6781.390000
6781.390000
6781.390000
6781.390000
6781.390000
6781.390000
6781.390000
6781.390000
6781.390000
6781.390000
6781.390000
6781.390000
6781.390000
6781.390000
6781.390000
6781.390000
6781.390000
6781.390000
6781.390000
6781.390000
6781.390000
6781.390000
6781.390000
6781.390000
6781.390000
6781.390000
6781.390000
6781.390000
6781.390000
6781.390000
6781.390000
6781.390000
6781.390000
6781.390000
6781.390000
6781.390000
6781.390000
6781.390000
6781.390000
6781.390000
6781.390000
6781.390000
6781.390000
6781.390000
6781.390000
6781.390000
6781.390000
6781.390000
6781.390000
6781.390000
6781.390000
6781.390000
6781.390000
6781.390000
6781.390000
6781.390000
6781.390000
6781.390000
6781.390000
6781.390000
6781.390000
6781.390000
6781.390000
6781.390000
6781.390000
6781.390000
6781.390000
6781.390000
6781.390000
6781.390000
6781.390000
6781.390000
6781.390000
6781.390000
6781.390000
6781.390000
6781.390000
6781.390000
6781.390000
6781.390000
6781.390000
6781.390000
6781.390000
6781.390000
6781.390000
6781.390000
6781.390000
6781.390000
6781.390000
6781.390000
6781.390000
6781.390000
6781.390000
6781.390000
6781.390000
6781.390000
6781.390000
6781.390000
6781.390000
6781.390000
6781.390000
6781.390000
6781.390000
6781.390000
6781.390000
6781.390000
6781.390000
6781.390000
6781.390000
6781.390000
6781.390000
6781.390000
6781.390000
6781.390000
6781.390000
6781.390000
6781.390000
6781.390000
6781.390000
6781.390000
6781.390000
6781.390000
6781.390000
6781.390000
6781.390000
6781.390000
6781.390000
6781.390000
6781.390000
6781.390000
6781.390000
6781.390000
6781.390000
6781.390000
745.987367
2224.624608
0.000000
0.000000
0.000000
0.000000
0.000000
1663.408285
6232.216280
6160.710606
6781.390000
6781.390000
6781.390000
6781.390000
6781.390000
6781.390000
6781.390000
6781.390000
6781.390000
6781.390000
6781.390000
6781.390000
6781.390000
6781.390000
6781.390000
6781.390000
6781.390000
6781.390000
6781.390000
6781.390000
6781.390000
6781.390000
6781.390000
6781.390000
6781.390000
6781.390000
6781.390000
6781.390000
6781.390000
6781.390000
6781.390000
6781.390000
6781.390000
6781.390000
6781.390000
6781.390000
6781.390000
6781.390000
6781.390000
6781.390000
4068.876305
1971.551096
0.000000
0.000000
0.000000
0.000000
4434.272950
5247.381655
6781.390000
6781.390000
6781.390000
6781.390000
6781.390000
6781.390000
6781.390000
6781.390000
6781.390000
6781.390000
6781.390000
6781.390000
6781.390000
6781.390000
6781.390000
6781.390000
6781.390000
6781.390000
6781.390000
6781.390000
6781.390000
6781.390000
6781.390000
6781.390000
6781.390000
6781.390000
6781.390000
6781.390000
6781.390000
6781.390000
6781.390000
6781.390000
6781.390000
6781.390000
6781.390000
6781.390000
6781.390000
6781.390000
6781.390000
6781.390000
2885.873620
530.563133
0.000000
0.000000
0.000000
0.000000
0.000000
0.000000
2069.548456
2785.299810
6781.390000
6781.390000
6781.390000
6781.390000
6781.390000
6781.390000
6781.390000
6781.390000
6781.390000
6781.390000
6781.390000
6781.390000
6781.390000
6781.390000
6781.390000
6781.390000
6781.390000
6781.390000
6781.390000
6781.390000
6781.390000
6781.390000
6781.390000
6781.390000
6781.390000
6781.390000
6781.390000
6781.390000
6781.390000
6781.390000
6781.390000
6781.390000
6781.390000
6781.390000
6781.390000
6781.390000
0.000000
768.890140
0.000000
0.000000
0.000000
0.000000
0.000000
0.000000
3619.458502
4551.471237
6781.390000
6781.390000
6781.390000
6781.390000
6781.390000
6781.390000
6781.390000
6781.390000
6781.390000
6781.390000
6781.390000
6781.390000
6781.390000
6781.390000
6781.390000
6781.390000
6781.390000
6781.390000
6781.390000
6781.390000
6781.390000
6781.390000
6781.390000
6781.390000
6781.390000
6781.390000
6781.390000
6781.390000
6781.390000
6781.390000
6781.390000
6781.390000
6781.390000
6781.390000
6781.390000
6781.390000
6781.390000
6781.390000
6781.390000
6781.390000
6781.390000
6682.364698
0.000000
0.000000
0.000000
0.000000
3436.450132
4077.025628
6781.390000
6781.390000
6781.390000
6781.390000
6781.390000
6781.390000
6781.390000
6781.390000
6781.390000
6781.390000
6781.390000
6781.390000
6781.390000
6781.390000
6781.390000
6781.390000
6781.390000
6781.390000
6781.390000
6781.390000
6781.390000
6781.390000
6781.390000
6781.390000
6781.390000
6781.390000
6781.390000
6781.390000
6781.390000
6781.390000
6781.390000
6781.390000
6781.390000
6781.390000
6781.390000
6781.390000
6781.390000
6781.390000
6781.390000
6781.390000
3005.083946
790.869908
0.000000
0.000000
0.000000
0.000000
0.000000
0.000000
6781.390000
6781.390000
0.000000
1308.197891
3207.754230
6781.390000
6781.390000
6781.390000
6781.390000
6781.390000
6781.390000
6781.390000
6781.390000
6781.390000
6781.390000
6781.390000
6781.390000
6781.390000
6781.390000
6781.390000
6781.390000
6781.390000
6781.390000
6781.390000
6781.390000
6781.390000
6781.390000
6781.390000
6781.390000
6781.390000
6781.390000
6781.390000
6781.390000
6781.390000
6781.390000
6781.390000
6781.390000
6781.390000
0.000000
0.000000
0.000000
0.000000
0.000000
0.000000
0.000000
0.000000
0.000000
0.000000
6781.390000
6781.390000
6781.390000
6781.390000
6781.390000
6781.390000
6781.390000
6781.390000
6781.390000
6781.390000
6781.390000
6781.390000
6781.390000
6781.390000
6781.390000
6781.390000
6781.390000
6781.390000
6781.390000
6781.390000
6781.390000
6781.390000
6781.390000
6781.390000
6781.390000
6781.390000
6781.390000
6781.390000
6781.390000
6781.390000
6781.390000
6781.390000
6781.390000
6781.390000
6781.390000
6781.390000
6781.390000
6781.390000
0.000000
0.000000
0.000000
0.000000
0.000000
0.000000
0.000000
0.000000
0.000000
0.000000
2539.761188
2137.200979
0.000000
0.000000
3029.134237
6781.390000
6781.390000
6781.390000
6781.390000
6781.390000
6781.390000
6781.390000
6781.390000
6781.390000
6781.390000
6781.390000
6781.390000
6781.390000
6781.390000
6781.390000
6781.390000
6781.390000
6781.390000
6781.390000
6781.390000
6781.390000
6781.390000
6781.390000
6781.390000
6781.390000
6781.390000
6781.390000
6781.390000
6781.390000
6781.390000
6781.390000
6781.390000
6781.390000
0.000000
1427.628382
0.000000
0.000000
0.000000
0.000000
0.000000
0.000000
1165.487515
1617.098568
0.000000
307.015528
0.000000
1363.587906
6781.390000
2676.692714
6781.390000
6781.390000
6781.390000
6781.390000
6781.390000
6781.390000
6781.390000
6781.390000
6781.390000
6781.390000
6781.390000
6781.390000
6781.390000
6781.390000
6781.390000
6781.390000
6781.390000
6781.390000
6781.390000
6781.390000
6781.390000
6781.390000
6781.390000
6781.390000
6781.390000
6781.390000
6781.390000
6781.390000
6781.390000
6781.390000
6781.390000
6781.390000
6781.390000
6781.390000
3140.862600
1216.888602
0.000000
0.000000
0.000000
0.000000
0.000000
0.000000
88.147136
921.409176
1169.358929
2947.469404
2563.730279
6781.390000
6781.390000
6781.390000
6781.390000
6781.390000
6781.390000
6781.390000
6781.390000
6781.390000
6781.390000
6781.390000
6781.390000
6781.390000
6781.390000
6781.390000
6781.390000
6781.390000
6781.390000
6781.390000
6781.390000
6781.390000
6781.390000
6781.390000
6781.390000
6781.390000
6781.390000
6781.390000
6781.390000
6781.390000
6781.390000
6781.390000
6781.390000
6781.390000
0.000000
0.000000
0.000000
0.000000
0.000000
0.000000
0.000000
0.000000
495.379336
1117.209773
6781.390000
6781.390000
6781.390000
6781.390000
6781.390000
4293.103322
6442.556582
6781.390000
6781.390000
6781.390000
6781.390000
6781.390000
6781.390000
6781.390000
6781.390000
6781.390000
6781.390000
6781.390000
6781.390000
6781.390000
6781.390000
6781.390000
6781.390000
6781.390000
6781.390000
6781.390000
6781.390000
6781.390000
6781.390000
6781.390000
6781.390000
6781.390000
6781.390000
6781.390000
6781.390000
6781.390000
6781.390000
6781.390000
6781.390000
6781.390000
5265.592893
2939.743877
3265.208233
1310.188796
3118.432368
3123.149675
6781.390000
6781.390000
6781.390000
6781.390000
6781.390000
6781.390000
6781.390000
6781.390000
6781.390000
6781.390000
6781.390000
6781.390000
6781.390000
6781.390000
6781.390000
6781.390000
6781.390000
6781.390000
6781.390000
6781.390000
6781.390000
6781.390000
6781.390000
6781.390000
6781.390000
6781.390000
6781.390000
6781.390000
6781.390000
6781.390000
6781.390000
6781.390000
6781.390000
6781.390000
6781.390000
6781.390000
6781.390000
6781.390000
6781.390000
6781.390000
6781.390000
6781.390000
6781.390000
6781.390000
6781.390000
6781.390000
6781.390000
6781.390000
6781.390000
6781.390000
6781.390000
6781.390000
6781.390000
6781.390000
6781.390000
6781.390000
6781.390000
6781.390000
6781.390000
6781.390000
6781.390000
6781.390000
6781.390000
6781.390000
6781.390000
6781.390000
6781.390000
6781.390000
6781.390000
6781.390000
6781.390000
6781.390000
6781.390000
6781.390000
6781.390000
6781.390000
6781.390000
6781.390000
6781.390000
6781.390000
6781.390000
6781.390000
6781.390000
6781.390000
6781.390000
6781.390000
6781.390000
6781.390000
6781.390000
6781.390000
0.000000
1602.461188
354.105478
2387.787946
5559.836716
6781.390000
3530.656883
3649.820740
6781.390000
6781.390000
1185.183363
1594.750781
6781.390000
6781.390000
6781.390000
6781.390000
6781.390000
6781.390000
6781.390000
6781.390000
6781.390000
6781.390000
6781.390000
6781.390000
6781.390000
6781.390000
6781.390000
6781.390000
6781.390000
6781.390000
6781.390000
6781.390000
6781.390000
6781.390000
6781.390000
6781.390000
6781.390000
6781.390000
6781.390000
6781.390000
6781.390000
6781.390000
6781.390000
6781.390000
6781.390000
6781.390000
6781.390000
6781.390000
2586.164398
4613.464751
6781.390000
6781.390000
0.000000
700.040278
6781.390000
6781.390000
6781.390000
6781.390000
6781.390000
6781.390000
6781.390000
6781.390000
6781.390000
6781.390000
6781.390000
6781.390000
6781.390000
6781.390000
6781.390000
6781.390000
6781.390000
6781.390000
6781.390000
6781.390000
6781.390000
6781.390000
6781.390000
6781.390000
6781.390000
6781.390000
6781.390000
6781.390000
6781.390000
6781.390000
6781.390000
6781.390000
6781.390000
6781.390000
6781.390000
6781.390000
6781.390000
6781.390000
6781.390000
6781.390000
6781.390000
6781.390000
5740.412088
3528.666206
136.069330
0.000000
0.000000
139.045545
6442.734888
6781.390000
5145.115434
5792.201821
6781.390000
6781.390000
6781.390000
6439.387885
6781.390000
6781.390000
6781.390000
6781.390000
6781.390000
6781.390000
6781.390000
6781.390000
6781.390000
6781.390000
6781.390000
6781.390000
6781.390000
6781.390000
6781.390000
6781.390000
6781.390000
6781.390000
6781.390000
6781.390000
6781.390000
6781.390000
6781.390000
6781.390000
6781.390000
6781.390000
6781.390000
6781.390000
6781.390000
6781.390000
6781.390000
6781.390000
6781.390000
6781.390000
6781.390000
6781.390000
1904.308375
6.381475
0.000000
0.000000
6781.390000
6781.390000
6781.390000
6781.390000
6781.390000
6781.390000
6781.390000
6781.390000
6781.390000
6781.390000
6781.390000
6781.390000
6781.390000
6781.390000
6781.390000
6781.390000
6781.390000
6781.390000
6781.390000
6781.390000
6781.390000
6781.390000
6781.390000
6781.390000
6781.390000
6781.390000
6781.390000
6781.390000
6781.390000
6781.390000
6781.390000
6781.390000
6781.390000
6781.390000
6781.390000
6781.390000
6781.390000
6781.390000
6781.390000
6781.390000
6781.390000
6781.390000
6781.390000
5047.552106
0.000000
0.000000
0.000000
0.000000
0.000000
0.000000
6781.390000
6781.390000
6781.390000
6781.390000
6781.390000
6781.390000
6781.390000
6781.390000
6781.390000
6781.390000
6781.390000
6781.390000
6781.390000
6781.390000
6781.390000
6781.390000
6781.390000
6781.390000
6781.390000
6781.390000
6781.390000
6781.390000
6781.390000
6781.390000
6781.390000
6781.390000
6781.390000
6781.390000
6781.390000
6781.390000
6781.390000
6781.390000
6781.390000
6781.390000
6781.390000
6781.390000
6781.390000
6781.390000
6781.390000
6781.390000
6781.390000
6781.390000
6781.390000
6781.390000
6781.390000
6781.390000
6781.390000
6781.390000
6781.390000
6781.390000
6781.390000
6781.390000
6781.390000
6781.390000
6781.390000
6781.390000
6781.390000
6781.390000
6781.390000
6781.390000
6781.390000
6781.390000
6781.390000
6781.390000
6781.390000
6781.390000
6781.390000
6781.390000
6781.390000
6781.390000
6781.390000
6781.390000
6781.390000
6781.390000
6781.390000
6781.390000
6781.390000
6781.390000
6781.390000
6781.390000
6781.390000
6781.390000
6781.390000
6781.390000
6781.390000
6781.390000
6781.390000
6781.390000
6781.390000
6781.390000
0.000000
0.000000
0.000000
0.000000
2952.237821
3688.742578
6781.390000
6781.390000
6781.390000
6781.390000
6781.390000
6781.390000
6781.390000
6781.390000
6781.390000
6781.390000
6781.390000
6781.390000
6781.390000
6781.390000
6781.390000
6781.390000
6781.390000
6781.390000
6781.390000
6781.390000
6781.390000
6781.390000
6781.390000
6781.390000
6781.390000
6781.390000
6781.390000
6781.390000
6781.390000
6781.390000
6781.390000
6781.390000
6781.390000
6781.390000
6781.390000
6781.390000
6781.390000
6781.390000
0.000000
0.000000
0.000000
0.000000
0.000000
0.000000
0.000000
0.000000
3126.649583
3089.591205
6781.390000
6781.390000
6781.390000
6781.390000
6781.390000
6781.390000
6781.390000
6781.390000
6781.390000
6781.390000
6781.390000
6781.390000
6781.390000
6781.390000
6781.390000
6781.390000
6781.390000
6781.390000
6781.390000
6781.390000
6781.390000
6781.390000
6781.390000
6781.390000
6781.390000
6781.390000
6781.390000
6781.390000
6781.390000
6781.390000
6781.390000
6781.390000
6781.390000
6781.390000
6781.390000
6781.390000
6781.390000
6781.390000
6781.390000
6781.390000
2803.326359
4944.867652
4609.231850
6781.390000
1362.916586
3015.392302
6466.355729
6497.304972
6781.390000
6781.390000
6781.390000
6781.390000
6781.390000
6781.390000
6781.390000
6781.390000
6781.390000
6781.390000
6781.390000
6781.390000
6781.390000
6781.390000
6781.390000
6781.390000
6781.390000
6781.390000
6781.390000
6781.390000
6781.390000
6781.390000
6781.390000
6781.390000
6781.390000
6781.390000
6781.390000
6781.390000
6781.390000
6781.390000
6781.390000
6781.390000
6781.390000
6781.390000
6781.390000
6781.390000
6781.390000
6781.390000
6781.390000
6781.390000
6781.390000
6781.390000
6781.390000
6781.390000
6781.390000
6781.390000
6781.390000
6781.390000
6781.390000
6781.390000
6781.390000
6781.390000
6781.390000
6781.390000
6781.390000
6781.390000
6781.390000
6781.390000
6781.390000
6781.390000
6781.390000
6781.390000
6781.390000
6781.390000
6781.390000
6781.390000
6781.390000
6781.390000
6781.390000
6781.390000
6781.390000
6781.390000
6781.390000
6781.390000
6781.390000
6781.390000
6781.390000
6781.390000
6781.390000
6781.390000
6781.390000
6781.390000
6781.390000
6781.390000
6781.390000
6781.390000
6781.390000
6781.390000
6781.390000
6781.390000
6781.390000
6781.390000
6781.390000
6781.390000
6781.390000
6781.390000
6781.390000
6781.390000
6781.390000
6781.390000
6781.390000
6781.390000
6781.390000
6781.390000
6781.390000
6781.390000
6781.390000
6781.390000
6781.390000
6781.390000
6781.390000
6781.390000
6781.390000
6781.390000
6781.390000
6781.390000
6781.390000
6781.390000
6781.390000
6781.390000
6781.390000
6781.390000
6781.390000
6781.390000
6781.390000
6781.390000
6781.390000
6781.390000
6781.390000
6781.390000
6781.390000
6781.390000
6781.390000
6781.390000
6781.390000
6781.390000
6781.390000
6781.390000
6781.390000
6781.390000
6781.390000
6781.390000
6781.390000
6781.390000
6781.390000
6781.390000
6781.390000
6781.390000
6781.390000
6781.390000
6781.390000
6781.390000
6781.390000
6781.390000
6781.390000
6781.390000
6781.390000
6781.390000
6781.390000
6781.390000
6781.390000
6781.390000
6781.390000
6781.390000
6781.390000
6781.390000
6781.390000
6781.390000
6781.390000
6781.390000
6781.390000
6781.390000
6781.390000
6781.390000
6781.390000
6781.390000
6781.390000
6781.390000
6781.390000
6781.390000
6781.390000
6781.390000
6781.390000
6781.390000
6781.390000
6781.390000
6781.390000
6781.390000
6781.390000
6781.390000
6781.390000
6781.390000
6781.390000
6781.390000
6781.390000
6781.390000
6781.390000
6781.390000
6781.390000
6781.390000
6781.390000
6781.390000
6781.390000
6781.390000
6781.390000
6781.390000
6781.390000
6781.390000
6781.390000
6781.390000
6781.390000
6781.390000
6781.390000
6781.390000
6781.390000
6781.390000
6781.390000
6781.390000
6781.390000
6781.390000
6781.390000
6781.390000
6781.390000
6781.390000
6781.390000
6781.390000
6781.390000
6781.390000
6781.390000
6781.390000
6781.390000
6781.390000
6781.390000
6781.390000
6781.390000
6781.390000
6781.390000
6781.390000
6781.390000
6781.390000
6781.390000
6781.390000
6781.390000
6781.390000
6781.390000
6781.390000
6781.390000
6781.390000
6781.390000
6781.390000
6781.390000
6781.390000
6781.390000
6781.390000
6781.390000
6781.390000
6781.390000
6781.390000
6781.390000
6781.390000
6781.390000
6781.390000
6781.390000
6781.390000
6781.390000
6781.390000
6781.390000
6781.390000
6781.390000
6781.390000
6781.390000
6781.390000
6781.390000
6781.390000
6781.390000
6781.390000
6781.390000
6781.390000
6781.390000
6781.390000
6781.390000
6781.390000
6781.390000
6781.390000
6781.390000
6781.390000
6781.390000
6781.390000
6781.390000
6781.390000
6781.390000
6781.390000
6781.390000
6781.390000
6781.390000
6781.390000
6781.390000
6781.390000
6781.390000
6781.390000
6781.390000
6781.390000
6781.390000
6781.390000
6781.390000
6781.390000
6781.390000
6781.390000
6781.390000
6781.390000
6781.390000
6781.390000
6781.390000
6781.390000
6781.390000
6781.390000
6781.390000
6781.390000
6781.390000
6781.390000
6781.390000
6781.390000
6781.390000
6781.390000
6781.390000
6781.390000
6781.390000
6781.390000
6781.390000
6781.390000
6781.390000
6781.390000
6781.390000
6781.390000
6781.390000
6781.390000
6781.390000
6781.390000
6781.390000
6781.390000
6781.390000
6781.390000
6781.390000
6781.390000
6781.390000
6781.390000
6781.390000
6781.390000
6781.390000
6781.390000
6781.390000
6781.390000
6781.390000
6781.390000
6781.390000
6781.390000
6781.390000
6781.390000
6781.390000
6781.390000
6781.390000
6781.390000
6781.390000
6781.390000
6781.390000
6781.390000
6781.390000
6781.390000
6781.390000
6781.390000
6781.390000
6781.390000
6781.390000
6781.390000
6781.390000
6781.390000
6781.390000
6781.390000
6781.390000
6781.390000
6781.390000
6781.390000
6781.390000
6781.390000
6781.390000
6781.390000
6781.390000
6781.390000
6781.390000
6781.390000
6781.390000
6781.390000
6781.390000
6781.390000
6781.390000
6781.390000
6781.390000
6781.390000
6781.390000
6781.390000
6781.390000
6781.390000
6781.390000
6781.390000
6781.390000
6781.390000
6781.390000
6781.390000
6781.390000
6781.390000
6781.390000
6781.390000
6781.390000
6781.390000
6781.390000
6781.390000
6781.390000
6781.390000
6781.390000
6781.390000
6781.390000
6781.390000
6781.390000
6781.390000
6781.390000
6781.390000
6781.390000
6781.390000
6781.390000
6781.390000
6781.390000
6781.390000
6781.390000
6781.390000
6781.390000
6781.390000
6781.390000
6781.390000
6781.390000
6781.390000
6781.390000
6781.390000
6781.390000
6781.390000
6781.390000
6781.390000
6781.390000
6781.390000
6781.390000
6781.390000
6781.390000
6781.390000
6781.390000
6781.390000
6781.390000
6781.390000
6781.390000
6781.390000
6781.390000
6781.390000
6781.390000
6781.390000
6781.390000
6781.390000
6781.390000
6781.390000
6781.390000
6781.390000
6781.390000
6781.390000
6781.390000
6781.390000
6781.390000
6781.390000
6781.390000
6781.390000
6781.390000
6781.390000
6781.390000
6781.390000
6781.390000
6781.390000
6781.390000
6781.390000
6781.390000
6781.390000
6781.390000
6781.390000
6781.390000
6781.390000
6781.390000
6781.390000
6781.390000
6781.390000
6781.390000
6781.390000
6781.390000
6781.390000
6781.390000
6781.390000
6781.390000
6781.390000
6781.390000
6781.390000
6781.390000
6781.390000
6781.390000
6781.390000
6781.390000
6781.390000
6781.390000
6781.390000
6781.390000
6781.390000
6781.390000
6781.390000
6781.390000
6781.390000
6781.390000
6781.390000
6781.390000
6781.390000
6781.390000
6781.390000
6781.390000
6781.390000
6781.390000
6781.390000
6781.390000
6781.390000
6781.390000
6781.390000
6781.390000
6781.390000
6781.390000
6781.390000
6781.390000
6781.390000
6781.390000
6781.390000
6781.390000
6781.390000
6781.390000
6781.390000
6781.390000
6781.390000
6781.390000
6781.390000
6781.390000
6781.390000
6781.390000
6781.390000
6781.390000
6781.390000
6781.390000
6781.390000
6781.390000
6781.390000
6781.390000
6781.390000
6781.390000
6781.390000
6781.390000
6781.390000
6781.390000
6781.390000
6781.390000
6781.390000
1938.651502
3227.233959
675.068525
2644.287389
0.000000
1299.915615
0.000000
0.000000
0.000000
0.000000
0.000000
0.000000
0.000000
6781.390000
6781.390000
6781.390000
6781.390000
6781.390000
6781.390000
6781.390000
6781.390000
6781.390000
6781.390000
6781.390000
6781.390000
6781.390000
6781.390000
6781.390000
6781.390000
6781.390000
6781.390000
6781.390000
6781.390000
6781.390000
6781.390000
6781.390000
6781.390000
6781.390000
6781.390000
6781.390000
6781.390000
6781.390000
6781.390000
6781.390000
6781.390000
6781.390000
6781.390000
6781.390000
2688.015962
4195.841351
4369.082928
6276.105347
6781.390000
6781.390000
6781.390000
6781.390000
6781.390000
6781.390000
6781.390000
6781.390000
6781.390000
440.592460
5765.683856
5817.297005
6781.390000
6781.390000
6781.390000
6781.390000
6781.390000
6781.390000
6781.390000
6781.390000
6781.390000
6781.390000
6781.390000
6781.390000
6781.390000
6781.390000
6781.390000
6781.390000
6781.390000
6781.390000
6781.390000
6781.390000
6781.390000
6781.390000
6781.390000
6781.390000
6781.390000
6781.390000
6781.390000
6781.390000
6781.390000
6781.390000
6781.390000
6781.390000
6492.129597
6781.390000
4009.901379
6079.250752
6781.390000
6781.390000
6781.390000
6781.390000
6781.390000
6781.390000
6781.390000
6781.390000
6781.390000
6781.390000
6781.390000
6781.390000
6781.390000
6781.390000
6781.390000
6781.390000
6781.390000
6781.390000
6781.390000
6781.390000
6781.390000
6781.390000
6781.390000
6781.390000
6781.390000
6781.390000
6781.390000
6781.390000
6781.390000
6781.390000
6781.390000
6781.390000
6781.390000
6781.390000
6781.390000
6781.390000
6781.390000
6781.390000
6781.390000
6781.390000
6781.390000
6781.390000
6781.390000
6781.390000
4914.185310
6372.611898
3905.602288
5910.004291
6781.390000
6781.390000
6781.390000
6781.390000
6781.390000
6781.390000
6781.390000
6781.390000
6781.390000
6781.390000
6781.390000
6781.390000
6781.390000
6781.390000
6781.390000
6781.390000
6781.390000
6781.390000
6781.390000
6781.390000
6781.390000
6781.390000
6781.390000
6781.390000
6781.390000
6781.390000
6781.390000
6781.390000
6781.390000
6781.390000
6781.390000
6781.390000
6781.390000
6781.390000
6781.390000
6781.390000
6781.390000
6781.390000
6781.390000
6781.390000
6781.390000
6781.390000
0.000000
0.000000
3979.225713
6350.400756
6781.390000
6781.390000
6781.390000
6781.390000
6781.390000
6781.390000
6781.390000
6781.390000
6781.390000
6781.390000
6781.390000
6781.390000
6781.390000
6781.390000
6781.390000
6781.390000
6781.390000
6781.390000
6781.390000
6781.390000
6781.390000
6781.390000
6781.390000
6781.390000
6781.390000
6781.390000
6781.390000
6781.390000
6781.390000
6781.390000
6781.390000
6781.390000
6781.390000
6781.390000
6781.390000
6781.390000
6781.390000
6781.390000
6781.390000
6781.390000
6781.390000
6781.390000
6781.390000
6781.390000
6781.390000
6781.390000
6781.390000
6781.390000
6781.390000
6781.390000
6781.390000
6781.390000
6781.390000
6781.390000
6781.390000
6781.390000
6781.390000
6781.390000
6781.390000
6781.390000
6781.390000
6781.390000
6781.390000
6781.390000
6781.390000
6781.390000
6781.390000
6781.390000
6781.390000
6781.390000
6781.390000
6781.390000
6781.390000
6781.390000
6781.390000
6781.390000
6781.390000
6781.390000
6781.390000
6781.390000
6781.390000
6781.390000
6781.390000
6781.390000
6781.390000
6781.390000
6781.390000
6781.390000
6781.390000
6781.390000
6781.390000
6781.390000
6781.390000
6781.390000
6781.390000
6781.390000
6781.390000
6781.390000
6781.390000
6781.390000
6781.390000
6781.390000
6781.390000
6781.390000
6781.390000
6781.390000
6781.390000
6781.390000
6781.390000
6781.390000
6781.390000
6781.390000
6781.390000
6781.390000
6781.390000
6781.390000
6781.390000
6781.390000
6781.390000
6781.390000
6781.390000
6781.390000
6781.390000
6781.390000
6781.390000
6781.390000
6781.390000
6781.390000
6781.390000
6781.390000
6781.390000
6781.390000
6781.390000
6781.390000
6781.390000
6781.390000
6781.390000
6781.390000
6781.390000
6781.390000
6781.390000
6781.390000
6781.390000
6781.390000
6781.390000
6781.390000
6781.390000
6781.390000
6781.390000
6781.390000
6781.390000
6781.390000
6781.390000
6781.390000
6781.390000
6781.390000
6781.390000
6781.390000
6781.390000
6781.390000
6781.390000
6781.390000
6781.390000
6781.390000
6781.390000
6781.390000
6781.390000
6781.390000
6781.390000
6781.390000
6781.390000
6781.390000
6781.390000
6781.390000
6781.390000
6781.390000
6781.390000
6781.390000
6781.390000
6781.390000
6781.390000
6781.390000
6781.390000
6781.390000
6781.390000
6781.390000
6781.390000
6781.390000
6781.390000
6781.390000
1558.641946
3080.034623
3259.467921
5286.807050
0.000000
0.000000
1104.616290
3155.805511
6781.390000
6781.390000
6781.390000
6781.390000
6781.390000
6781.390000
6781.390000
6781.390000
6781.390000
6781.390000
6781.390000
6781.390000
6781.390000
6781.390000
6781.390000
6781.390000
6781.390000
6781.390000
6781.390000
6781.390000
6781.390000
6781.390000
6781.390000
6781.390000
6781.390000
6781.390000
6781.390000
6781.390000
6781.390000
6781.390000
6781.390000
6781.390000
6781.390000
6781.390000
6781.390000
6781.390000
6781.390000
6781.390000
6781.390000
6781.390000
6781.390000
6781.390000
6781.390000
6781.390000
6781.390000
6781.390000
6781.390000
6781.390000
6781.390000
6781.390000
6781.390000
6781.390000
6781.390000
6781.390000
6781.390000
6781.390000
6781.390000
6781.390000
6781.390000
6781.390000
6781.390000
6781.390000
6781.390000
6781.390000
6781.390000
6781.390000
6781.390000
6781.390000
6781.390000
6781.390000
6781.390000
6781.390000
6781.390000
6781.390000
6781.390000
6781.390000
6781.390000
6781.390000
6781.390000
6781.390000
6781.390000
6781.390000
6781.390000
6781.390000
6781.390000
6781.390000
6781.390000
6781.390000
6094.574318
6781.390000
3683.886363
35.881735
0.000000
0.000000
0.000000
0.000000
6781.390000
6781.390000
1963.521164
2280.628477
6781.390000
6781.390000
6781.390000
6781.390000
6781.390000
6781.390000
6781.390000
6781.390000
6781.390000
6781.390000
6781.390000
6781.390000
6781.390000
6781.390000
6781.390000
6781.390000
6781.390000
6781.390000
6781.390000
6781.390000
6781.390000
6781.390000
6781.390000
6781.390000
6781.390000
6781.390000
6781.390000
6781.390000
6781.390000
6781.390000
6781.390000
6781.390000
6781.390000
6781.390000
6781.390000
6781.390000
6484.424664
6781.390000
6781.390000
6781.390000
6781.390000
6781.390000
6781.390000
6781.390000
6781.390000
6781.390000
6781.390000
6781.390000
6781.390000
6781.390000
6781.390000
6781.390000
6781.390000
6781.390000
6781.390000
6781.390000
6781.390000
6781.390000
6781.390000
6781.390000
6781.390000
6781.390000
6781.390000
6781.390000
6781.390000
6781.390000
6781.390000
6781.390000
6781.390000
6781.390000
6781.390000
6781.390000
6781.390000
6781.390000
6781.390000
6781.390000
6781.390000
6781.390000
6781.390000
6781.390000
6781.390000
6781.390000
6781.390000
6781.390000
6781.390000
6781.390000
6781.390000
6781.390000
6781.390000
6781.390000
6781.390000
6781.390000
6781.390000
6781.390000
6781.390000
6781.390000
6781.390000
6781.390000
6781.390000
6781.390000
6781.390000
6781.390000
6781.390000
6781.390000
6781.390000
6781.390000
6781.390000
6781.390000
6781.390000
6781.390000
6781.390000
6781.390000
6781.390000
6781.390000
6781.390000
6781.390000
6781.390000
6781.390000
6781.390000
6781.390000
6781.390000
6781.390000
6781.390000
6781.390000
6781.390000
6781.390000
6781.390000
6781.390000
6781.390000
6781.390000
6781.390000
6781.390000
6781.390000
6781.390000
6781.390000
6781.390000
6781.390000
6781.390000
6781.390000
6781.390000
6781.390000
6781.390000
6781.390000
6781.390000
6781.390000
6781.390000
6781.390000
6781.390000
6781.390000
6781.390000
6781.390000
6781.390000
6781.390000
6781.390000
6781.390000
6781.390000
6781.390000
6781.390000
6781.390000
6781.390000
6781.390000
6781.390000
6781.390000
6781.390000
6781.390000
6781.390000
6781.390000
6781.390000
6781.390000
6781.390000
6781.390000
6781.390000
6781.390000
6781.390000
6781.390000
6781.390000
6781.390000
6781.390000
6781.390000
6781.390000
6781.390000
6781.390000
6781.390000
6781.390000
6781.390000
6656.822235
6781.390000
6781.390000
6781.390000
6781.390000
6781.390000
6781.390000
6781.390000
6781.390000
6781.390000
6781.390000
6781.390000
6781.390000
6781.390000
6781.390000
6781.390000
6781.390000
6781.390000
6781.390000
6781.390000
6781.390000
6781.390000
6781.390000
6781.390000
6781.390000
6781.390000
6781.390000
6781.390000
6781.390000
6781.390000
6781.390000
6781.390000
6781.390000
6781.390000
6781.390000
6781.390000
6781.390000
6781.390000
6781.390000
6781.390000
6781.390000
6781.390000
6781.390000
6781.390000
6781.390000
6781.390000
6781.390000
6781.390000
6781.390000
6781.390000
6781.390000
6781.390000
6781.390000
6781.390000
6781.390000
6781.390000
6781.390000
6781.390000
6781.390000
6781.390000
6781.390000
6781.390000
6781.390000
6781.390000
6781.390000
6781.390000
6781.390000
6781.390000
6781.390000
6781.390000
6781.390000
6781.390000
6781.390000
6781.390000
6781.390000
6781.390000
6781.390000
6781.390000
6781.390000
6781.390000
6781.390000
6781.390000
6781.390000
6781.390000
6781.390000
6781.390000
6781.390000
6781.390000
6781.390000
6781.390000
6781.390000
6781.390000
6781.390000
6781.390000
6781.390000
6781.390000
6781.390000
6781.390000
6781.390000
6781.390000
6781.390000
6781.390000
6781.390000
6781.390000
6781.390000
6781.390000
6781.390000
6781.390000
6781.390000
6781.390000
6781.390000
6781.390000
6781.390000
6781.390000
6781.390000
6781.390000
6781.390000
6781.390000
6781.390000
6781.390000
6781.390000
6781.390000
6781.390000
6781.390000
6781.390000
6781.390000
6781.390000
6781.390000
6781.390000
6781.390000
6781.390000
6781.390000
6781.390000
6781.390000
6781.390000
6781.390000
6781.390000
6781.390000
6781.390000
0.000000
0.000000
3816.661961
239.196945
0.000000
0.000000
0.000000
0.000000
0.000000
0.000000
0.000000
0.000000
3154.005358
6781.390000
6781.390000
6781.390000
6781.390000
6781.390000
6781.390000
6781.390000
6781.390000
6781.390000
6781.390000
6781.390000
6781.390000
6781.390000
6781.390000
6781.390000
6781.390000
6781.390000
6781.390000
6781.390000
6781.390000
6781.390000
6781.390000
6781.390000
6781.390000
6781.390000
6781.390000
6781.390000
6781.390000
6781.390000
6781.390000
6781.390000
6781.390000
6781.390000
6781.390000
6781.390000
6781.390000
6781.390000
6781.390000
6781.390000
6781.390000
6781.390000
6781.390000
6781.390000
6781.390000
6781.390000
6781.390000
6781.390000
6781.390000
6781.390000
6781.390000
6781.390000
6781.390000
6781.390000
6781.390000
6781.390000
6781.390000
6781.390000
6781.390000
6781.390000
6781.390000
6781.390000
6781.390000
6781.390000
6781.390000
6781.390000
6781.390000
6781.390000
6781.390000
6781.390000
6781.390000
6781.390000
6781.390000
6781.390000
6781.390000
6781.390000
6781.390000
6781.390000
6781.390000
6781.390000
6781.390000
6781.390000
6781.390000
6781.390000
6781.390000
6781.390000
6781.390000
6781.390000
6781.390000
6781.390000
6781.390000
6781.390000
6781.390000
6781.390000
6781.390000
6781.390000
6781.390000
6781.390000
6781.390000
6781.390000
6781.390000
6781.390000
6781.390000
6781.390000
6781.390000
6781.390000
6781.390000
6781.390000
6781.390000
6781.390000
6781.390000
6781.390000
6781.390000
6781.390000
6781.390000
6781.390000
6781.390000
6781.390000
6781.390000
6781.390000
6781.390000
6781.390000
6781.390000
6781.390000
6781.390000
6781.390000
6781.390000
6781.390000
6781.390000
6781.390000
6781.390000
6781.390000
629.053903
2532.435694
0.000000
0.000000
0.000000
0.000000
0.000000
0.000000
4234.520772
4998.601607
6781.390000
6781.390000
6781.390000
6781.390000
6781.390000
6781.390000
6781.390000
6781.390000
6781.390000
6781.390000
6781.390000
6781.390000
6781.390000
6781.390000
6781.390000
6781.390000
6781.390000
6781.390000
6781.390000
6781.390000
6781.390000
6781.390000
6781.390000
6781.390000
6781.390000
6781.390000
6781.390000
6781.390000
6781.390000
6781.390000
6781.390000
6781.390000
6781.390000
6781.390000
6781.390000
6781.390000
6781.390000
6781.390000
6781.390000
6781.390000
6781.390000
6781.390000
6781.390000
6781.390000
6781.390000
6781.390000
6781.390000
6781.390000
6781.390000
6781.390000
6781.390000
6781.390000
6781.390000
6781.390000
6781.390000
6781.390000
6781.390000
6781.390000
6781.390000
6781.390000
6781.390000
6781.390000
6781.390000
6781.390000
6781.390000
6781.390000
6781.390000
6781.390000
6781.390000
6781.390000
6781.390000
6781.390000
6781.390000
6781.390000
6781.390000
6781.390000
6781.390000
6781.390000
6781.390000
6781.390000
6781.390000
6781.390000
6781.390000
6781.390000
6781.390000
6781.390000
6781.390000
6781.390000
6781.390000
6781.390000
6781.390000
6781.390000
6781.390000
6781.390000
6781.390000
6781.390000
6781.390000
6781.390000
6781.390000
6781.390000
6781.390000
6781.390000
6781.390000
6781.390000
6781.390000
6781.390000
6781.390000
6781.390000
6781.390000
6781.390000
6781.390000
6781.390000
6781.390000
6781.390000
6781.390000
6781.390000
6781.390000
6781.390000
6781.390000
6781.390000
6781.390000
6781.390000
6781.390000
6781.390000
6781.390000
6781.390000
6781.390000
6781.390000
6781.390000
6781.390000
6781.390000
6781.390000
6781.390000
6781.390000
6781.390000
6781.390000
6781.390000
6781.390000
6781.390000
6781.390000
6781.390000
6781.390000
6781.390000
6781.390000
6781.390000
6781.390000
6781.390000
6781.390000
6781.390000
6781.390000
6781.390000
6781.390000
6781.390000
6781.390000
6781.390000
6781.390000
6781.390000
6781.390000
6781.390000
6781.390000
6781.390000
6781.390000
6781.390000
6781.390000
6781.390000
6781.390000
6781.390000
6781.390000
6781.390000
6781.390000
6781.390000
6781.390000
6781.390000
6781.390000
6781.390000
6781.390000
6781.390000
6781.390000
6781.390000
6781.390000
6781.390000
6781.390000
4374.288669
6781.390000
6781.390000
6781.390000
1081.651877
517.425546
0.000000
0.000000
0.000000
0.000000
2034.831695
2380.489508
6781.390000
6781.390000
6781.390000
6781.390000
6781.390000
6781.390000
6781.390000
6781.390000
6781.390000
6781.390000
6781.390000
6781.390000
6781.390000
6781.390000
6781.390000
6781.390000
6781.390000
6781.390000
6781.390000
6781.390000
6781.390000
6781.390000
6781.390000
6781.390000
6781.390000
6781.390000
6781.390000
6781.390000
6781.390000
6781.390000
6781.390000
6781.390000
6781.390000
6781.390000
2835.399482
6039.756175
1318.047603
3762.453734
0.000000
0.000000
0.000000
0.000000
0.000000
0.000000
5112.697325
6163.969108
6781.390000
6781.390000
6781.390000
6781.390000
6781.390000
6781.390000
6781.390000
6781.390000
6781.390000
6781.390000
6781.390000
6781.390000
6781.390000
6781.390000
6781.390000
6781.390000
6781.390000
6781.390000
6781.390000
6781.390000
6781.390000
6781.390000
6781.390000
6781.390000
6781.390000
6781.390000
6781.390000
6781.390000
6781.390000
6781.390000
6781.390000
6781.390000
6781.390000
6781.390000
6781.390000
6781.390000
6781.390000
6781.390000
6781.390000
6781.390000
6781.390000
6781.390000
6781.390000
6781.390000
6781.390000
6781.390000
6781.390000
6781.390000
6781.390000
6781.390000
6781.390000
6781.390000
6781.390000
6781.390000
6781.390000
6781.390000
6781.390000
6781.390000
6781.390000
6781.390000
6781.390000
6781.390000
6781.390000
6781.390000
6781.390000
6781.390000
6781.390000
6781.390000
6781.390000
6781.390000
6781.390000
6781.390000
6781.390000
6781.390000
6781.390000
6781.390000
6781.390000
6781.390000
6781.390000
6781.390000
6781.390000
6781.390000
6781.390000
6781.390000
6781.390000
6781.390000
6781.390000
6781.390000
6781.390000
6781.390000
6781.390000
6781.390000
6781.390000
6781.390000
6781.390000
6781.390000
6781.390000
6781.390000
6781.390000
6781.390000
6781.390000
6781.390000
6781.390000
6781.390000
6781.390000
6781.390000
6781.390000
6781.390000
6781.390000
6781.390000
6781.390000
6781.390000
6781.390000
6781.390000
6781.390000
6781.390000
6781.390000
6781.390000
6781.390000
6781.390000
6781.390000
6781.390000
6781.390000
6781.390000
6781.390000
6781.390000
6781.390000
6781.390000
6781.390000
6781.390000
6781.390000
6781.390000
6781.390000
6781.390000
6781.390000
6781.390000
6781.390000
6781.390000
6781.390000
6781.390000
6781.390000
6781.390000
6781.390000
6781.390000
6781.390000
6781.390000
6781.390000
6781.390000
6781.390000
6781.390000
6781.390000
6781.390000
6781.390000
6781.390000
6781.390000
6781.390000
6781.390000
6781.390000
6781.390000
6781.390000
6781.390000
6781.390000
6781.390000
6781.390000
6781.390000
6781.390000
6781.390000
6781.390000
6781.390000
6781.390000
6781.390000
6781.390000
6781.390000
6781.390000
6781.390000
6781.390000
6781.390000
6781.390000
6781.390000
6781.390000
6781.390000
6781.390000
5912.684520
6781.390000
4384.415956
5787.223074
0.000000
411.719762
6781.390000
6781.390000
6781.390000
6781.390000
6781.390000
6781.390000
6781.390000
6781.390000
6781.390000
6781.390000
6781.390000
6781.390000
6781.390000
6781.390000
6781.390000
6781.390000
6781.390000
6781.390000
6781.390000
6781.390000
6781.390000
6781.390000
6781.390000
6781.390000
6781.390000
6781.390000
6781.390000
6781.390000
6781.390000
6781.390000
6781.390000
6781.390000
6781.390000
6781.390000
6781.390000
6781.390000
6781.390000
6781.390000
6781.390000
6781.390000
6781.390000
6781.390000
1763.473492
3013.250280
0.000000
0.000000
5961.633281
6781.390000
6781.390000
6781.390000
6781.390000
6781.390000
6781.390000
6781.390000
6781.390000
6781.390000
6781.390000
6781.390000
6781.390000
6781.390000
6781.390000
6781.390000
6781.390000
6781.390000
6781.390000
6781.390000
6781.390000
6781.390000
6781.390000
6781.390000
6781.390000
6781.390000
6781.390000
6781.390000
6781.390000
6781.390000
6781.390000
6781.390000
6781.390000
6781.390000
6781.390000
6781.390000
6781.390000
6781.390000
6781.390000
6781.390000
6781.390000
6781.390000
6781.390000
6781.390000
4744.059679
5797.464350
2837.620172
0.000000
3304.289494
1472.675444
0.000000
0.000000
5155.019911
5800.930125
6708.150852
6781.390000
6781.390000
6781.390000
6781.390000
6781.390000
6781.390000
6781.390000
6781.390000
6781.390000
6781.390000
6781.390000
6781.390000
6781.390000
6781.390000
6781.390000
6781.390000
6781.390000
6781.390000
6781.390000
6781.390000
6781.390000
6781.390000
6781.390000
6781.390000
6781.390000
6781.390000
6781.390000
6781.390000
6781.390000
6781.390000
6781.390000
6781.390000
6781.390000
6781.390000
6781.390000
6781.390000
6781.390000
6781.390000
6781.390000
6781.390000
6781.390000
6781.390000
6781.390000
6781.390000
6781.390000
6781.390000
6781.390000
6781.390000
6781.390000
6781.390000
6781.390000
6781.390000
6781.390000
6781.390000
6781.390000
6781.390000
6781.390000
6781.390000
6781.390000
6781.390000
6781.390000
6781.390000
6781.390000
6781.390000
6781.390000
6781.390000
6781.390000
6781.390000
6781.390000
6781.390000
6781.390000
6781.390000
6781.390000
6781.390000
6781.390000
6781.390000
6781.390000
6781.390000
6781.390000
6781.390000
6781.390000
6781.390000
6781.390000
6781.390000
6781.390000
6781.390000
6781.390000
6781.390000
6781.390000
6781.390000
6781.390000
6781.390000
6781.390000
6781.390000
6781.390000
6781.390000
6781.390000
6781.390000
6781.390000
6781.390000
6781.390000
6781.390000
6781.390000
6781.390000
6781.390000
6781.390000
6781.390000
6781.390000
6781.390000
6781.390000
6781.390000
6781.390000
6781.390000
6781.390000
6781.390000
6781.390000
6781.390000
6781.390000
6781.390000
6781.390000
6781.390000
6781.390000
6781.390000
6781.390000
6781.390000
6781.390000
6781.390000
6781.390000
6781.390000
6781.390000
6781.390000
6781.390000
6781.390000
6781.390000
6781.390000
6781.390000
6781.390000
6781.390000
6781.390000
6781.390000
6781.390000
6781.390000
6781.390000
6781.390000
6781.390000
6781.390000
6781.390000
6781.390000
6781.390000
6781.390000
6781.390000
6781.390000
6781.390000
6781.390000
6781.390000
6781.390000
6781.390000
6781.390000
6781.390000
6781.390000
6781.390000
6781.390000
6781.390000
6781.390000
6781.390000
6781.390000
6781.390000
6781.390000
6781.390000
6781.390000
6781.390000
6781.390000
6781.390000
6781.390000
6781.390000
6781.390000
6781.390000
6781.390000
6781.390000
6781.390000
6781.390000
6781.390000
6781.390000
6781.390000
6781.390000
1038.589901
0.000000
0.000000
0.000000
1447.777972
2062.320282
6781.390000
6781.390000
6781.390000
6781.390000
6781.390000
6781.390000
6781.390000
6781.390000
6781.390000
6781.390000
6781.390000
6781.390000
6781.390000
6781.390000
6781.390000
6781.390000
6781.390000
6781.390000
6781.390000
6781.390000
6781.390000
6781.390000
6781.390000
6781.390000
6781.390000
6781.390000
6781.390000
6781.390000
6781.390000
6781.390000
6781.390000
6781.390000
6781.390000
6781.390000
6781.390000
6781.390000
6781.390000
6781.390000
0.000000
0.000000
2782.144546
2568.639157
0.000000
0.000000
6781.390000
6781.390000
6781.390000
6781.390000
2337.208798
2342.147866
6781.390000
6781.390000
6781.390000
6781.390000
6781.390000
6781.390000
6781.390000
6781.390000
6781.390000
6781.390000
6781.390000
6781.390000
6781.390000
6781.390000
6781.390000
6781.390000
6781.390000
6781.390000
6781.390000
6781.390000
6781.390000
6781.390000
6781.390000
6781.390000
6781.390000
6781.390000
6781.390000
6781.390000
6781.390000
6781.390000
6781.390000
6781.390000
6781.390000
6781.390000
6781.390000
6781.390000
3503.540358
4444.167889
6781.390000
6781.390000
6781.390000
6781.390000
6781.390000
6781.390000
6781.390000
6781.390000
6781.390000
6781.390000
6781.390000
6781.390000
6781.390000
6781.390000
6781.390000
6781.390000
6781.390000
6781.390000
6781.390000
6781.390000
6781.390000
6781.390000
6781.390000
6781.390000
6781.390000
6781.390000
6781.390000
6781.390000
6781.390000
6781.390000
6781.390000
6781.390000
6781.390000
6781.390000
6781.390000
6781.390000
6781.390000
6781.390000
6781.390000
6781.390000
6781.390000
6781.390000
6781.390000
6781.390000
6781.390000
6781.390000
6781.390000
6781.390000
6781.390000
6781.390000
5497.184874
3955.897732
1605.331794
2102.708093
5436.034354
6296.173500
6781.390000
6781.390000
6781.390000
6781.390000
6781.390000
6781.390000
6781.390000
6781.390000
6781.390000
6781.390000
6781.390000
6781.390000
6781.390000
6781.390000
6781.390000
6781.390000
6781.390000
6781.390000
6781.390000
6781.390000
6781.390000
6781.390000
6781.390000
6781.390000
6781.390000
6781.390000
6781.390000
6781.390000
6781.390000
6781.390000
6781.390000
6781.390000
6781.390000
6781.390000
6781.390000
6781.390000
6781.390000
6781.390000
6781.390000
6781.390000
6781.390000
1678.593702
0.000000
0.000000
0.000000
0.000000
2060.271542
2922.062791
5600.679900
6292.618202
6781.390000
6781.390000
6781.390000
6781.390000
6781.390000
6781.390000
6781.390000
6781.390000
6781.390000
6781.390000
6781.390000
6781.390000
6781.390000
6781.390000
6781.390000
6781.390000
6781.390000
6781.390000
6781.390000
6781.390000
6781.390000
6781.390000
6781.390000
6781.390000
6781.390000
6781.390000
6781.390000
6781.390000
6781.390000
6781.390000
6781.390000
6781.390000
6781.390000
6781.390000
6781.390000
6781.390000
6781.390000
6781.390000
2059.208638
0.000000
0.000000
0.000000
0.000000
0.000000
0.000000
700.529561
6781.390000
6781.390000
6781.390000
6781.390000
6781.390000
6781.390000
6781.390000
6781.390000
6781.390000
6781.390000
6781.390000
6781.390000
6781.390000
6781.390000
6781.390000
6781.390000
6781.390000
6781.390000
6781.390000
6781.390000
6781.390000
6781.390000
6781.390000
6781.390000
6781.390000
6781.390000
6781.390000
6781.390000
6781.390000
6781.390000
6781.390000
6781.390000
6781.390000
6781.390000
6781.390000
6781.390000
6781.390000
6781.390000
1248.258160
2984.209450
0.000000
0.000000
0.000000
0.000000
0.000000
0.000000
0.000000
0.000000
0.000000
0.000000
0.000000
6781.390000
6781.390000
6781.390000
6781.390000
6781.390000
6781.390000
6781.390000
6781.390000
6781.390000
6781.390000
6781.390000
6781.390000
6781.390000
6781.390000
6781.390000
6781.390000
6781.390000
6781.390000
6781.390000
6781.390000
6781.390000
6781.390000
6781.390000
6781.390000
6781.390000
6781.390000
6781.390000
6781.390000
6781.390000
6781.390000
6781.390000
6781.390000
6781.390000
6781.390000
6781.390000
0.000000
0.000000
0.000000
0.000000
0.000000
0.000000
0.000000
0.000000
0.000000
0.000000
0.000000
0.000000
4280.805907
6781.390000
6781.390000
6781.390000
6781.390000
6781.390000
6781.390000
6781.390000
6781.390000
6781.390000
6781.390000
6781.390000
6781.390000
6781.390000
6781.390000
6781.390000
6781.390000
6781.390000
6781.390000
6781.390000
6781.390000
6781.390000
6781.390000
6781.390000
6781.390000
6781.390000
6781.390000
6781.390000
6781.390000
6781.390000
6781.390000
6781.390000
6781.390000
6781.390000
4030.076188
4788.562975
0.000000
0.000000
0.000000
0.000000
0.000000
0.000000
0.000000
0.000000
0.000000
0.000000
0.000000
0.000000
0.000000
6781.390000
6781.390000
6781.390000
6781.390000
6781.390000
6781.390000
6781.390000
6781.390000
6781.390000
6781.390000
6781.390000
6781.390000
6781.390000
6781.390000
6781.390000
6781.390000
6781.390000
6781.390000
6781.390000
6781.390000
6781.390000
6781.390000
6781.390000
6781.390000
6781.390000
6781.390000
6781.390000
6781.390000
6781.390000
6781.390000
6781.390000
6781.390000
6781.390000
6781.390000
6781.390000
0.000000
0.000000
0.000000
0.000000
0.000000
0.000000
6330.180705
6781.390000
6781.390000
6781.390000
6781.390000
6781.390000
6781.390000
6781.390000
6781.390000
6781.390000
6781.390000
6781.390000
6781.390000
6781.390000
6781.390000
6781.390000
6781.390000
6781.390000
6781.390000
6781.390000
6781.390000
6781.390000
6781.390000
6781.390000
6781.390000
6781.390000
6781.390000
6781.390000
6781.390000
6781.390000
6781.390000
6781.390000
6781.390000
6781.390000
6781.390000
6781.390000
6781.390000
6781.390000
6781.390000
6781.390000
6781.390000
6781.390000
6781.390000
6781.390000
5246.207795
444.764282
87.638027
0.000000
6585.843043
6781.390000
6781.390000
6781.390000
6781.390000
6781.390000
6781.390000
6781.390000
6781.390000
6781.390000
6781.390000
6781.390000
6781.390000
6781.390000
6781.390000
6781.390000
6781.390000
6781.390000
6781.390000
6781.390000
6781.390000
6781.390000
6781.390000
6781.390000
6781.390000
6781.390000
6781.390000
6781.390000
6781.390000
6781.390000
6781.390000
6781.390000
6781.390000
6781.390000
6781.390000
6781.390000
6781.390000
6781.390000
6781.390000
6781.390000
6781.390000
6781.390000
6781.390000
6781.390000
6781.390000
6781.390000
6781.390000
6781.390000
6781.390000
6781.390000
6781.390000
6781.390000
6781.390000
6781.390000
6781.390000
6781.390000
6781.390000
6781.390000
6781.390000
6781.390000
6781.390000
6781.390000
6781.390000
6781.390000
6781.390000
6781.390000
6781.390000
6781.390000
6781.390000
6781.390000
6781.390000
6781.390000
6781.390000
6781.390000
6781.390000
6781.390000
6781.390000
6781.390000
6781.390000
6781.390000
6781.390000
6781.390000
6781.390000
6781.390000
6781.390000
6781.390000
6781.390000
6781.390000
6781.390000
6781.390000
6781.390000
6781.390000
6781.390000
6781.390000
6781.390000
6781.390000
6781.390000
6781.390000
6781.390000
6781.390000
6781.390000
6781.390000
6781.390000
6781.390000
6781.390000
6781.390000
6781.390000
6781.390000
6781.390000
6781.390000
6781.390000
6781.390000
6781.390000
6781.390000
6781.390000
6781.390000
6781.390000
6781.390000
6781.390000
6781.390000
6781.390000
6781.390000
6781.390000
6781.390000
6781.390000
6781.390000
6781.390000
6781.390000
6781.390000
6781.390000
6781.390000
6781.390000
6781.390000
6781.390000
6781.390000
6781.390000
6781.390000
6781.390000
6781.390000
6781.390000
6781.390000
6781.390000
6781.390000
6781.390000
6781.390000
6781.390000
6781.390000
6781.390000
6781.390000
6781.390000
6781.390000
6781.390000
6781.390000
6781.390000
6781.390000
6781.390000
6781.390000
6781.390000
6781.390000
6781.390000
6781.390000
6781.390000
6781.390000
6781.390000
6781.390000
6781.390000
6781.390000
6781.390000
6781.390000
6781.390000
6781.390000
6781.390000
6781.390000
6781.390000
6781.390000
6781.390000
6781.390000
6781.390000
6781.390000
6781.390000
6781.390000
6781.390000
6781.390000
6781.390000
6781.390000
6781.390000
6781.390000
6781.390000
6781.390000
6781.390000
6781.390000
6781.390000
6781.390000
6781.390000
6781.390000
6781.390000
6781.390000
6781.390000
6781.390000
6781.390000
6781.390000
6781.390000
6781.390000
6781.390000
6781.390000
6781.390000
6781.390000
6781.390000
6781.390000
6781.390000
6781.390000
6781.390000
6781.390000
6781.390000
6781.390000
6781.390000
6781.390000
6781.390000
6781.390000
6781.390000
6781.390000
6781.390000
6781.390000
6781.390000
6781.390000
6781.390000
6781.390000
6781.390000
6781.390000
6781.390000
6781.390000
6781.390000
6781.390000
6781.390000
6781.390000
6781.390000
6781.390000
6781.390000
5045.641401
6199.155924
3625.549749
5290.411526
6781.390000
6781.390000
6781.390000
6781.390000
6781.390000
6781.390000
6781.390000
6781.390000
6781.390000
6781.390000
6781.390000
6781.390000
6781.390000
6781.390000
6781.390000
6781.390000
6781.390000
6781.390000
6781.390000
6781.390000
6781.390000
6781.390000
6781.390000
6781.390000
6781.390000
6781.390000
6781.390000
6781.390000
6781.390000
6781.390000
6781.390000
6781.390000
6781.390000
6781.390000
6781.390000
6781.390000
6781.390000
6781.390000
6781.390000
6781.390000
6781.390000
6781.390000
4054.022822
5257.618583
6781.390000
6781.390000
6479.422457
6781.390000
6781.390000
6781.390000
6781.390000
6781.390000
6781.390000
6781.390000
6781.390000
6781.390000
6781.390000
6781.390000
6781.390000
6781.390000
6781.390000
6781.390000
6781.390000
6781.390000
6781.390000
6781.390000
6781.390000
6781.390000
6781.390000
6781.390000
6781.390000
6781.390000
6781.390000
6781.390000
6781.390000
6781.390000
6781.390000
6781.390000
6781.390000
6781.390000
6781.390000
6781.390000
6781.390000
6781.390000
6781.390000
6781.390000
6781.390000
6781.390000
6781.390000
6781.390000
6781.390000
6781.390000
6781.390000
6781.390000
6781.390000
6781.390000
6781.390000
6781.390000
6781.390000
6781.390000
6781.390000
6781.390000
6781.390000
6781.390000
6781.390000
6781.390000
6781.390000
6781.390000
6781.390000
6781.390000
6781.390000
6781.390000
6781.390000
6781.390000
6781.390000
6781.390000
6781.390000
6781.390000
6781.390000
6781.390000
6781.390000
6781.390000
6781.390000
6781.390000
6781.390000
6781.390000
6781.390000
6781.390000
6781.390000
6781.390000
6781.390000
6781.390000
6781.390000
6781.390000
6781.390000
6781.390000
6781.390000
6781.390000
524.550560
0.000000
0.000000
0.000000
0.000000
0.000000
0.000000
0.000000
0.000000
0.000000
0.000000
6781.390000
6781.390000
6781.390000
6781.390000
6781.390000
6781.390000
6781.390000
6781.390000
6781.390000
6781.390000
6781.390000
6781.390000
6781.390000
6781.390000
6781.390000
6781.390000
6781.390000
6781.390000
6781.390000
6781.390000
6781.390000
6781.390000
6781.390000
6781.390000
6781.390000
6781.390000
6781.390000
6781.390000
6781.390000
6781.390000
6781.390000
6781.390000
6781.390000
6781.390000
6781.390000
6781.390000
6781.390000
6781.390000
6781.390000
6781.390000
6781.390000
6781.390000
6781.390000
6781.390000
6781.390000
6781.390000
6781.390000
6781.390000
6781.390000
6781.390000
6781.390000
6781.390000
6781.390000
6781.390000
6781.390000
6781.390000
6781.390000
6781.390000
6781.390000
6781.390000
6781.390000
6781.390000
6781.390000
6781.390000
6781.390000
6781.390000
6781.390000
6781.390000
6781.390000
6781.390000
6781.390000
6781.390000
6781.390000
6781.390000
6781.390000
6781.390000
6781.390000
6781.390000
6781.390000
6781.390000
6781.390000
6781.390000
6781.390000
6781.390000
6781.390000
6781.390000
6781.390000
6781.390000
6781.390000
6781.390000
6781.390000
6781.390000
6781.390000
6781.390000
6781.390000
6781.390000
6781.390000
6781.390000
6781.390000
6781.390000
6781.390000
6781.390000
6781.390000
6781.390000
6781.390000
6781.390000
6781.390000
6781.390000
6781.390000
6781.390000
6781.390000
6781.390000
6781.390000
6781.390000
6781.390000
6781.390000
6781.390000
6781.390000
6781.390000
6781.390000
6781.390000
6781.390000
6781.390000
6781.390000
6781.390000
6781.390000
6781.390000
6781.390000
6781.390000
6781.390000
6781.390000
6781.390000
6781.390000
6781.390000
6781.390000
6781.390000
6781.390000
6781.390000
6781.390000
6781.390000
6781.390000
6781.390000
6781.390000
6781.390000
6781.390000
6781.390000
6781.390000
6781.390000
6781.390000
6781.390000
6781.390000
6781.390000
6781.390000
6781.390000
6781.390000
6781.390000
6781.390000
6781.390000
6781.390000
6781.390000
6781.390000
6781.390000
6781.390000
6781.390000
6781.390000
6781.390000
6781.390000
6781.390000
6781.390000
6781.390000
6781.390000
6781.390000
6781.390000
6781.390000
6781.390000
6781.390000
6781.390000
6781.390000
6781.390000
6781.390000
6781.390000
6781.390000
6781.390000
6781.390000
6781.390000
6781.390000
6781.390000
6781.390000
6781.390000
6781.390000
6781.390000
6781.390000
6781.390000
6781.390000
6781.390000
6781.390000
6781.390000
6781.390000
6781.390000
6781.390000
6781.390000
6781.390000
6781.390000
6781.390000
6781.390000
6781.390000
6781.390000
6781.390000
6781.390000
6781.390000
6781.390000
6781.390000
6781.390000
6781.390000
6781.390000
6781.390000
6781.390000
6781.390000
6781.390000
6781.390000
6781.390000
6781.390000
6781.390000
6781.390000
6781.390000
6781.390000
6781.390000
6781.390000
6781.390000
6781.390000
6781.390000
6781.390000
6781.390000
6781.390000
6781.390000
6781.390000
6781.390000
6781.390000
6781.390000
6781.390000
6781.390000
6781.390000
6781.390000
6781.390000
6781.390000
6781.390000
6781.390000
6781.390000
6781.390000
6781.390000
6781.390000
6781.390000
6781.390000
6781.390000
6781.390000
6781.390000
6781.390000
6781.390000
6781.390000
6781.390000
6781.390000
6781.390000
6781.390000
6781.390000
6781.390000
6781.390000
6781.390000
6781.390000
6781.390000
6781.390000
6781.390000
6781.390000
6781.390000
6781.390000
6781.390000
6781.390000
6781.390000
6781.390000
6781.390000
6781.390000
6781.390000
6781.390000
6781.390000
6781.390000
6781.390000
6781.390000
6781.390000
6781.390000
6781.390000
6781.390000
6781.390000
6781.390000
6781.390000
6781.390000
6781.390000
6781.390000
6781.390000
6781.390000
6781.390000
6781.390000
6781.390000
6781.390000
6781.390000
6781.390000
6781.390000
6781.390000
6781.390000
6781.390000
6781.390000
6781.390000
6781.390000
6781.390000
6781.390000
6781.390000
6781.390000
6781.390000
6781.390000
6781.390000
6781.390000
6781.390000
6781.390000
6781.390000
6781.390000
6781.390000
6781.390000
6781.390000
6781.390000
6781.390000
6781.390000
6781.390000
6781.390000
6781.390000
6781.390000
6781.390000
6781.390000
6781.390000
6781.390000
6781.390000
6781.390000
6781.390000
6781.390000
6781.390000
6781.390000
6781.390000
6781.390000
6781.390000
6781.390000
6781.390000
6781.390000
6781.390000
6781.390000
6781.390000
6781.390000
6781.390000
6781.390000
6781.390000
6781.390000
6781.390000
6781.390000
6781.390000
6781.390000
6781.390000
6781.390000
6781.390000
6781.390000
6781.390000
6781.390000
6781.390000
6781.390000
6781.390000
6781.390000
6781.390000
6781.390000
6781.390000
6781.390000
6781.390000
6781.390000
6781.390000
6781.390000
6781.390000
6781.390000
6781.390000
6781.390000
6781.390000
6781.390000
6781.390000
6781.390000
6781.390000
6781.390000
6781.390000
6781.390000
6781.390000
6781.390000
6781.390000
6781.390000
6781.390000
6781.390000
6781.390000
6781.390000
6781.390000
6781.390000
6781.390000
6781.390000
6781.390000
6781.390000
6781.390000
6781.390000
6781.390000
6781.390000
6781.390000
6781.390000
6781.390000
6781.390000
6781.390000
6781.390000
6781.390000
6781.390000
6781.390000
6781.390000
6781.390000
6781.390000
6781.390000
6781.390000
6781.390000
6781.390000
6781.390000
6781.390000
6781.390000
6781.390000
6781.390000
6781.390000
6781.390000
6781.390000
6781.390000
6781.390000
6781.390000
6781.390000
6781.390000
6781.390000
6781.390000
6781.390000
6781.390000
6781.390000
6781.390000
6781.390000
6781.390000
6781.390000
6781.390000
6781.390000
6781.390000
6781.390000
6781.390000
6781.390000
6781.390000
6781.390000
6781.390000
6781.390000
6781.390000
6781.390000
6781.390000
6781.390000
6781.390000
6781.390000
6781.390000
6781.390000
6781.390000
6781.390000
6781.390000
6781.390000
6781.390000
6781.390000
6781.390000
6781.390000
6781.390000
6781.390000
6781.390000
6781.390000
6781.390000
6781.390000
6781.390000
6781.390000
6781.390000
6781.390000
6781.390000
6781.390000
6781.390000
6781.390000
6781.390000
6781.390000
6781.390000
6781.390000
6781.390000
6781.390000
6781.390000
6781.390000
6781.390000
6781.390000
6781.390000
6781.390000
6781.390000
6781.390000
6781.390000
6781.390000
6781.390000
6781.390000
6781.390000
6781.390000
6781.390000
6781.390000
6781.390000
6781.390000
6781.390000
6781.390000
6781.390000
6781.390000
6781.390000
6781.390000
6781.390000
6781.390000
6781.390000
6781.390000
6781.390000
6781.390000
6781.390000
6781.390000
6781.390000
6781.390000
6781.390000
6781.390000
6781.390000
6781.390000
6781.390000
6781.390000
6781.390000
6781.390000
6781.390000
6781.390000
6781.390000
6781.390000
6781.390000
6781.390000
6781.390000
6781.390000
6781.390000
6781.390000
6781.390000
6781.390000
6781.390000
6781.390000
6781.390000
6781.390000
6781.390000
6781.390000
6781.390000
6781.390000
6781.390000
6781.390000
6781.390000
6781.390000
6781.390000
6781.390000
6781.390000
6781.390000
6781.390000
6781.390000
6781.390000
6781.390000
6781.390000
6781.390000
6781.390000
6781.390000
6781.390000
6781.390000
6781.390000
6781.390000
6781.390000
6781.390000
6781.390000
6781.390000
6781.390000
6781.390000
6781.390000
6781.390000
6781.390000
6781.390000
6781.390000
6781.390000
6781.390000
6781.390000
6781.390000
6781.390000
6781.390000
6781.390000
6781.390000
6781.390000
6781.390000
6781.390000
6781.390000
6781.390000
6781.390000
6781.390000
6781.390000
6781.390000
6781.390000
6781.390000
6781.390000
6781.390000
6781.390000
6781.390000
6781.390000
6781.390000
5365.617902
6614.886337
0.000000
0.000000
836.610400
1176.650197
1176.019325
2327.722112
3600.189851
3445.850291
1393.331772
1445.541019
6409.060815
6781.390000
6781.390000
6781.390000
6781.390000
6781.390000
6781.390000
6781.390000
6781.390000
6781.390000
6781.390000
6781.390000
6781.390000
6781.390000
6781.390000
6781.390000
6781.390000
6781.390000
6781.390000
6781.390000
6781.390000
6781.390000
6781.390000
6781.390000
6781.390000
6781.390000
6781.390000
6781.390000
6781.390000
6781.390000
6781.390000
6781.390000
6781.390000
6781.390000
6781.390000
6781.390000
6781.390000
6781.390000
2122.668828
0.000000
0.000000
0.000000
0.000000
0.000000
0.000000
0.000000
1434.209327
1966.581623
5873.664914
6781.390000
6781.390000
6781.390000
6781.390000
6781.390000
6781.390000
6781.390000
6781.390000
6781.390000
6781.390000
6781.390000
6781.390000
6781.390000
6781.390000
6781.390000
6781.390000
6781.390000
6781.390000
6781.390000
6781.390000
6781.390000
6781.390000
6781.390000
6781.390000
6781.390000
6781.390000
6781.390000
6781.390000
6781.390000
6781.390000
6781.390000
6781.390000
6781.390000
6781.390000
6781.390000
6781.390000
6781.390000
6781.390000
5351.568090
0.000000
0.000000
0.000000
0.000000
2509.516004
2899.360630
6781.390000
6781.390000
6781.390000
6781.390000
6781.390000
6781.390000
6781.390000
6781.390000
6781.390000
6781.390000
6781.390000
6781.390000
6781.390000
6781.390000
6781.390000
6781.390000
6781.390000
6781.390000
6781.390000
6781.390000
6781.390000
6781.390000
6781.390000
6781.390000
6781.390000
6781.390000
6781.390000
6781.390000
6781.390000
6781.390000
6781.390000
6781.390000
6781.390000
6781.390000
6781.390000
6781.390000
6781.390000
6781.390000
6781.390000
6781.390000
6781.390000
6781.390000
984.910139
0.000000
0.000000
0.000000
1729.391981
2453.557574
6781.390000
6781.390000
6781.390000
6781.390000
6781.390000
6781.390000
6781.390000
6781.390000
6781.390000
6781.390000
6781.390000
6781.390000
6781.390000
6781.390000
6781.390000
6781.390000
6781.390000
6781.390000
6781.390000
6781.390000
6781.390000
6781.390000
6781.390000
6781.390000
6781.390000
6781.390000
6781.390000
6781.390000
6781.390000
6781.390000
6781.390000
6781.390000
6781.390000
6781.390000
6781.390000
6781.390000
6781.390000
6781.390000
6781.390000
6781.390000
6781.390000
6781.390000
6781.390000
6781.390000
6781.390000
6781.390000
6781.390000
6781.390000
6781.390000
6781.390000
6781.390000
6781.390000
6781.390000
6781.390000
6781.390000
6781.390000
6781.390000
6781.390000
6781.390000
6781.390000
6781.390000
6781.390000
6781.390000
6781.390000
6781.390000
6781.390000
6781.390000
6781.390000
6781.390000
6781.390000
6781.390000
6781.390000
6781.390000
6781.390000
6781.390000
6781.390000
6781.390000
6781.390000
6781.390000
6781.390000
6781.390000
6781.390000
6781.390000
6781.390000
6781.390000
6781.390000
6781.390000
6781.390000
6781.390000
6781.390000
6781.390000
6781.390000
6781.390000
6781.390000
6781.390000
6781.390000
6781.390000
6781.390000
6781.390000
6781.390000
6781.390000
6781.390000
6781.390000
6781.390000
6781.390000
6781.390000
6781.390000
6781.390000
6781.390000
6781.390000
6781.390000
6781.390000
6781.390000
6781.390000
6781.390000
6781.390000
6781.390000
6781.390000
6781.390000
6781.390000
6781.390000
6781.390000
6781.390000
6781.390000
6781.390000
6781.390000
6781.390000
6781.390000
6781.390000
6781.390000
6781.390000
6781.390000
6781.390000
6781.390000
6781.390000
6781.390000
0.000000
0.000000
0.000000
0.000000
6781.390000
6781.390000
2902.560919
1886.011583
6781.390000
6781.390000
6781.390000
6781.390000
6781.390000
6781.390000
6781.390000
6781.390000
6781.390000
6781.390000
6781.390000
6781.390000
6781.390000
6781.390000
6781.390000
6781.390000
6781.390000
6781.390000
6781.390000
6781.390000
6781.390000
6781.390000
6781.390000
6781.390000
6781.390000
6781.390000
6781.390000
6781.390000
6781.390000
6781.390000
6781.390000
6781.390000
6781.390000
6781.390000
6781.390000
6781.390000
6781.390000
6781.390000
6781.390000
6781.390000
1122.149637
0.000000
695.977736
0.000000
6781.390000
6781.390000
6781.390000
6781.390000
6781.390000
6781.390000
6781.390000
6781.390000
6781.390000
6781.390000
6781.390000
6781.390000
6781.390000
6781.390000
6781.390000
6781.390000
6781.390000
6781.390000
6781.390000
6781.390000
6781.390000
6781.390000
6781.390000
6781.390000
6781.390000
6781.390000
6781.390000
6781.390000
6781.390000
6781.390000
6781.390000
6781.390000
6781.390000
6781.390000
6781.390000
6781.390000
6781.390000
6781.390000
6781.390000
6781.390000
6781.390000
6781.390000
6781.390000
6781.390000
6408.320807
804.269534
0.000000
0.000000
0.000000
0.000000
0.000000
0.000000
6781.390000
6781.390000
6781.390000
6781.390000
6781.390000
6781.390000
6781.390000
6781.390000
6781.390000
6781.390000
6781.390000
6781.390000
6781.390000
6781.390000
6781.390000
6781.390000
6781.390000
6781.390000
6781.390000
6781.390000
6781.390000
6781.390000
6781.390000
6781.390000
6781.390000
6781.390000
6781.390000
6781.390000
6781.390000
6781.390000
6781.390000
6781.390000
6781.390000
6781.390000
6781.390000
6781.390000
6781.390000
6781.390000
6781.390000
6781.390000
6781.390000
6781.390000
6781.390000
6781.390000
3188.706858
3236.003980
6781.390000
6781.390000
6781.390000
6781.390000
6781.390000
6781.390000
6781.390000
6781.390000
6781.390000
6781.390000
6781.390000
6781.390000
6781.390000
6781.390000
6781.390000
6781.390000
6781.390000
6781.390000
6781.390000
6781.390000
6781.390000
6781.390000
6781.390000
6781.390000
6781.390000
6781.390000
6781.390000
6781.390000
6781.390000
6781.390000
6781.390000
6781.390000
6781.390000
6781.390000
6781.390000
6781.390000
6781.390000
6781.390000
6781.390000
6781.390000
6781.390000
6781.390000
6781.390000
6781.390000
6781.390000
6781.390000
0.000000
0.000000
5333.750677
6130.906273
5990.829040
6624.177666
6781.390000
6781.390000
6781.390000
6781.390000
6781.390000
6781.390000
6781.390000
6781.390000
6781.390000
6781.390000
6781.390000
6781.390000
6781.390000
6781.390000
6781.390000
6781.390000
6781.390000
6781.390000
6781.390000
6781.390000
6781.390000
6781.390000
6781.390000
6781.390000
6781.390000
6781.390000
6781.390000
6781.390000
6781.390000
6781.390000
6781.390000
6781.390000
6781.390000
6781.390000
6781.390000
6781.390000
6781.390000
6781.390000
6781.390000
6781.390000
6781.390000
6781.390000
6781.390000
6781.390000
6781.390000
6781.390000
6781.390000
6781.390000
6781.390000
6781.390000
6781.390000
6781.390000
6781.390000
6781.390000
6781.390000
6781.390000
6781.390000
6781.390000
6781.390000
6781.390000
6781.390000
6781.390000
6781.390000
6781.390000
6781.390000
6781.390000
6781.390000
6781.390000
6781.390000
6781.390000
6781.390000
6781.390000
6781.390000
6781.390000
6781.390000
6781.390000
6781.390000
6781.390000
6781.390000
6781.390000
6781.390000
6781.390000
6781.390000
6781.390000
6781.390000
6781.390000
6781.390000
6781.390000
6781.390000
6781.390000
6781.390000
6781.390000
6781.390000
6781.390000
6781.390000
6781.390000
6781.390000
6781.390000
6781.390000
6781.390000
6781.390000
6781.390000
6781.390000
6781.390000
6781.390000
6781.390000
6781.390000
6781.390000
6781.390000
6781.390000
6781.390000
6781.390000
6781.390000
6781.390000
6781.390000
6781.390000
6781.390000
6781.390000
6781.390000
6781.390000
6781.390000
6781.390000
6781.390000
6781.390000
6781.390000
6781.390000
6781.390000
6781.390000
6781.390000
6781.390000
6781.390000
6781.390000
6781.390000
6781.390000
6781.390000
6781.390000
6781.390000
6781.390000
6781.390000
6781.390000
6781.390000
6781.390000
6781.390000
6781.390000
6781.390000
6781.390000
6781.390000
6781.390000
6781.390000
6781.390000
6781.390000
6781.390000
6781.390000
6781.390000
6781.390000
6781.390000
6781.390000
6781.390000
6781.390000
6781.390000
6781.390000
6781.390000
6781.390000
6781.390000
6781.390000
6781.390000
6781.390000
6781.390000
6781.390000
6781.390000
6781.390000
6781.390000
6781.390000
6781.390000
6781.390000
6781.390000
6781.390000
6781.390000
6781.390000
6781.390000
6781.390000
6781.390000
6781.390000
6781.390000
6781.390000
6781.390000
6781.390000
6781.390000
6781.390000
6781.390000
6781.390000
6781.390000
6781.390000
6781.390000
6781.390000
6781.390000
6781.390000
6781.390000
6781.390000
6781.390000
6781.390000
6781.390000
6781.390000
6781.390000
6781.390000
6781.390000
6781.390000
6781.390000
6781.390000
6781.390000
6781.390000
6781.390000
6781.390000
6781.390000
6781.390000
6781.390000
6781.390000
6781.390000
6781.390000
6781.390000
6781.390000
6781.390000
6781.390000
6781.390000
6781.390000
6781.390000
6781.390000
6781.390000
6781.390000
6781.390000
6781.390000
6781.390000
4483.409537
2555.577577
0.000000
0.000000
0.000000
0.000000
0.000000
75.421583
6550.066308
6781.390000
6781.390000
6781.390000
6781.390000
6781.390000
6781.390000
6781.390000
6781.390000
6781.390000
6781.390000
6781.390000
6781.390000
6781.390000
6781.390000
6781.390000
6781.390000
6781.390000
6781.390000
6781.390000
6781.390000
6781.390000
6781.390000
6781.390000
6781.390000
6781.390000
6781.390000
6781.390000
6781.390000
6781.390000
6781.390000
6781.390000
6781.390000
6781.390000
6781.390000
6781.390000
6781.390000
6781.390000
6781.390000
1180.900241
0.000000
0.000000
0.000000
0.000000
0.000000
0.000000
0.000000
0.000000
0.000000
0.000000
1420.021496
4764.953155
6781.390000
6781.390000
6781.390000
6781.390000
6781.390000
6781.390000
6781.390000
6781.390000
6781.390000
6781.390000
6781.390000
6781.390000
6781.390000
6781.390000
6781.390000
6781.390000
6781.390000
6781.390000
6781.390000
6781.390000
6781.390000
6781.390000
6781.390000
6781.390000
6781.390000
6781.390000
6781.390000
6781.390000
6781.390000
6781.390000
6781.390000
6781.390000
1395.331633
2686.262667
581.651847
0.000000
0.000000
0.000000
0.000000
0.000000
0.000000
0.000000
2087.825639
2789.160283
6170.894810
4226.851158
6781.390000
6781.390000
6781.390000
6781.390000
6781.390000
6781.390000
6781.390000
6781.390000
6781.390000
6781.390000
6781.390000
6781.390000
6781.390000
6781.390000
6781.390000
6781.390000
6781.390000
6781.390000
6781.390000
6781.390000
6781.390000
6781.390000
6781.390000
6781.390000
6781.390000
6781.390000
6781.390000
6781.390000
6781.390000
6781.390000
6781.390000
6781.390000
6781.390000
6781.390000
6781.390000
6781.390000
6781.390000
4862.390135
0.000000
0.000000
0.000000
0.000000
0.000000
0.000000
0.000000
0.000000
5641.064084
6781.390000
6781.390000
6781.390000
6781.390000
6781.390000
6781.390000
6781.390000
6781.390000
6781.390000
6781.390000
6781.390000
6781.390000
6781.390000
6781.390000
6781.390000
6781.390000
6781.390000
6781.390000
6781.390000
6781.390000
6781.390000
6781.390000
6781.390000
6781.390000
6781.390000
6781.390000
6781.390000
6781.390000
6781.390000
6781.390000
6781.390000
6781.390000
6781.390000
6781.390000
6781.390000
6781.390000
6781.390000
6781.390000
6781.390000
6781.390000
6781.390000
6781.390000
6781.390000
6781.390000
6781.390000
6781.390000
6781.390000
6781.390000
6781.390000
6781.390000
6781.390000
6781.390000
6781.390000
6781.390000
6781.390000
6781.390000
6781.390000
6781.390000
6781.390000
6781.390000
6781.390000
6781.390000
6781.390000
6781.390000
6781.390000
6781.390000
6781.390000
6781.390000
6781.390000
6781.390000
6781.390000
6781.390000
6781.390000
6781.390000
6781.390000
6781.390000
6781.390000
6781.390000
6781.390000
6781.390000
6781.390000
0.000000
480.570503
0.000000
0.000000
0.000000
0.000000
0.000000
0.000000
0.000000
0.000000
0.000000
0.000000
0.000000
0.000000
4516.980725
6781.390000
6781.390000
6781.390000
6781.390000
6781.390000
6781.390000
6781.390000
6781.390000
6781.390000
6781.390000
6781.390000
6781.390000
6781.390000
6781.390000
6781.390000
6781.390000
6781.390000
6781.390000
6781.390000
6781.390000
6781.390000
6781.390000
6781.390000
6781.390000
6781.390000
6781.390000
6781.390000
6781.390000
6781.390000
6781.390000
6781.390000
6781.390000
6781.390000
6781.390000
6781.390000
6781.390000
6781.390000
6781.390000
4302.201441
6712.504950
5365.475024
3805.184187
4169.112972
5985.882150
6631.284497
6781.390000
6781.390000
6781.390000
6781.390000
6781.390000
6781.390000
6781.390000
6781.390000
6781.390000
6781.390000
6781.390000
6781.390000
6781.390000
6781.390000
6781.390000
6781.390000
6781.390000
6781.390000
6781.390000
6781.390000
6781.390000
6781.390000
6781.390000
6781.390000
6781.390000
6781.390000
6781.390000
6781.390000
6781.390000
6781.390000
6781.390000
6781.390000
6781.390000
6781.390000
6781.390000
6781.390000
6781.390000
6781.390000
6781.390000
6781.390000
6657.297922
178.162144
0.000000
0.000000
0.000000
0.000000
0.000000
0.000000
0.000000
0.000000
1803.241173
5125.913632
6781.390000
6781.390000
6781.390000
6781.390000
6781.390000
6781.390000
6781.390000
6781.390000
6781.390000
6781.390000
6781.390000
6781.390000
6781.390000
6781.390000
6781.390000
6781.390000
6781.390000
6781.390000
6781.390000
6781.390000
6781.390000
6781.390000
6781.390000
6781.390000
6781.390000
6781.390000
6781.390000
6781.390000
6781.390000
6781.390000
6781.390000
6781.390000
6781.390000
6781.390000
6781.390000
6781.390000
6781.390000
6781.390000
6781.390000
6781.390000
6781.390000
6781.390000
6781.390000
6781.390000
6781.390000
6781.390000
6781.390000
2387.542074
6781.390000
6781.390000
6781.390000
6781.390000
6781.390000
6781.390000
6781.390000
6781.390000
6781.390000
6781.390000
6781.390000
6781.390000
6781.390000
6781.390000
6781.390000
6781.390000
6781.390000
6781.390000
6781.390000
6781.390000
6781.390000
6781.390000
6781.390000
6781.390000
6781.390000
6781.390000
6781.390000
6781.390000
6781.390000
6781.390000
6781.390000
6781.390000
6781.390000
6781.390000
6781.390000
6781.390000
5818.618725
293.756798
0.000000
0.000000
0.000000
0.000000
6781.390000
6781.390000
6781.390000
6781.390000
6781.390000
6781.390000
6781.390000
6781.390000
6781.390000
6781.390000
6781.390000
6781.390000
6781.390000
6781.390000
6781.390000
6781.390000
6781.390000
6781.390000
6781.390000
6781.390000
6781.390000
6781.390000
6781.390000
6781.390000
6781.390000
6781.390000
6781.390000
6781.390000
6781.390000
6781.390000
6781.390000
6781.390000
6781.390000
6781.390000
6781.390000
6781.390000
6781.390000
6781.390000
6781.390000
6781.390000
6781.390000
6781.390000
6781.390000
6781.390000
6781.390000
6781.390000
2577.091017
2983.306390
6560.644324
6781.390000
6781.390000
6781.390000
6781.390000
6781.390000
6781.390000
6781.390000
6781.390000
6781.390000
6781.390000
6781.390000
6781.390000
6781.390000
6781.390000
6781.390000
6781.390000
6781.390000
6781.390000
6781.390000
6781.390000
6781.390000
6781.390000
6781.390000
6781.390000
6781.390000
6781.390000
6781.390000
6781.390000
6781.390000
6781.390000
6781.390000
6781.390000
6781.390000
6781.390000
6781.390000
6781.390000
6781.390000
6781.390000
6781.390000
6781.390000
6781.390000
6781.390000
6781.390000
4201.038306
5207.571694
4436.215215
6064.919650
6781.390000
6581.172960
6781.390000
6781.390000
6781.390000
6781.390000
6781.390000
6781.390000
6781.390000
6781.390000
6781.390000
6781.390000
6781.390000
6781.390000
6781.390000
6781.390000
6781.390000
6781.390000
6781.390000
6781.390000
6781.390000
6781.390000
6781.390000
6781.390000
6781.390000
6781.390000
6781.390000
6781.390000
6781.390000
6781.390000
6781.390000
6781.390000
6781.390000
6781.390000
6781.390000
6781.390000
6781.390000
6781.390000
6781.390000
6781.390000
0.000000
89.472954
1119.089819
2076.698032
6781.390000
6781.390000
6713.124444
6781.390000
6781.390000
6781.390000
6781.390000
6781.390000
6781.390000
6781.390000
6781.390000
6781.390000
6781.390000
6781.390000
6781.390000
6781.390000
6781.390000
6781.390000
6781.390000
6781.390000
6781.390000
6781.390000
6781.390000
6781.390000
6781.390000
6781.390000
6781.390000
6781.390000
6781.390000
6781.390000
6781.390000
6781.390000
6781.390000
6781.390000
6781.390000
6781.390000
6781.390000
6781.390000
6781.390000
6781.390000
6781.390000
6781.390000
6781.390000
6781.390000
6781.390000
6781.390000
6781.390000
6781.390000
6781.390000
6781.390000
6781.390000
6781.390000
6781.390000
6781.390000
6781.390000
6781.390000
6781.390000
6781.390000
6781.390000
6781.390000
6781.390000
6781.390000
6781.390000
6781.390000
6781.390000
6781.390000
6781.390000
6781.390000
6781.390000
6781.390000
6781.390000
6781.390000
6781.390000
6781.390000
6781.390000
6781.390000
6781.390000
6781.390000
6781.390000
6781.390000
6781.390000
6781.390000
6781.390000
6781.390000
6781.390000
6781.390000
6781.390000
6781.390000
6781.390000
6781.390000
6781.390000
6781.390000
6781.390000
6781.390000
6781.390000
6781.390000
6781.390000
6781.390000
6781.390000
6781.390000
6781.390000
6781.390000
6781.390000
6781.390000
6781.390000
6781.390000
6781.390000
6781.390000
6781.390000
6781.390000
6781.390000
6781.390000
6781.390000
6781.390000
6781.390000
6781.390000
6781.390000
6781.390000
6781.390000
6781.390000
6781.390000
6781.390000
6781.390000
6781.390000
6781.390000
6781.390000
6781.390000
6781.390000
6781.390000
6781.390000
6781.390000
6781.390000
6781.390000
6781.390000
6781.390000
6781.390000
6781.390000
6781.390000
6781.390000
6781.390000
6781.390000
6781.390000
6781.390000
6781.390000
6781.390000
6781.390000
6781.390000
6781.390000
6781.390000
6781.390000
6781.390000
6781.390000
6781.390000
6781.390000
6781.390000
6781.390000
6781.390000
6781.390000
6781.390000
6781.390000
6781.390000
6781.390000
6781.390000
6781.390000
6781.390000
6781.390000
6781.390000
6781.390000
6781.390000
6781.390000
6781.390000
6781.390000
6781.390000
6781.390000
6781.390000
6781.390000
6781.390000
6781.390000
6781.390000
6781.390000
6781.390000
6781.390000
6781.390000
6781.390000
6781.390000
6781.390000
6781.390000
6781.390000
6781.390000
6781.390000
6781.390000
6781.390000
6781.390000
6781.390000
0.000000
0.000000
2030.623753
2451.337726
6017.632710
6472.539103
6781.390000
6781.390000
6781.390000
6781.390000
6781.390000
6781.390000
6781.390000
6781.390000
6781.390000
6781.390000
6781.390000
6781.390000
6781.390000
6781.390000
6781.390000
6781.390000
6781.390000
6781.390000
6781.390000
6781.390000
6781.390000
6781.390000
6781.390000
6781.390000
6781.390000
6781.390000
6781.390000
6781.390000
6781.390000
6781.390000
6781.390000
6781.390000
6781.390000
6781.390000
6781.390000
6781.390000
6781.390000
6781.390000
6781.390000
6781.390000
2293.853915
0.000000
0.000000
0.000000
6781.390000
6781.390000
6781.390000
6781.390000
6781.390000
6781.390000
6781.390000
6781.390000
6781.390000
6781.390000
6781.390000
6781.390000
6781.390000
6781.390000
6781.390000
6781.390000
6781.390000
6781.390000
6781.390000
6781.390000
6781.390000
6781.390000
6781.390000
6781.390000
6781.390000
6781.390000
6781.390000
6781.390000
6781.390000
6781.390000
6781.390000
6781.390000
6781.390000
6781.390000
6781.390000
6781.390000
6781.390000
6781.390000
6781.390000
6781.390000
6781.390000
6781.390000
6781.390000
6781.390000
6781.390000
6781.390000
6781.390000
6781.390000
6781.390000
6781.390000
6781.390000
6781.390000
6781.390000
6781.390000
6781.390000
6781.390000
6781.390000
6781.390000
6781.390000
6781.390000
6781.390000
6781.390000
6781.390000
6781.390000
6781.390000
6781.390000
6781.390000
6781.390000
6781.390000
6781.390000
6781.390000
6781.390000
6781.390000
6781.390000
6781.390000
6781.390000
6781.390000
6781.390000
6781.390000
6781.390000
6781.390000
6781.390000
6781.390000
6781.390000
6781.390000
6781.390000
6781.390000
6781.390000
6781.390000
6781.390000
6781.390000
6781.390000
4474.571563
5442.133526
2444.824929
4233.255765
6781.390000
6781.390000
6781.390000
6781.390000
6781.390000
6781.390000
6781.390000
6781.390000
6781.390000
6781.390000
6781.390000
6781.390000
6781.390000
6781.390000
6781.390000
6781.390000
6781.390000
6781.390000
6781.390000
6781.390000
6781.390000
6781.390000
6781.390000
6781.390000
6781.390000
6781.390000
6781.390000
6781.390000
6781.390000
6781.390000
6781.390000
6781.390000
6781.390000
6781.390000
6781.390000
6781.390000
6781.390000
6781.390000
6781.390000
6781.390000
6781.390000
6781.390000
6781.390000
6781.390000
5671.371366
3136.077767
6781.390000
6781.390000
6781.390000
6781.390000
6781.390000
6781.390000
6781.390000
6781.390000
6781.390000
6781.390000
6781.390000
6781.390000
6781.390000
6781.390000
6781.390000
6781.390000
6781.390000
6781.390000
6781.390000
6781.390000
6781.390000
6781.390000
6781.390000
6781.390000
6781.390000
6781.390000
6781.390000
6781.390000
6781.390000
6781.390000
6781.390000
6781.390000
6781.390000
6781.390000
6781.390000
6781.390000
6781.390000
6781.390000
6781.390000
6781.390000
6781.390000
6781.390000
6781.390000
6781.390000
6781.390000
6781.390000
6781.390000
6781.390000
6781.390000
6781.390000
6781.390000
6781.390000
6781.390000
6781.390000
6781.390000
6781.390000
6781.390000
6781.390000
6781.390000
6781.390000
6781.390000
6781.390000
6781.390000
6781.390000
6781.390000
6781.390000
6781.390000
6781.390000
6781.390000
6781.390000
6781.390000
6781.390000
6781.390000
6781.390000
6781.390000
6781.390000
6781.390000
6781.390000
6781.390000
6781.390000
6781.390000
6781.390000
6781.390000
6781.390000
6781.390000
6781.390000
6781.390000
6781.390000
6781.390000
6781.390000
6781.390000
6781.390000
6781.390000
2337.641879
0.000000
0.000000
0.000000
0.000000
0.000000
0.000000
1171.313472
1672.511729
0.000000
6781.390000
6781.390000
6781.390000
6781.390000
6781.390000
6781.390000
6781.390000
6781.390000
6781.390000
6781.390000
6781.390000
6781.390000
6781.390000
6781.390000
6781.390000
6781.390000
6781.390000
6781.390000
6781.390000
6781.390000
6781.390000
6781.390000
6781.390000
6781.390000
6781.390000
6781.390000
6781.390000
6781.390000
6781.390000
6781.390000
6781.390000
6781.390000
6781.390000
6781.390000
6781.390000
6781.390000
6781.390000
6781.390000
6781.390000
1167.405449
0.000000
0.000000
0.000000
0.000000
0.000000
6781.390000
6781.390000
6781.390000
6781.390000
6781.390000
6781.390000
6781.390000
6781.390000
6781.390000
6781.390000
6781.390000
6781.390000
6781.390000
6781.390000
6781.390000
6781.390000
6781.390000
6781.390000
6781.390000
6781.390000
6781.390000
6781.390000
6781.390000
6781.390000
6781.390000
6781.390000
6781.390000
6781.390000
6781.390000
6781.390000
6781.390000
6781.390000
6781.390000
6781.390000
6781.390000
6781.390000
6781.390000
6781.390000
6781.390000
6781.390000
6781.390000
6781.390000
6698.971388
4896.546892
6781.390000
6781.390000
6781.390000
6781.390000
6781.390000
6781.390000
6781.390000
6781.390000
6781.390000
6781.390000
6781.390000
6781.390000
6781.390000
6781.390000
6781.390000
6781.390000
6781.390000
6781.390000
6781.390000
6781.390000
6781.390000
6781.390000
6781.390000
6781.390000
6781.390000
6781.390000
6781.390000
6781.390000
6781.390000
6781.390000
6781.390000
6781.390000
6781.390000
6781.390000
6781.390000
6781.390000
6781.390000
6781.390000
6781.390000
6781.390000
6781.390000
6781.390000
6781.390000
6781.390000
6781.390000
6781.390000
6781.390000
6781.390000
6781.390000
6781.390000
6781.390000
6781.390000
6781.390000
6781.390000
6781.390000
6781.390000
6781.390000
6781.390000
6781.390000
6781.390000
6781.390000
6781.390000
6781.390000
6781.390000
6781.390000
6781.390000
6781.390000
6781.390000
6781.390000
6781.390000
6781.390000
6781.390000
6781.390000
6781.390000
6781.390000
6781.390000
6781.390000
6781.390000
6781.390000
6781.390000
6781.390000
6781.390000
6781.390000
6781.390000
6781.390000
6781.390000
6781.390000
6781.390000
6781.390000
6781.390000
5138.730279
6599.512495
0.000000
710.995879
3199.991281
4111.376484
9.322839
1771.160251
1676.177021
859.374732
1789.978277
1479.488104
6781.390000
6781.390000
6781.390000
6781.390000
6781.390000
6781.390000
6781.390000
6781.390000
6781.390000
6781.390000
6781.390000
6781.390000
6781.390000
6781.390000
6781.390000
6781.390000
6781.390000
6781.390000
6781.390000
6781.390000
6781.390000
6781.390000
6781.390000
6781.390000
6781.390000
6781.390000
6781.390000
6781.390000
6781.390000
6781.390000
6781.390000
6781.390000
6781.390000
6781.390000
6781.390000
6781.390000
6781.390000
6781.390000
6781.390000
6781.390000
6781.390000
6781.390000
6781.390000
6781.390000
6781.390000
6781.390000
6781.390000
6781.390000
6781.390000
6781.390000
6781.390000
6781.390000
6781.390000
6781.390000
6781.390000
6781.390000
6781.390000
6781.390000
6781.390000
6781.390000
6781.390000
6781.390000
6781.390000
6781.390000
6781.390000
6781.390000
6781.390000
6781.390000
6781.390000
6781.390000
6781.390000
6781.390000
6781.390000
6781.390000
6781.390000
6781.390000
6781.390000
6781.390000
6781.390000
6781.390000
6781.390000
6781.390000
6781.390000
6781.390000
6781.390000
6781.390000
6781.390000
2404.326560
0.000000
0.000000
0.000000
0.000000
6249.727916
6762.692350
0.000000
0.000000
6781.390000
6781.390000
6781.390000
6781.390000
6781.390000
6781.390000
6781.390000
6781.390000
6781.390000
6781.390000
6781.390000
6781.390000
6781.390000
6781.390000
6781.390000
6781.390000
6781.390000
6781.390000
6781.390000
6781.390000
6781.390000
6781.390000
6781.390000
6781.390000
6781.390000
6781.390000
6781.390000
6781.390000
6781.390000
6781.390000
6781.390000
6781.390000
6781.390000
6781.390000
6781.390000
6781.390000
6781.390000
6781.390000
6781.390000
3462.291704
2863.484693
348.045233
2709.520477
2697.003814
6781.390000
6781.390000
6781.390000
6781.390000
6781.390000
6781.390000
6781.390000
6781.390000
6781.390000
6781.390000
6781.390000
6781.390000
6781.390000
6781.390000
6781.390000
6781.390000
6781.390000
6781.390000
6781.390000
6781.390000
6781.390000
6781.390000
6781.390000
6781.390000
6781.390000
6781.390000
6781.390000
6781.390000
6781.390000
6781.390000
6781.390000
6781.390000
6781.390000
6781.390000
6781.390000
6781.390000
6781.390000
6781.390000
6781.390000
6781.390000
6781.390000
6781.390000
6781.390000
6781.390000
6781.390000
6781.390000
6781.390000
6781.390000
6781.390000
6781.390000
6781.390000
6781.390000
6781.390000
6781.390000
6781.390000
6781.390000
6781.390000
6781.390000
6781.390000
6781.390000
6781.390000
6781.390000
6781.390000
6781.390000
6781.390000
6781.390000
6781.390000
6781.390000
6781.390000
6781.390000
6781.390000
6781.390000
6781.390000
6781.390000
6781.390000
6781.390000
6781.390000
6781.390000
6781.390000
6781.390000
6781.390000
6781.390000
6781.390000
6781.390000
6781.390000
6781.390000
6781.390000
6781.390000
6781.390000
6781.390000
6483.230960
0.000000
2672.643822
290.395594
3519.039589
3525.419306
2736.701471
3229.467087
5566.884607
5752.282463
6781.390000
6781.390000
6781.390000
6781.390000
6781.390000
6781.390000
6781.390000
6781.390000
6781.390000
6781.390000
6781.390000
6781.390000
6781.390000
6781.390000
6781.390000
6781.390000
6781.390000
6781.390000
6781.390000
6781.390000
6781.390000
6781.390000
6781.390000
6781.390000
6781.390000
6781.390000
6781.390000
6781.390000
6781.390000
6781.390000
6781.390000
6781.390000
6781.390000
6781.390000
6781.390000
6781.390000
338.756773
925.781052
1086.674130
0.000000
0.000000
0.000000
298.078716
1768.364519
4476.388825
3446.825591
6781.390000
6781.390000
6781.390000
6781.390000
6781.390000
6781.390000
6781.390000
6781.390000
6781.390000
6781.390000
6781.390000
6781.390000
6781.390000
6781.390000
6781.390000
6781.390000
6781.390000
6781.390000
6781.390000
6781.390000
6781.390000
6781.390000
6781.390000
6781.390000
6781.390000
6781.390000
6781.390000
6781.390000
6781.390000
6781.390000
6781.390000
6781.390000
6781.390000
6781.390000
6781.390000
6781.390000
4905.510638
6625.419438
0.000000
0.000000
0.000000
0.000000
0.000000
0.000000
0.000000
0.000000
0.000000
0.000000
0.000000
0.000000
0.000000
6781.390000
6781.390000
6781.390000
6781.390000
6781.390000
6781.390000
6781.390000
6781.390000
6781.390000
6781.390000
6781.390000
6781.390000
6781.390000
6781.390000
6781.390000
6781.390000
6781.390000
6781.390000
6781.390000
6781.390000
6781.390000
6781.390000
6781.390000
6781.390000
6781.390000
6781.390000
6781.390000
6781.390000
6781.390000
6781.390000
6781.390000
6781.390000
6781.390000
6781.390000
6781.390000
6781.390000
6781.390000
6781.390000
6781.390000
5841.287488
3224.297948
0.000000
0.000000
6781.390000
6781.390000
6781.390000
6781.390000
6781.390000
6781.390000
6781.390000
6781.390000
6781.390000
6781.390000
6781.390000
6781.390000
6781.390000
6781.390000
6781.390000
6781.390000
6781.390000
6781.390000
6781.390000
6781.390000
6781.390000
6781.390000
6781.390000
6781.390000
6781.390000
6781.390000
6781.390000
6781.390000
6781.390000
6781.390000
6781.390000
6781.390000
6781.390000
6781.390000
6781.390000
6781.390000
6781.390000
6781.390000
6781.390000
6781.390000
6781.390000
6781.390000
6781.390000
6781.390000
6781.390000
6781.390000
6781.390000
6781.390000
6781.390000
6781.390000
6781.390000
6781.390000
6781.390000
6781.390000
6781.390000
6781.390000
6781.390000
6781.390000
6781.390000
6781.390000
6781.390000
6781.390000
6781.390000
6781.390000
6781.390000
6781.390000
6781.390000
6781.390000
6781.390000
6781.390000
6781.390000
6781.390000
6781.390000
6781.390000
6781.390000
6781.390000
6781.390000
6781.390000
6781.390000
6781.390000
6781.390000
6781.390000
6781.390000
6781.390000
6781.390000
6781.390000
6781.390000
6781.390000
6781.390000
6781.390000
6781.390000
4396.312978
6296.641017
4309.161579
6781.390000
6781.390000
6781.390000
6781.390000
6781.390000
6781.390000
6781.390000
6781.390000
6781.390000
6781.390000
6781.390000
6781.390000
6781.390000
6781.390000
6781.390000
6781.390000
6781.390000
6781.390000
6781.390000
6781.390000
6781.390000
6781.390000
6781.390000
6781.390000
6781.390000
6781.390000
6781.390000
6781.390000
6781.390000
6781.390000
6781.390000
6781.390000
6781.390000
6781.390000
6781.390000
6781.390000
6781.390000
6781.390000
6781.390000
6781.390000
6781.390000
6781.390000
6781.390000
6781.390000
6781.390000
6781.390000
6781.390000
6781.390000
6781.390000
6781.390000
6781.390000
6781.390000
6781.390000
6781.390000
6781.390000
6781.390000
6781.390000
6781.390000
6781.390000
6781.390000
6781.390000
6781.390000
6781.390000
6781.390000
6781.390000
6781.390000
6781.390000
6781.390000
6781.390000
6781.390000
6781.390000
6781.390000
6781.390000
6781.390000
6781.390000
6781.390000
6781.390000
6781.390000
6781.390000
6781.390000
6781.390000
6781.390000
6781.390000
6781.390000
6781.390000
6781.390000
6781.390000
6781.390000
6781.390000
6781.390000
6781.390000
6781.390000
6781.390000
6781.390000
6781.390000
4868.659199
6781.390000
6781.390000
6781.390000
6781.390000
6781.390000
6781.390000
6781.390000
6781.390000
6781.390000
6781.390000
6781.390000
6781.390000
6781.390000
6781.390000
6781.390000
6781.390000
6781.390000
6781.390000
6781.390000
6781.390000
6781.390000
6781.390000
6781.390000
6781.390000
6781.390000
6781.390000
6781.390000
6781.390000
6781.390000
6781.390000
6781.390000
6781.390000
6781.390000
6781.390000
6781.390000
6781.390000
6781.390000
6781.390000
6781.390000
6781.390000
6781.390000
6781.390000
0.000000
0.000000
0.000000
0.000000
2345.737181
3416.310768
0.000000
0.000000
0.000000
0.000000
0.000000
0.000000
5079.964216
6775.897645
6781.390000
6781.390000
6781.390000
6781.390000
6781.390000
6781.390000
6781.390000
6781.390000
6781.390000
6781.390000
6781.390000
6781.390000
6781.390000
6781.390000
6781.390000
6781.390000
6781.390000
6781.390000
6781.390000
6781.390000
6781.390000
6781.390000
6781.390000
6781.390000
6781.390000
6781.390000
6781.390000
6781.390000
6781.390000
6781.390000
6781.390000
6781.390000
6781.390000
6781.390000
3673.482087
4913.010384
4157.733960
5606.722682
0.000000
0.000000
0.000000
1435.714289
2431.585528
1797.527505
3161.098343
2949.965555
6781.390000
6134.759711
6781.390000
6781.390000
6781.390000
6781.390000
6781.390000
6781.390000
6781.390000
6781.390000
6781.390000
6781.390000
6781.390000
6781.390000
6781.390000
6781.390000
6781.390000
6781.390000
6781.390000
6781.390000
6781.390000
6781.390000
6781.390000
6781.390000
6781.390000
6781.390000
6781.390000
6781.390000
6781.390000
6781.390000
6781.390000
6781.390000
6781.390000
6781.390000
6781.390000
6781.390000
6781.390000
6781.390000
6781.390000
2650.460282
3875.430069
1534.982074
0.000000
0.000000
2002.038378
2146.741143
0.000000
0.000000
0.000000
0.000000
6781.390000
6781.390000
6781.390000
6781.390000
6781.390000
6781.390000
6781.390000
6781.390000
6781.390000
6781.390000
6781.390000
6781.390000
6781.390000
6781.390000
6781.390000
6781.390000
6781.390000
6781.390000
6781.390000
6781.390000
6781.390000
6781.390000
6781.390000
6781.390000
6781.390000
6781.390000
6781.390000
6781.390000
6781.390000
6781.390000
6781.390000
6781.390000
6781.390000
6781.390000
6781.390000
6781.390000
6781.390000
5781.629620
1796.146579
0.000000
0.000000
0.000000
0.000000
0.000000
0.000000
0.000000
0.000000
0.000000
0.000000
0.000000
6781.390000
6781.390000
6781.390000
6781.390000
6781.390000
6781.390000
6781.390000
6781.390000
6781.390000
6781.390000
6781.390000
6781.390000
6781.390000
6781.390000
6781.390000
6781.390000
6781.390000
6781.390000
6781.390000
6781.390000
6781.390000
6781.390000
6781.390000
6781.390000
6781.390000
6781.390000
6781.390000
6781.390000
6781.390000
6781.390000
6781.390000
6781.390000
6781.390000
6781.390000
6781.390000
6781.390000
6781.390000
6781.390000
6781.390000
6781.390000
6781.390000
6781.390000
6781.390000
6781.390000
0.000000
0.000000
0.000000
0.000000
6781.390000
6781.390000
6781.390000
6781.390000
6781.390000
6781.390000
6781.390000
6781.390000
6781.390000
6781.390000
6781.390000
6781.390000
6781.390000
6781.390000
6781.390000
6781.390000
6781.390000
6781.390000
6781.390000
6781.390000
6781.390000
6781.390000
6781.390000
6781.390000
6781.390000
6781.390000
6781.390000
6781.390000
6781.390000
6781.390000
6781.390000
6781.390000
6781.390000
6781.390000
6781.390000
6781.390000
6781.390000
6781.390000
5865.345441
6173.619795
5014.921107
5638.395338
4584.658824
0.000000
0.000000
5119.667532
6781.390000
6781.390000
6781.390000
6781.390000
6781.390000
6781.390000
6781.390000
6781.390000
6781.390000
6781.390000
6781.390000
6781.390000
6781.390000
6781.390000
6781.390000
6781.390000
6781.390000
6781.390000
6781.390000
6781.390000
6781.390000
6781.390000
6781.390000
6781.390000
6781.390000
6781.390000
6781.390000
6781.390000
6781.390000
6781.390000
6781.390000
6781.390000
6781.390000
6781.390000
6781.390000
6781.390000
6781.390000
2090.111560
2635.307294
532.529680
1115.132639
1439.077397
0.000000
0.000000
0.000000
0.000000
941.519640
0.000000
5232.904935
6781.390000
6781.390000
6781.390000
6781.390000
6781.390000
6781.390000
6781.390000
6781.390000
6781.390000
6781.390000
6781.390000
6781.390000
6781.390000
6781.390000
6781.390000
6781.390000
6781.390000
6781.390000
6781.390000
6781.390000
6781.390000
6781.390000
6781.390000
6781.390000
6781.390000
6781.390000
6781.390000
6781.390000
6781.390000
6781.390000
6781.390000
5051.216679
6004.886436
0.000000
0.000000
0.000000
0.000000
0.000000
0.000000
0.000000
0.000000
533.379698
0.000000
917.535140
691.374457
6781.390000
6781.390000
6781.390000
6781.390000
6781.390000
6781.390000
6781.390000
6781.390000
6781.390000
6781.390000
6781.390000
6781.390000
6781.390000
6781.390000
6781.390000
6781.390000
6781.390000
6781.390000
6781.390000
6781.390000
6781.390000
6781.390000
6781.390000
6781.390000
6781.390000
6781.390000
6781.390000
6781.390000
6781.390000
6781.390000
6781.390000
6781.390000
6781.390000
6781.390000
6781.390000
6781.390000
6781.390000
6781.390000
4229.239961
5181.563624
6781.390000
6781.390000
6781.390000
6781.390000
6781.390000
6781.390000
6781.390000
6781.390000
6781.390000
6781.390000
6781.390000
6781.390000
6781.390000
6781.390000
6781.390000
6781.390000
6781.390000
6781.390000
6781.390000
6781.390000
6781.390000
6781.390000
6781.390000
6781.390000
6781.390000
6781.390000
6781.390000
6781.390000
6781.390000
6781.390000
6781.390000
6781.390000
6781.390000
6781.390000
6781.390000
6781.390000
6781.390000
6781.390000
6781.390000
6781.390000
6781.390000
6781.390000
6781.390000
6781.390000
6781.390000
6781.390000
6781.390000
4674.841104
3428.468069
1275.644132
0.000000
0.000000
0.000000
0.000000
1852.440843
2237.366826
6781.390000
6781.390000
6781.390000
6781.390000
6781.390000
6781.390000
6781.390000
6781.390000
6781.390000
6781.390000
6781.390000
6781.390000
6781.390000
6781.390000
6781.390000
6781.390000
6781.390000
6781.390000
6781.390000
6781.390000
6781.390000
6781.390000
6781.390000
6781.390000
6781.390000
6781.390000
6781.390000
6781.390000
6781.390000
6781.390000
6781.390000
6781.390000
6781.390000
6781.390000
6781.390000
6781.390000
6781.390000
6781.390000
6781.390000
6781.390000
3061.445298
700.966433
0.000000
0.000000
0.000000
0.000000
0.000000
0.000000
3619.945309
6628.738918
6781.390000
6781.390000
6781.390000
6781.390000
6781.390000
6781.390000
6781.390000
6781.390000
6781.390000
6781.390000
6781.390000
6781.390000
6781.390000
6781.390000
6781.390000
6781.390000
6781.390000
6781.390000
6781.390000
6781.390000
6781.390000
6781.390000
6781.390000
6781.390000
6781.390000
6781.390000
6781.390000
6781.390000
6781.390000
6781.390000
6781.390000
6781.390000
6781.390000
6781.390000
6781.390000
6781.390000
6781.390000
6781.390000
6781.390000
6781.390000
6781.390000
6781.390000
6781.390000
6781.390000
6781.390000
6781.390000
6781.390000
6781.390000
6781.390000
6781.390000
6781.390000
6781.390000
6781.390000
6781.390000
6781.390000
6781.390000
6781.390000
6781.390000
6781.390000
6781.390000
6781.390000
6781.390000
6781.390000
6781.390000
6781.390000
6781.390000
6781.390000
6781.390000
6781.390000
6781.390000
6781.390000
6781.390000
6781.390000
6781.390000
6781.390000
6781.390000
6781.390000
6781.390000
6781.390000
6781.390000
6781.390000
6781.390000
6781.390000
6781.390000
0.000000
0.000000
0.000000
0.000000
0.000000
0.000000
0.000000
0.000000
0.000000
0.000000
0.000000
0.000000
0.000000
0.000000
6781.390000
6781.390000
6781.390000
6781.390000
6781.390000
6781.390000
6781.390000
6781.390000
6781.390000
6781.390000
6781.390000
6781.390000
6781.390000
6781.390000
6781.390000
6781.390000
6781.390000
6781.390000
6781.390000
6781.390000
6781.390000
6781.390000
6781.390000
6781.390000
6781.390000
6781.390000
6781.390000
6781.390000
6781.390000
6781.390000
6781.390000
5906.681031
0.000000
0.000000
0.000000
0.000000
0.000000
0.000000
0.000000
0.000000
0.000000
0.000000
0.000000
0.000000
0.000000
2997.708532
6781.390000
6781.390000
6781.390000
6781.390000
6781.390000
6781.390000
6781.390000
6781.390000
6781.390000
6781.390000
6781.390000
6781.390000
6781.390000
6781.390000
6781.390000
6781.390000
6781.390000
6781.390000
6781.390000
6781.390000
6781.390000
6781.390000
6781.390000
6781.390000
6781.390000
6781.390000
6781.390000
6781.390000
6781.390000
6781.390000
6781.390000
6781.390000
6781.390000
6781.390000
6781.390000
6781.390000
6781.390000
6781.390000
6781.390000
6781.390000
6781.390000
6781.390000
6781.390000
6781.390000
6781.390000
6781.390000
6781.390000
6781.390000
6781.390000
6781.390000
6781.390000
6781.390000
6781.390000
6781.390000
6781.390000
6781.390000
6781.390000
6781.390000
6781.390000
6781.390000
6781.390000
6781.390000
6781.390000
6781.390000
6781.390000
6781.390000
6781.390000
6781.390000
6781.390000
6781.390000
6781.390000
6781.390000
6781.390000
6781.390000
6781.390000
6781.390000
6781.390000
6781.390000
6781.390000
6781.390000
6781.390000
6781.390000
6781.390000
6781.390000
146.649819
1489.754658
0.000000
0.000000
0.000000
0.000000
0.000000
0.000000
0.000000
0.000000
0.000000
562.883247
6068.832611
6673.867953
6781.390000
6781.390000
6781.390000
6781.390000
6781.390000
6781.390000
6781.390000
6781.390000
6781.390000
6781.390000
6781.390000
6781.390000
6781.390000
6781.390000
6781.390000
6781.390000
6781.390000
6781.390000
6781.390000
6781.390000
6781.390000
6781.390000
6781.390000
6781.390000
6781.390000
6781.390000
6781.390000
6781.390000
6781.390000
6781.390000
6781.390000
6781.390000
6781.390000
6781.390000
6781.390000
5078.477617
0.000000
0.000000
0.000000
0.000000
0.000000
0.000000
0.000000
0.000000
1608.355769
4904.033795
6781.390000
6781.390000
6781.390000
6781.390000
6781.390000
6781.390000
6781.390000
6781.390000
6781.390000
6781.390000
6781.390000
6781.390000
6781.390000
6781.390000
6781.390000
6781.390000
6781.390000
6781.390000
6781.390000
6781.390000
6781.390000
6781.390000
6781.390000
6781.390000
6781.390000
6781.390000
6781.390000
6781.390000
6781.390000
6781.390000
6781.390000
6781.390000
4592.430096
6781.390000
0.000000
0.000000
0.000000
0.000000
0.000000
0.000000
0.000000
0.000000
0.000000
0.000000
0.000000
0.000000
0.000000
1490.849469
6781.390000
6781.390000
6781.390000
6781.390000
6781.390000
6781.390000
6781.390000
6781.390000
6781.390000
6781.390000
6781.390000
6781.390000
6781.390000
6781.390000
6781.390000
6781.390000
6781.390000
6781.390000
6781.390000
6781.390000
6781.390000
6781.390000
6781.390000
6781.390000
6781.390000
6781.390000
6781.390000
6781.390000
6781.390000
6781.390000
6781.390000
6781.390000
6781.390000
6781.390000
6781.390000
6781.390000
6781.390000
3504.648184
0.000000
0.000000
0.000000
0.000000
0.000000
0.000000
0.000000
0.000000
1214.605110
0.000000
0.000000
0.000000
6781.390000
6781.390000
6781.390000
6781.390000
6781.390000
6781.390000
6781.390000
6781.390000
6781.390000
6781.390000
6781.390000
6781.390000
6781.390000
6781.390000
6781.390000
6781.390000
6781.390000
6781.390000
6781.390000
6781.390000
6781.390000
6781.390000
6781.390000
6781.390000
6781.390000
6781.390000
6781.390000
6781.390000
6781.390000
6781.390000
6781.390000
6781.390000
6781.390000
6781.390000
6781.390000
6781.390000
3045.647288
1055.380457
2500.125955
2970.547695
1592.292606
2442.291071
6781.390000
6781.390000
6781.390000
6781.390000
6781.390000
6781.390000
6781.390000
6781.390000
6781.390000
6781.390000
6781.390000
6781.390000
6781.390000
6781.390000
6781.390000
6781.390000
6781.390000
6781.390000
6781.390000
6781.390000
6781.390000
6781.390000
6781.390000
6781.390000
6781.390000
6781.390000
6781.390000
6781.390000
6781.390000
6781.390000
6781.390000
6781.390000
6781.390000
6781.390000
6781.390000
6781.390000
6781.390000
6781.390000
6781.390000
6781.390000
6781.390000
6781.390000
6781.390000
6371.266798
211.167310
710.057591
0.000000
0.000000
560.644100
982.765747
5209.256341
6380.822830
6781.390000
6781.390000
6781.390000
6781.390000
6781.390000
6781.390000
6781.390000
6781.390000
6781.390000
6781.390000
6781.390000
6781.390000
6781.390000
6781.390000
6781.390000
6781.390000
6781.390000
6781.390000
6781.390000
6781.390000
6781.390000
6781.390000
6781.390000
6781.390000
6781.390000
6781.390000
6781.390000
6781.390000
6781.390000
6781.390000
6781.390000
6781.390000
2735.096721
2892.151045
0.000000
0.000000
0.000000
0.000000
0.000000
0.000000
1086.884936
2890.881802
4039.745257
3301.730446
6781.390000
6781.390000
6781.390000
0.000000
5701.364650
5798.929297
6781.390000
6781.390000
6781.390000
6781.390000
6781.390000
6781.390000
6781.390000
6781.390000
6781.390000
6781.390000
6781.390000
6781.390000
6781.390000
6781.390000
6781.390000
6781.390000
6781.390000
6781.390000
6781.390000
6781.390000
6781.390000
6781.390000
6781.390000
6781.390000
6781.390000
6781.390000
6781.390000
6781.390000
6781.390000
6781.390000
4766.579233
5135.459708
0.000000
0.000000
0.000000
0.000000
0.000000
0.000000
3473.157595
5408.630518
6781.390000
6781.390000
6781.390000
6781.390000
6781.390000
6781.390000
6781.390000
6781.390000
6781.390000
6781.390000
6781.390000
6781.390000
6781.390000
6781.390000
6781.390000
6781.390000
6781.390000
6781.390000
6781.390000
6781.390000
6781.390000
6781.390000
6781.390000
6781.390000
6781.390000
6781.390000
6781.390000
6781.390000
6781.390000
6781.390000
6781.390000
6781.390000
6781.390000
6781.390000
6781.390000
6781.390000
6781.390000
6781.390000
6781.390000
6781.390000
6781.390000
6781.390000
6781.390000
6781.390000
6781.390000
6781.390000
6781.390000
6781.390000
6781.390000
6781.390000
6781.390000
6781.390000
6781.390000
6781.390000
6781.390000
6781.390000
6781.390000
6781.390000
6781.390000
6781.390000
6781.390000
6781.390000
6781.390000
6781.390000
6781.390000
6781.390000
6781.390000
6781.390000
6781.390000
6781.390000
6781.390000
6781.390000
6781.390000
6781.390000
6781.390000
6781.390000
6781.390000
6781.390000
6781.390000
6781.390000
6781.390000
6781.390000
6781.390000
6781.390000
6781.390000
6781.390000
6781.390000
6781.390000
6781.390000
6781.390000
6781.390000
6781.390000
6781.390000
6781.390000
6781.390000
6781.390000
6781.390000
6781.390000
6781.390000
6781.390000
6781.390000
6781.390000
6781.390000
6781.390000
6781.390000
6781.390000
6781.390000
6781.390000
6781.390000
6781.390000
6781.390000
6781.390000
6781.390000
6781.390000
6781.390000
6781.390000
6781.390000
6781.390000
6781.390000
6781.390000
6781.390000
6781.390000
6781.390000
6781.390000
6781.390000
6781.390000
6781.390000
6781.390000
6781.390000
6781.390000
6781.390000
6781.390000
6781.390000
6781.390000
6781.390000
6781.390000
6781.390000
6781.390000
6781.390000
6781.390000
6781.390000
6781.390000
6781.390000
6781.390000
6781.390000
6781.390000
6781.390000
6781.390000
6781.390000
6781.390000
6781.390000
6781.390000
6781.390000
6781.390000
6781.390000
6781.390000
6781.390000
6781.390000
6781.390000
6781.390000
6781.390000
6781.390000
6781.390000
6781.390000
6781.390000
6781.390000
6781.390000
6781.390000
6781.390000
6781.390000
6781.390000
6781.390000
6781.390000
6781.390000
6781.390000
6781.390000
6781.390000
6781.390000
6781.390000
6781.390000
6781.390000
6781.390000
6781.390000
6781.390000
6781.390000
6781.390000
6781.390000
6781.390000
4753.457437
3442.199427
6781.390000
6781.390000
1385.565764
0.000000
0.000000
0.000000
2738.801156
6781.390000
6781.390000
6781.390000
6781.390000
6781.390000
6781.390000
6781.390000
6781.390000
6781.390000
6781.390000
6781.390000
6781.390000
6781.390000
6781.390000
6781.390000
6781.390000
6781.390000
6781.390000
6781.390000
6781.390000
6781.390000
6781.390000
6781.390000
6781.390000
6781.390000
6781.390000
6781.390000
6781.390000
6781.390000
6781.390000
6781.390000
6781.390000
6781.390000
6781.390000
6781.390000
638.827944
1554.306578
0.000000
0.000000
0.000000
0.000000
0.000000
0.000000
0.000000
0.000000
0.000000
0.000000
0.000000
3673.109731
6781.390000
6781.390000
6781.390000
6781.390000
6781.390000
6781.390000
6781.390000
6781.390000
6781.390000
6781.390000
6781.390000
6781.390000
6781.390000
6781.390000
6781.390000
6781.390000
6781.390000
6781.390000
6781.390000
6781.390000
6781.390000
6781.390000
6781.390000
6781.390000
6781.390000
6781.390000
6781.390000
6781.390000
6781.390000
6781.390000
6781.390000
6781.390000
6781.390000
6781.390000
6781.390000
6781.390000
6781.390000
6781.390000
701.118042
1600.191182
6781.390000
6781.390000
6781.390000
6781.390000
6781.390000
6781.390000
6781.390000
6781.390000
6781.390000
6781.390000
6781.390000
6781.390000
6781.390000
6781.390000
6781.390000
6781.390000
6781.390000
6781.390000
6781.390000
6781.390000
6781.390000
6781.390000
6781.390000
6781.390000
6781.390000
6781.390000
6781.390000
6781.390000
6781.390000
6781.390000
6781.390000
6781.390000
6781.390000
6781.390000
6781.390000
6781.390000
6781.390000
6781.390000
6781.390000
6781.390000
6781.390000
6781.390000
6781.390000
6781.390000
6781.390000
4939.162370
4252.491405
5463.763707
6781.390000
6781.390000
6781.390000
6781.390000
6781.390000
6781.390000
6781.390000
6781.390000
6781.390000
6781.390000
6781.390000
6781.390000
6781.390000
6781.390000
6781.390000
6781.390000
6781.390000
6781.390000
6781.390000
6781.390000
6781.390000
6781.390000
6781.390000
6781.390000
6781.390000
6781.390000
6781.390000
6781.390000
6781.390000
6781.390000
6781.390000
6781.390000
6781.390000
6781.390000
6781.390000
6781.390000
6781.390000
6781.390000
6781.390000
6781.390000
1545.036506
3908.413339
0.000000
0.000000
0.000000
0.000000
0.000000
0.000000
4821.752407
5391.715094
5138.111764
5901.344938
6781.390000
6781.390000
6333.156344
6781.390000
6781.390000
6781.390000
6781.390000
6781.390000
6781.390000
6781.390000
6781.390000
6781.390000
6781.390000
6781.390000
6781.390000
6781.390000
6781.390000
6781.390000
6781.390000
6781.390000
6781.390000
6781.390000
6781.390000
6781.390000
6781.390000
6781.390000
6781.390000
6781.390000
6781.390000
6781.390000
6781.390000
6781.390000
6781.390000
6781.390000
6781.390000
6781.390000
6781.390000
6781.390000
0.000000
0.000000
0.000000
0.000000
0.000000
0.000000
0.000000
0.000000
0.000000
0.000000
2636.812725
3075.361251
6781.390000
6781.390000
6781.390000
6781.390000
6781.390000
6781.390000
6781.390000
6781.390000
6781.390000
6781.390000
6781.390000
6781.390000
6781.390000
6781.390000
6781.390000
6781.390000
6781.390000
6781.390000
6781.390000
6781.390000
6781.390000
6781.390000
6781.390000
6781.390000
6781.390000
6781.390000
6781.390000
6781.390000
6781.390000
6781.390000
6781.390000
6781.390000
6781.390000
6781.390000
0.000000
0.000000
0.000000
0.000000
0.000000
0.000000
0.000000
0.000000
0.000000
0.000000
0.000000
0.000000
0.000000
0.000000
0.000000
6781.390000
6781.390000
6781.390000
6781.390000
6781.390000
6781.390000
6781.390000
6781.390000
6781.390000
6781.390000
6781.390000
6781.390000
6781.390000
6781.390000
6781.390000
6781.390000
6781.390000
6781.390000
6781.390000
6781.390000
6781.390000
6781.390000
6781.390000
6781.390000
6781.390000
6781.390000
6781.390000
6781.390000
6781.390000
6781.390000
6781.390000
6781.390000
6781.390000
0.000000
0.000000
0.000000
0.000000
0.000000
0.000000
0.000000
0.000000
0.000000
0.000000
0.000000
0.000000
0.000000
0.000000
0.000000
1311.774619
6781.390000
6781.390000
6781.390000
6781.390000
6781.390000
6781.390000
6781.390000
6781.390000
6781.390000
6781.390000
6781.390000
6781.390000
6781.390000
6781.390000
6781.390000
6781.390000
6781.390000
6781.390000
6781.390000
6781.390000
6781.390000
6781.390000
6781.390000
6781.390000
6781.390000
6781.390000
6781.390000
6781.390000
6781.390000
6781.390000
6781.390000
6781.390000
6388.440157
6781.390000
3346.725121
5248.293263
2451.197360
0.000000
0.000000
0.000000
0.000000
0.000000
0.000000
0.000000
319.595275
854.742763
0.000000
0.000000
4200.471139
6781.390000
6781.390000
6781.390000
6781.390000
6781.390000
6781.390000
6781.390000
6781.390000
6781.390000
6781.390000
6781.390000
6781.390000
6781.390000
6781.390000
6781.390000
6781.390000
6781.390000
6781.390000
6781.390000
6781.390000
6781.390000
6781.390000
6781.390000
6781.390000
6781.390000
6781.390000
6781.390000
6781.390000
6781.390000
6781.390000
6781.390000
0.000000
0.000000
0.000000
0.000000
0.000000
0.000000
0.000000
0.000000
0.000000
256.044018
846.213233
117.830596
4160.806618
4037.394458
6781.390000
3907.649445
6781.390000
6781.390000
6781.390000
6781.390000
6781.390000
6781.390000
6781.390000
6781.390000
6781.390000
6781.390000
6781.390000
6781.390000
6781.390000
6781.390000
6781.390000
6781.390000
6781.390000
6781.390000
6781.390000
6781.390000
6781.390000
6781.390000
6781.390000
6781.390000
6781.390000
6781.390000
6781.390000
6781.390000
6781.390000
6781.390000
6781.390000
6781.390000
6781.390000
6781.390000
5141.901473
5386.680568
2707.080543
3742.458546
6491.253087
6781.390000
6781.390000
6781.390000
6781.390000
6781.390000
6781.390000
6781.390000
6781.390000
6781.390000
6781.390000
6781.390000
6781.390000
6781.390000
6781.390000
6781.390000
6781.390000
6781.390000
6781.390000
6781.390000
6781.390000
6781.390000
6781.390000
6781.390000
6781.390000
6781.390000
6781.390000
6781.390000
6781.390000
6781.390000
6781.390000
6781.390000
6781.390000
6781.390000
6781.390000
6781.390000
6781.390000
6781.390000
6781.390000
6781.390000
6781.390000
6781.390000
6665.411286
6781.390000
5924.278797
6781.390000
4980.243834
354.841778
0.000000
0.000000
0.000000
0.000000
0.000000
0.000000
0.000000
0.000000
0.000000
6781.390000
6781.390000
6781.390000
6781.390000
6781.390000
6781.390000
6781.390000
6781.390000
6781.390000
6781.390000
6781.390000
6781.390000
6781.390000
6781.390000
6781.390000
6781.390000
6781.390000
6781.390000
6781.390000
6781.390000
6781.390000
6781.390000
6781.390000
6781.390000
6781.390000
6781.390000
6781.390000
6781.390000
6781.390000
6781.390000
6781.390000
6781.390000
6781.390000
6781.390000
6781.390000
6781.390000
6781.390000
5409.223220
146.549589
0.000000
0.000000
0.000000
0.000000
0.000000
0.000000
782.312201
1189.678208
6781.390000
0.000000
3868.595568
6781.390000
6781.390000
6781.390000
6781.390000
6781.390000
6781.390000
6781.390000
6781.390000
6781.390000
6781.390000
6781.390000
6781.390000
6781.390000
6781.390000
6781.390000
6781.390000
6781.390000
6781.390000
6781.390000
6781.390000
6781.390000
6781.390000
6781.390000
6781.390000
6781.390000
6781.390000
6781.390000
6781.390000
6781.390000
6781.390000
6781.390000
6781.390000
6781.390000
3879.675085
5419.179502
4123.135322
0.000000
0.000000
0.000000
0.000000
0.000000
0.000000
0.000000
0.000000
0.000000
3327.573921
6781.390000
6781.390000
6781.390000
6781.390000
6781.390000
6781.390000
6781.390000
6781.390000
6781.390000
6781.390000
6781.390000
6781.390000
6781.390000
6781.390000
6781.390000
6781.390000
6781.390000
6781.390000
6781.390000
6781.390000
6781.390000
6781.390000
6781.390000
6781.390000
6781.390000
6781.390000
6781.390000
6781.390000
6781.390000
6781.390000
6781.390000
6781.390000
6781.390000
6781.390000
6781.390000
6781.390000
6781.390000
6781.390000
6781.390000
6781.390000
6781.390000
6781.390000
6781.390000
4655.422753
5471.891486
6781.390000
6781.390000
6781.390000
6781.390000
6781.390000
6781.390000
6781.390000
6781.390000
6781.390000
6781.390000
6781.390000
6781.390000
6781.390000
6781.390000
6781.390000
6781.390000
6781.390000
6781.390000
6781.390000
6781.390000
6781.390000
6781.390000
6781.390000
6781.390000
6781.390000
6781.390000
6781.390000
6781.390000
6781.390000
6781.390000
6781.390000
6781.390000
6781.390000
6781.390000
6781.390000
6781.390000
6781.390000
6781.390000
6781.390000
6781.390000
6781.390000
6781.390000
6781.390000
6781.390000
6781.390000
6781.390000
6781.390000
6781.390000
6781.390000
6781.390000
6781.390000
6781.390000
6781.390000
6781.390000
6781.390000
6781.390000
6781.390000
6781.390000
6781.390000
6781.390000
6781.390000
6781.390000
6781.390000
6781.390000
6781.390000
6781.390000
6781.390000
6781.390000
6781.390000
6781.390000
6781.390000
6781.390000
6781.390000
6781.390000
6781.390000
6781.390000
6781.390000
6781.390000
6781.390000
6781.390000
6781.390000
6781.390000
6781.390000
6781.390000
6781.390000
6781.390000
0.000000
0.000000
1177.840958
2670.750208
5253.639771
5119.630091
4259.217197
5884.871598
2703.004811
1959.802834
2857.268645
2340.133431
5437.254571
6781.390000
6781.390000
6781.390000
6781.390000
6781.390000
6781.390000
6781.390000
6781.390000
6781.390000
6781.390000
6781.390000
6781.390000
6781.390000
6781.390000
6781.390000
6781.390000
6781.390000
6781.390000
6781.390000
6781.390000
6781.390000
6781.390000
6781.390000
6781.390000
6781.390000
6781.390000
6781.390000
6781.390000
6781.390000
6781.390000
6781.390000
6781.390000
6781.390000
6781.390000
6781.390000
6781.390000
6781.390000
6781.390000
6781.390000
6781.390000
6477.053434
2556.910764
4548.614100
3854.578418
3132.392025
3319.356589
2835.972089
4461.645302
1458.399175
6781.390000
6781.390000
6781.390000
6781.390000
6781.390000
6781.390000
6781.390000
6781.390000
6781.390000
6781.390000
6781.390000
6781.390000
6781.390000
6781.390000
6781.390000
6781.390000
6781.390000
6781.390000
6781.390000
6781.390000
6781.390000
6781.390000
6781.390000
6781.390000
6781.390000
6781.390000
6781.390000
6781.390000
6781.390000
6781.390000
6781.390000
6781.390000
6781.390000
6781.390000
6781.390000
6781.390000
6781.390000
6781.390000
6781.390000
6781.390000
6781.390000
6781.390000
6781.390000
6781.390000
6781.390000
6781.390000
6781.390000
6781.390000
6781.390000
6781.390000
6781.390000
6781.390000
6781.390000
6781.390000
6781.390000
6781.390000
6781.390000
6781.390000
6781.390000
6781.390000
6781.390000
6781.390000
6781.390000
6781.390000
6781.390000
6781.390000
6781.390000
6781.390000
6781.390000
6781.390000
6781.390000
6781.390000
6781.390000
6781.390000
6781.390000
6781.390000
6781.390000
6781.390000
6781.390000
6781.390000
6781.390000
6781.390000
6781.390000
6781.390000
6781.390000
6507.144291
0.000000
0.000000
541.958536
1255.301895
0.000000
0.000000
4991.952372
5196.229792
0.000000
4356.922346
6781.390000
6781.390000
6781.390000
6781.390000
6781.390000
6781.390000
6781.390000
6781.390000
6781.390000
6781.390000
6781.390000
6781.390000
6781.390000
6781.390000
6781.390000
6781.390000
6781.390000
6781.390000
6781.390000
6781.390000
6781.390000
6781.390000
6781.390000
6781.390000
6781.390000
6781.390000
6781.390000
6781.390000
6781.390000
6781.390000
6781.390000
6781.390000
5157.302538
6781.390000
1859.184769
3542.564835
2189.111370
0.000000
0.000000
0.000000
0.000000
0.000000
0.000000
0.000000
0.000000
0.000000
0.000000
0.000000
3612.813497
6781.390000
6781.390000
6781.390000
6781.390000
6781.390000
6781.390000
6781.390000
6781.390000
6781.390000
6781.390000
6781.390000
6781.390000
6781.390000
6781.390000
6781.390000
6781.390000
6781.390000
6781.390000
6781.390000
6781.390000
6781.390000
6781.390000
6781.390000
6781.390000
6781.390000
6781.390000
6781.390000
6781.390000
6781.390000
6781.390000
6781.390000
6781.390000
6781.390000
6781.390000
6781.390000
1054.206353
0.000000
0.000000
0.000000
0.000000
0.000000
0.000000
0.000000
0.000000
0.000000
0.000000
0.000000
2305.576059
5135.895973
6781.390000
6781.390000
6781.390000
6781.390000
6781.390000
6781.390000
6781.390000
6781.390000
6781.390000
6781.390000
6781.390000
6781.390000
6781.390000
6781.390000
6781.390000
6781.390000
6781.390000
6781.390000
6781.390000
6781.390000
6781.390000
6781.390000
6781.390000
6781.390000
6781.390000
6781.390000
6781.390000
6781.390000
6781.390000
6781.390000
528.430747
3308.146219
852.532287
2725.392597
0.000000
0.000000
0.000000
0.000000
0.000000
0.000000
0.000000
0.000000
0.000000
0.000000
0.000000
0.000000
0.000000
0.000000
6781.390000
6781.390000
6781.390000
6781.390000
6781.390000
6781.390000
6781.390000
6781.390000
6781.390000
6781.390000
6781.390000
6781.390000
6781.390000
6781.390000
6781.390000
6781.390000
6781.390000
6781.390000
6781.390000
6781.390000
6781.390000
6781.390000
6781.390000
6781.390000
6781.390000
6781.390000
6781.390000
6781.390000
1870.367997
2461.307272
0.000000
0.000000
0.000000
0.000000
0.000000
0.000000
0.000000
1210.551320
5964.727506
6781.390000
6781.390000
6781.390000
6781.390000
6781.390000
6781.390000
0.000000
0.000000
0.000000
6781.390000
6781.390000
6781.390000
6781.390000
6781.390000
6781.390000
6781.390000
6781.390000
6781.390000
6781.390000
6781.390000
6781.390000
6781.390000
6781.390000
6781.390000
6781.390000
6781.390000
6781.390000
6781.390000
6781.390000
6781.390000
6781.390000
6781.390000
6781.390000
6781.390000
6781.390000
6781.390000
6781.390000
6781.390000
6781.390000
0.000000
153.492751
0.000000
0.000000
0.000000
0.000000
3562.538180
5255.755055
3789.440373
5786.748897
1996.401391
1460.247336
1152.806329
873.670739
6781.390000
6781.390000
6781.390000
6781.390000
6781.390000
6781.390000
6781.390000
6781.390000
6781.390000
6781.390000
6781.390000
6781.390000
6781.390000
6781.390000
6781.390000
6781.390000
6781.390000
6781.390000
6781.390000
6781.390000
6781.390000
6781.390000
6781.390000
6781.390000
6781.390000
6781.390000
6781.390000
6781.390000
6781.390000
6781.390000
6781.390000
6781.390000
6781.390000
6781.390000
6781.390000
6781.390000
6781.390000
1240.486535
0.000000
0.000000
0.000000
0.000000
0.000000
0.000000
0.000000
0.000000
0.000000
0.000000
762.074395
6781.390000
6781.390000
6781.390000
6781.390000
6781.390000
6781.390000
6781.390000
6781.390000
6781.390000
6781.390000
6781.390000
6781.390000
6781.390000
6781.390000
6781.390000
6781.390000
6781.390000
6781.390000
6781.390000
6781.390000
6781.390000
6781.390000
6781.390000
6781.390000
6781.390000
6781.390000
6781.390000
6781.390000
6781.390000
6781.390000
6781.390000
6781.390000
6781.390000
6781.390000
6781.390000
6781.390000
6781.390000
3632.672858
0.000000
0.000000
0.000000
0.000000
0.000000
0.000000
0.000000
0.000000
0.000000
0.000000
0.000000
0.000000
1822.937398
6781.390000
6781.390000
6781.390000
6781.390000
6781.390000
6781.390000
6781.390000
6781.390000
6781.390000
6781.390000
6781.390000
6781.390000
6781.390000
6781.390000
6781.390000
6781.390000
6781.390000
6781.390000
6781.390000
6781.390000
6781.390000
6781.390000
6781.390000
6781.390000
6781.390000
6781.390000
6781.390000
6781.390000
6781.390000
6781.390000
301.223491
2325.540585
0.000000
398.409516
0.000000
0.000000
0.000000
0.000000
0.000000
0.000000
0.000000
0.000000
0.000000
0.000000
683.243110
6781.390000
4797.228873
6781.390000
6781.390000
6781.390000
6781.390000
6781.390000
6781.390000
6781.390000
6781.390000
6781.390000
6781.390000
6781.390000
6781.390000
6781.390000
6781.390000
6781.390000
6781.390000
6781.390000
6781.390000
6781.390000
6781.390000
6781.390000
6781.390000
6781.390000
6781.390000
6781.390000
6781.390000
6781.390000
6781.390000
6781.390000
6781.390000
6781.390000
0.000000
0.000000
0.000000
0.000000
0.000000
0.000000
0.000000
0.000000
0.000000
0.000000
0.000000
0.000000
0.000000
0.000000
0.000000
0.000000
0.000000
0.000000
6781.390000
6781.390000
6781.390000
6781.390000
6781.390000
6781.390000
6781.390000
6781.390000
6781.390000
6781.390000
6781.390000
6781.390000
6781.390000
6781.390000
6781.390000
6781.390000
6781.390000
6781.390000
6781.390000
6781.390000
6781.390000
6781.390000
6781.390000
6781.390000
6781.390000
6781.390000
6781.390000
6781.390000
6781.390000
6781.390000
298.823012
2619.128800
0.000000
0.000000
1242.677707
0.000000
0.000000
0.000000
0.000000
0.000000
6781.390000
6781.390000
4427.240952
5138.448601
6781.390000
0.000000
0.000000
432.660742
6781.390000
6781.390000
6781.390000
6781.390000
6781.390000
6781.390000
6781.390000
6781.390000
6781.390000
6781.390000
6781.390000
6781.390000
6781.390000
6781.390000
6781.390000
6781.390000
6781.390000
6781.390000
6781.390000
6781.390000
6781.390000
6781.390000
6781.390000
6781.390000
6781.390000
6781.390000
6781.390000
6781.390000
6781.390000
6781.390000
0.000000
0.000000
0.000000
0.000000
0.000000
0.000000
0.000000
0.000000
0.000000
0.000000
0.000000
0.000000
0.000000
0.000000
0.000000
6781.390000
6781.390000
6781.390000
6781.390000
6781.390000
6781.390000
6781.390000
6781.390000
6781.390000
6781.390000
6781.390000
6781.390000
6781.390000
6781.390000
6781.390000
6781.390000
6781.390000
6781.390000
6781.390000
6781.390000
6781.390000
6781.390000
6781.390000
6781.390000
6781.390000
6781.390000
6781.390000
6781.390000
6781.390000
6781.390000
6781.390000
6781.390000
6781.390000
1740.349579
2494.677985
0.000000
633.464834
0.000000
0.000000
0.000000
0.000000
0.000000
78.087801
0.000000
0.000000
0.000000
0.000000
0.000000
0.000000
0.000000
0.000000
6781.390000
6781.390000
6781.390000
6781.390000
6781.390000
6781.390000
6781.390000
6781.390000
6781.390000
6781.390000
6781.390000
6781.390000
6781.390000
6781.390000
6781.390000
6781.390000
6781.390000
6781.390000
6781.390000
6781.390000
6781.390000
6781.390000
6781.390000
6781.390000
6781.390000
6781.390000
6781.390000
6781.390000
6781.390000
6781.390000
0.000000
0.000000
0.000000
0.000000
0.000000
0.000000
0.000000
0.000000
0.000000
0.000000
0.000000
0.000000
0.000000
0.000000
0.000000
6781.390000
6781.390000
6781.390000
6781.390000
6781.390000
6781.390000
6781.390000
6781.390000
6781.390000
6781.390000
6781.390000
6781.390000
6781.390000
6781.390000
6781.390000
6781.390000
6781.390000
6781.390000
6781.390000
6781.390000
6781.390000
6781.390000
6781.390000
6781.390000
6781.390000
6781.390000
6781.390000
6781.390000
6781.390000
6781.390000
6781.390000
5664.416083
6781.390000
0.000000
0.000000
0.000000
0.000000
0.000000
0.000000
0.000000
0.000000
0.000000
0.000000
0.000000
0.000000
0.000000
0.000000
1211.147621
6781.390000
6781.390000
6781.390000
6781.390000
6781.390000
6781.390000
6781.390000
6781.390000
6781.390000
6781.390000
6781.390000
6781.390000
6781.390000
6781.390000
6781.390000
6781.390000
6781.390000
6781.390000
6781.390000
6781.390000
6781.390000
6781.390000
6781.390000
6781.390000
6781.390000
6781.390000
6781.390000
6781.390000
6781.390000
6781.390000
6781.390000
6781.390000
6781.390000
6781.390000
6781.390000
6781.390000
6781.390000
4489.138457
0.000000
0.000000
0.000000
0.000000
0.000000
0.000000
0.000000
0.000000
0.000000
0.000000
0.000000
0.000000
0.000000
6781.390000
6781.390000
6781.390000
6781.390000
6781.390000
6781.390000
6781.390000
6781.390000
6781.390000
6781.390000
6781.390000
6781.390000
6781.390000
6781.390000
6781.390000
6781.390000
6781.390000
6781.390000
6781.390000
6781.390000
6781.390000
6781.390000
6781.390000
6781.390000
6781.390000
6781.390000
6781.390000
6781.390000
6781.390000
6781.390000
0.000000
0.000000
0.000000
0.000000
0.000000
0.000000
0.000000
0.000000
0.000000
0.000000
0.000000
487.731175
0.000000
749.862633
6781.390000
0.000000
0.000000
0.000000
6781.390000
6781.390000
6781.390000
6781.390000
6781.390000
6781.390000
6781.390000
6781.390000
6781.390000
6781.390000
6781.390000
6781.390000
6781.390000
6781.390000
6781.390000
6781.390000
6781.390000
6781.390000
6781.390000
6781.390000
6781.390000
6781.390000
6781.390000
6781.390000
6781.390000
6781.390000
6781.390000
6781.390000
6781.390000
6781.390000
0.000000
0.000000
6781.390000
4479.467874
3348.011811
733.025292
1224.745545
1247.848783
4567.930457
5071.059769
4439.081676
5046.376881
6781.390000
6781.390000
6781.390000
6781.390000
6781.390000
6781.390000
6781.390000
6781.390000
6781.390000
6781.390000
6781.390000
6781.390000
6781.390000
6781.390000
6781.390000
6781.390000
6781.390000
6781.390000
6781.390000
6781.390000
6781.390000
6781.390000
6781.390000
6781.390000
6781.390000
6781.390000
6781.390000
6781.390000
6781.390000
6781.390000
6781.390000
6781.390000
6781.390000
6781.390000
6781.390000
6781.390000
0.000000
0.000000
0.000000
0.000000
0.000000
0.000000
0.000000
0.000000
0.000000
0.000000
0.000000
0.000000
0.000000
0.000000
0.000000
6781.390000
6781.390000
6781.390000
6781.390000
6781.390000
6781.390000
6781.390000
6781.390000
6781.390000
6781.390000
6781.390000
6781.390000
6781.390000
6781.390000
6781.390000
6781.390000
6781.390000
6781.390000
6781.390000
6781.390000
6781.390000
6781.390000
6781.390000
6781.390000
6781.390000
6781.390000
6781.390000
6781.390000
6781.390000
6781.390000
6781.390000
6781.390000
6781.390000
0.000000
0.000000
0.000000
0.000000
0.000000
0.000000
0.000000
366.113743
0.000000
0.000000
1713.559880
1383.285932
0.000000
577.612067
0.000000
0.000000
2649.853531
6498.020677
6781.390000
6781.390000
6781.390000
6781.390000
6781.390000
6781.390000
6781.390000
6781.390000
6781.390000
6781.390000
6781.390000
6781.390000
6781.390000
6781.390000
6781.390000
6781.390000
6781.390000
6781.390000
6781.390000
6781.390000
6781.390000
6781.390000
6781.390000
6781.390000
6781.390000
6781.390000
6781.390000
6781.390000
6781.390000
6781.390000
6152.075696
6781.390000
6781.390000
6781.390000
6781.390000
6781.390000
4885.897111
4805.851560
6781.390000
6781.390000
6781.390000
6781.390000
6781.390000
6781.390000
6781.390000
6781.390000
6781.390000
6781.390000
6781.390000
6781.390000
6781.390000
6781.390000
6781.390000
6781.390000
6781.390000
6781.390000
6781.390000
6781.390000
6781.390000
6781.390000
6781.390000
6781.390000
6781.390000
6781.390000
6781.390000
6781.390000
6781.390000
6781.390000
6781.390000
6781.390000
6781.390000
6781.390000
6781.390000
6781.390000
6781.390000
6781.390000
6781.390000
6781.390000
0.000000
637.456675
0.000000
0.000000
0.000000
0.000000
0.000000
0.000000
0.000000
0.000000
0.000000
0.000000
0.000000
0.000000
0.000000
6781.390000
6781.390000
6781.390000
6781.390000
6781.390000
6781.390000
6781.390000
6781.390000
6781.390000
6781.390000
6781.390000
6781.390000
6781.390000
6781.390000
6781.390000
6781.390000
6781.390000
6781.390000
6781.390000
6781.390000
6781.390000
6781.390000
6781.390000
6781.390000
6781.390000
6781.390000
6781.390000
6781.390000
6781.390000
6781.390000
6781.390000
0.000000
0.000000
0.000000
0.000000
0.000000
0.000000
0.000000
0.000000
0.000000
0.000000
0.000000
0.000000
0.000000
0.000000
0.000000
0.000000
3687.433673
6781.390000
6781.390000
6781.390000
6781.390000
6781.390000
6781.390000
6781.390000
6781.390000
6781.390000
6781.390000
6781.390000
6781.390000
6781.390000
6781.390000
6781.390000
6781.390000
6781.390000
6781.390000
6781.390000
6781.390000
6781.390000
6781.390000
6781.390000
6781.390000
6781.390000
6781.390000
6781.390000
6781.390000
6781.390000
6781.390000
6781.390000
6333.754676
6781.390000
0.000000
0.000000
0.000000
0.000000
0.000000
0.000000
0.000000
0.000000
0.000000
0.000000
0.000000
0.000000
0.000000
0.000000
1906.100082
6781.390000
6781.390000
6781.390000
6781.390000
6781.390000
6781.390000
6781.390000
6781.390000
6781.390000
6781.390000
6781.390000
6781.390000
6781.390000
6781.390000
6781.390000
6781.390000
6781.390000
6781.390000
6781.390000
6781.390000
6781.390000
6781.390000
6781.390000
6781.390000
6781.390000
6781.390000
6781.390000
6781.390000
6781.390000
6781.390000
6781.390000
6781.390000
6781.390000
2885.270226
4636.180059
5448.307023
2314.268200
6781.390000
6781.390000
0.000000
0.000000
0.000000
0.000000
0.000000
0.000000
0.000000
0.000000
3270.220298
0.000000
4186.859683
6303.131498
6781.390000
6781.390000
6781.390000
6781.390000
6781.390000
6781.390000
6781.390000
6781.390000
6781.390000
6781.390000
6781.390000
6781.390000
6781.390000
6781.390000
6781.390000
6781.390000
6781.390000
6781.390000
6781.390000
6781.390000
6781.390000
6781.390000
6781.390000
6781.390000
6781.390000
6781.390000
6781.390000
6781.390000
6781.390000
6781.390000
6781.390000
6781.390000
5232.136560
6452.978122
6781.390000
6781.390000
6781.390000
6781.390000
6781.390000
6781.390000
6781.390000
6781.390000
6781.390000
6781.390000
6781.390000
6781.390000
6781.390000
6781.390000
6781.390000
6781.390000
6781.390000
6781.390000
6781.390000
6781.390000
6781.390000
6781.390000
6781.390000
6781.390000
6781.390000
6781.390000
6781.390000
6781.390000
6781.390000
6781.390000
6781.390000
6781.390000
6781.390000
6781.390000
6781.390000
6781.390000
6781.390000
6781.390000
6781.390000
6781.390000
6781.390000
6781.390000
6781.390000
6781.390000
6596.693302
6781.390000
6781.390000
6781.390000
6781.390000
6781.390000
4867.423656
6603.190288
0.000000
0.000000
6781.390000
6781.390000
6781.390000
6781.390000
6781.390000
6781.390000
6781.390000
6781.390000
6781.390000
6781.390000
6781.390000
6781.390000
6781.390000
6781.390000
6781.390000
6781.390000
6781.390000
6781.390000
6781.390000
6781.390000
6781.390000
6781.390000
6781.390000
6781.390000
6781.390000
6781.390000
6781.390000
6781.390000
6781.390000
6781.390000
6781.390000
6781.390000
6781.390000
6781.390000
6781.390000
6781.390000
6781.390000
6781.390000
0.000000
0.000000
0.000000
0.000000
0.000000
0.000000
0.000000
0.000000
0.000000
0.000000
0.000000
0.000000
0.000000
0.000000
0.000000
0.000000
0.000000
0.000000
6781.390000
6781.390000
6781.390000
6781.390000
6781.390000
6781.390000
6781.390000
6781.390000
6781.390000
6781.390000
6781.390000
6781.390000
6781.390000
6781.390000
6781.390000
6781.390000
6781.390000
6781.390000
6781.390000
6781.390000
6781.390000
6781.390000
6781.390000
6781.390000
6781.390000
6781.390000
6781.390000
6781.390000
0.000000
0.000000
0.000000
0.000000
0.000000
0.000000
0.000000
0.000000
0.000000
0.000000
0.000000
0.000000
0.000000
0.000000
0.000000
0.000000
253.098427
0.000000
0.000000
0.000000
6781.390000
6781.390000
6781.390000
6781.390000
6781.390000
6781.390000
6781.390000
6781.390000
6781.390000
6781.390000
6781.390000
6781.390000
6781.390000
6781.390000
6781.390000
6781.390000
6781.390000
6781.390000
6781.390000
6781.390000
6781.390000
6781.390000
6781.390000
6781.390000
6781.390000
6781.390000
6781.390000
6781.390000
0.000000
0.000000
0.000000
0.000000
0.000000
0.000000
0.000000
0.000000
0.000000
0.000000
0.000000
0.000000
0.000000
0.000000
0.000000
0.000000
0.000000
4530.930691
6781.390000
6781.390000
6781.390000
6781.390000
6781.390000
6781.390000
6781.390000
6781.390000
6781.390000
6781.390000
6781.390000
6781.390000
6781.390000
6781.390000
6781.390000
6781.390000
6781.390000
6781.390000
6781.390000
6781.390000
6781.390000
6781.390000
6781.390000
6781.390000
6781.390000
6781.390000
6781.390000
6781.390000
6781.390000
6781.390000
0.000000
0.000000
0.000000
0.000000
0.000000
0.000000
0.000000
0.000000
0.000000
0.000000
0.000000
0.000000
0.000000
0.000000
1798.862076
3713.706789
0.000000
0.000000
6781.390000
6781.390000
6781.390000
6781.390000
6781.390000
6781.390000
6781.390000
6781.390000
6781.390000
6781.390000
6781.390000
6781.390000
6781.390000
6781.390000
6781.390000
6781.390000
6781.390000
6781.390000
6781.390000
6781.390000
6781.390000
6781.390000
6781.390000
6781.390000
6781.390000
6781.390000
6781.390000
6781.390000
6781.390000
6781.390000
6781.390000
6781.390000
6781.390000
6781.390000
6781.390000
6781.390000
6781.390000
6781.390000
6781.390000
6781.390000
6781.390000
6781.390000
6781.390000
6781.390000
6781.390000
6781.390000
6781.390000
6781.390000
6781.390000
6781.390000
6781.390000
6781.390000
6781.390000
6781.390000
6781.390000
6781.390000
6781.390000
6781.390000
6781.390000
6781.390000
6781.390000
6781.390000
6781.390000
6781.390000
6781.390000
6781.390000
6781.390000
6781.390000
6781.390000
6781.390000
6781.390000
6781.390000
6781.390000
6781.390000
6781.390000
6781.390000
6781.390000
6781.390000
0.000000
0.000000
0.000000
0.000000
0.000000
0.000000
0.000000
135.046824
3820.691680
5574.601749
6112.329716
6096.887101
6781.390000
6733.749355
6781.390000
6781.390000
6781.390000
6781.390000
6781.390000
6781.390000
6781.390000
6781.390000
6781.390000
6781.390000
6781.390000
6781.390000
6781.390000
6781.390000
6781.390000
6781.390000
6781.390000
6781.390000
6781.390000
6781.390000
6781.390000
6781.390000
6781.390000
6781.390000
6781.390000
6781.390000
6781.390000
6781.390000
6781.390000
6781.390000
6781.390000
6781.390000
6781.390000
6781.390000
0.000000
0.000000
0.000000
0.000000
0.000000
0.000000
0.000000
0.000000
0.000000
0.000000
0.000000
0.000000
3346.123833
2995.364789
4697.541159
5777.143502
6768.554774
6781.390000
6781.390000
6781.390000
6781.390000
6781.390000
6781.390000
6781.390000
6781.390000
6781.390000
6781.390000
6781.390000
6781.390000
6781.390000
6781.390000
6781.390000
6781.390000
6781.390000
6781.390000
6781.390000
6781.390000
6781.390000
6781.390000
6781.390000
6781.390000
6781.390000
6781.390000
6781.390000
6781.390000
6781.390000
6781.390000
6781.390000
0.000000
0.000000
0.000000
0.000000
0.000000
0.000000
0.000000
0.000000
0.000000
0.000000
0.000000
0.000000
0.000000
624.711670
4128.686044
6327.589148
6781.390000
6781.390000
6781.390000
6781.390000
6781.390000
6781.390000
6781.390000
6781.390000
6781.390000
6781.390000
6781.390000
6781.390000
6781.390000
6781.390000
6781.390000
6781.390000
6781.390000
6781.390000
6781.390000
6781.390000
6781.390000
6781.390000
6781.390000
6781.390000
6781.390000
6781.390000
6781.390000
6781.390000
6781.390000
6781.390000
6781.390000
6781.390000
4574.848160
6781.390000
1379.090650
3760.694128
3083.571709
1027.349091
0.000000
0.000000
0.000000
0.000000
3164.150874
3976.290488
3167.488594
4106.797510
6781.390000
6781.390000
6781.390000
6781.390000
6781.390000
6781.390000
6781.390000
6781.390000
6781.390000
6781.390000
6781.390000
6781.390000
6781.390000
6781.390000
6781.390000
6781.390000
6781.390000
6781.390000
6781.390000
6781.390000
6781.390000
6781.390000
6781.390000
6781.390000
6781.390000
6781.390000
6781.390000
6781.390000
6781.390000
6781.390000
6781.390000
6781.390000
6781.390000
6781.390000
0.000000
0.000000
0.000000
0.000000
0.000000
0.000000
0.000000
0.000000
0.000000
0.000000
0.000000
0.000000
6781.390000
6781.390000
6781.390000
6781.390000
6781.390000
6781.390000
6781.390000
6781.390000
6781.390000
6781.390000
6781.390000
6781.390000
6781.390000
6781.390000
6781.390000
6781.390000
6781.390000
6781.390000
6781.390000
6781.390000
6781.390000
6781.390000
6781.390000
6781.390000
6781.390000
6781.390000
6781.390000
6781.390000
6781.390000
6781.390000
6781.390000
6781.390000
6781.390000
6781.390000
6781.390000
6781.390000
6781.390000
6781.390000
6781.390000
6781.390000
0.000000
0.000000
6781.390000
6770.164893
1308.803179
1393.993710
381.798801
1371.808190
3643.565725
4356.572076
4935.247501
6781.390000
6781.390000
6781.390000
6781.390000
6781.390000
6781.390000
6781.390000
6781.390000
6781.390000
6781.390000
6781.390000
6781.390000
6781.390000
6781.390000
6781.390000
6781.390000
6781.390000
6781.390000
6781.390000
6781.390000
6781.390000
6781.390000
6781.390000
6781.390000
6781.390000
6781.390000
6781.390000
6781.390000
6781.390000
6781.390000
6781.390000
6781.390000
6781.390000
2653.019699
5737.156082
0.000000
0.000000
0.000000
0.000000
6781.390000
5095.403653
2170.088088
2172.648547
4473.349829
5243.082512
2861.346247
3310.494623
2659.373421
4555.777739
6781.390000
6559.166281
6781.390000
6781.390000
6781.390000
6781.390000
6781.390000
6781.390000
6781.390000
6781.390000
6781.390000
6781.390000
6781.390000
6781.390000
6781.390000
6781.390000
6781.390000
6781.390000
6781.390000
6781.390000
6781.390000
6781.390000
6781.390000
6781.390000
6781.390000
6781.390000
6781.390000
6781.390000
6781.390000
6781.390000
6781.390000
6781.390000
0.000000
0.000000
0.000000
0.000000
0.000000
0.000000
2719.758697
4482.377052
5890.351744
6781.390000
6781.390000
6781.390000
6212.379173
5679.172999
5993.289155
6781.390000
6781.390000
2382.501939
6446.306756
6781.390000
6781.390000
6781.390000
6781.390000
6781.390000
6781.390000
6781.390000
6781.390000
6781.390000
6781.390000
6781.390000
6781.390000
6781.390000
6781.390000
6781.390000
6781.390000
6781.390000
6781.390000
6781.390000
6781.390000
6781.390000
6781.390000
6781.390000
6781.390000
6781.390000
6781.390000
6781.390000
6781.390000
6781.390000
6781.390000
6781.390000
6781.390000
6781.390000
6781.390000
6781.390000
6781.390000
6781.390000
6781.390000
6781.390000
6781.390000
6781.390000
6781.390000
6781.390000
6781.390000
6781.390000
6781.390000
6781.390000
6781.390000
6781.390000
6781.390000
6781.390000
6781.390000
6781.390000
6781.390000
6781.390000
6781.390000
6781.390000
6781.390000
6781.390000
6781.390000
6781.390000
6781.390000
6781.390000
6781.390000
6781.390000
6781.390000
6781.390000
6781.390000
6781.390000
6781.390000
6781.390000
6781.390000
6781.390000
6781.390000
6781.390000
6781.390000
6781.390000
6781.390000
6781.390000
6781.390000
6781.390000
6781.390000
6781.390000
6781.390000
6781.390000
6781.390000
6781.390000
6781.390000
6781.390000
6781.390000
6781.390000
6781.390000
6781.390000
6781.390000
6781.390000
6781.390000
6781.390000
6781.390000
6781.390000
6781.390000
6781.390000
6781.390000
6781.390000
6781.390000
6781.390000
6781.390000
6781.390000
6781.390000
6781.390000
6781.390000
6781.390000
6781.390000
6781.390000
6781.390000
6781.390000
6781.390000
6781.390000
6781.390000
6781.390000
6781.390000
6781.390000
6781.390000
6781.390000
6781.390000
6781.390000
6781.390000
6781.390000
6781.390000
6781.390000
6781.390000
6781.390000
6781.390000
6781.390000
6781.390000
6781.390000
6781.390000
6781.390000
6781.390000
6781.390000
6781.390000
6781.390000
6781.390000
6781.390000
6781.390000
6781.390000
6781.390000
6781.390000
6781.390000
6781.390000
6781.390000
6781.390000
6781.390000
6781.390000
6781.390000
6781.390000
6781.390000
6781.390000
6781.390000
6781.390000
6781.390000
6781.390000
6781.390000
6781.390000
6781.390000
6781.390000
6781.390000
6781.390000
6781.390000
6781.390000
6781.390000
6781.390000
6781.390000
6781.390000
6781.390000
6781.390000
6781.390000
6781.390000
6781.390000
6781.390000
6781.390000
6781.390000
6781.390000
6781.390000
6781.390000
6781.390000
6781.390000
6781.390000
6781.390000
6781.390000
6781.390000
6781.390000
6781.390000
6781.390000
6781.390000
6781.390000
6781.390000
6781.390000
6781.390000
6781.390000
6781.390000
6781.390000
6781.390000
6781.390000
6781.390000
6781.390000
6781.390000
6781.390000
6781.390000
6781.390000
6781.390000
6781.390000
6781.390000
6781.390000
6781.390000
6781.390000
6781.390000
6781.390000
6781.390000
6781.390000
6781.390000
6781.390000
6781.390000
6781.390000
3217.755157
5021.146219
6781.390000
4862.755991
6781.390000
6781.390000
6781.390000
6781.390000
6781.390000
6781.390000
6781.390000
6781.390000
6781.390000
6781.390000
6781.390000
6781.390000
6781.390000
6781.390000
6781.390000
6781.390000
6781.390000
6781.390000
6781.390000
6781.390000
6781.390000
6781.390000
6781.390000
6781.390000
6781.390000
6781.390000
6781.390000
6781.390000
6781.390000
6781.390000
6781.390000
6781.390000
6781.390000
6781.390000
6781.390000
6781.390000
6781.390000
6781.390000
6781.390000
6781.390000
6781.390000
6781.390000
6781.390000
6781.390000
0.000000
513.990719
0.000000
0.000000
0.000000
0.000000
1840.222665
1816.419427
6781.390000
6781.390000
6781.390000
6781.390000
6781.390000
6781.390000
6781.390000
6781.390000
6781.390000
6781.390000
6781.390000
6781.390000
6781.390000
6781.390000
6781.390000
6781.390000
6781.390000
6781.390000
6781.390000
6781.390000
6781.390000
6781.390000
6781.390000
6781.390000
6781.390000
6781.390000
6781.390000
6781.390000
6781.390000
6781.390000
6781.390000
6781.390000
6781.390000
6781.390000
6781.390000
6781.390000
6781.390000
6781.390000
0.000000
0.000000
0.000000
0.000000
0.000000
0.000000
0.000000
0.000000
0.000000
0.000000
0.000000
0.000000
0.000000
0.000000
4299.839206
5242.889330
5195.971778
6781.390000
6781.390000
6781.390000
6781.390000
6781.390000
6781.390000
6781.390000
6781.390000
6781.390000
6781.390000
6781.390000
6781.390000
6781.390000
6781.390000
6781.390000
6781.390000
6781.390000
6781.390000
6781.390000
6781.390000
6781.390000
6781.390000
6781.390000
6781.390000
6781.390000
6781.390000
6781.390000
6781.390000
6781.390000
6781.390000
6781.390000
0.000000
0.000000
0.000000
0.000000
0.000000
0.000000
0.000000
0.000000
0.000000
0.000000
0.000000
0.000000
6781.390000
6781.390000
6781.390000
6781.390000
6781.390000
6781.390000
1537.886596
5206.690798
6781.390000
6781.390000
6781.390000
6781.390000
6781.390000
6781.390000
6781.390000
6781.390000
6781.390000
6781.390000
6781.390000
6781.390000
6781.390000
6781.390000
6781.390000
6781.390000
6781.390000
6781.390000
6781.390000
6781.390000
6781.390000
6781.390000
6781.390000
6781.390000
6781.390000
6781.390000
6781.390000
6781.390000
3539.350300
6600.766724
0.000000
1840.271454
2249.058292
182.237356
0.000000
0.000000
0.000000
0.000000
0.000000
0.000000
0.000000
0.000000
0.000000
0.000000
3003.482871
4320.965410
6781.390000
6781.390000
6781.390000
6781.390000
6781.390000
6781.390000
6781.390000
6781.390000
6781.390000
6781.390000
6781.390000
6781.390000
6781.390000
6781.390000
6781.390000
6781.390000
6781.390000
6781.390000
6781.390000
6781.390000
6781.390000
6781.390000
6781.390000
6781.390000
6781.390000
6781.390000
6781.390000
6781.390000
6781.390000
6781.390000
4280.768157
6781.390000
0.000000
0.000000
0.000000
0.000000
0.000000
0.000000
0.000000
0.000000
0.000000
0.000000
6781.390000
6781.390000
6781.390000
6781.390000
6781.390000
6781.390000
6781.390000
6781.390000
6781.390000
6781.390000
6781.390000
6781.390000
6781.390000
6781.390000
6781.390000
6781.390000
6781.390000
6781.390000
6781.390000
6781.390000
6781.390000
6781.390000
6781.390000
6781.390000
6781.390000
6781.390000
6781.390000
6781.390000
6781.390000
6781.390000
6781.390000
6781.390000
6781.390000
6781.390000
6781.390000
6781.390000
0.000000
2700.766423
0.000000
0.000000
0.000000
0.000000
0.000000
0.000000
0.000000
0.000000
0.000000
230.347097
6599.172939
6781.390000
6781.390000
6781.390000
6781.390000
6781.390000
6781.390000
6781.390000
6781.390000
6781.390000
6781.390000
6781.390000
6781.390000
6781.390000
6781.390000
6781.390000
6781.390000
6781.390000
6781.390000
6781.390000
6781.390000
6781.390000
6781.390000
6781.390000
6781.390000
6781.390000
6781.390000
6781.390000
6781.390000
6781.390000
6781.390000
6781.390000
6781.390000
6781.390000
6781.390000
6781.390000
3479.838603
6503.826331
1556.590065
3691.103025
6781.390000
6781.390000
6781.390000
5883.347070
4144.867586
4494.845997
6353.554181
6781.390000
6781.390000
6781.390000
6781.390000
6781.390000
6781.390000
6781.390000
6781.390000
6781.390000
6781.390000
6781.390000
6781.390000
6781.390000
6781.390000
6781.390000
6781.390000
6781.390000
6781.390000
6781.390000
6781.390000
6781.390000
6781.390000
6781.390000
6781.390000
6781.390000
6781.390000
6781.390000
6781.390000
6781.390000
6781.390000
6781.390000
6781.390000
6781.390000
6781.390000
6781.390000
6781.390000
6781.390000
6781.390000
6781.390000
6781.390000
6781.390000
6781.390000
6781.390000
6781.390000
6781.390000
6056.582755
6521.705707
6371.760292
6781.390000
6781.390000
6781.390000
6781.390000
6781.390000
6781.390000
6781.390000
6781.390000
6781.390000
6781.390000
6781.390000
6781.390000
6781.390000
6781.390000
6781.390000
6781.390000
6781.390000
6781.390000
6781.390000
6781.390000
6781.390000
6781.390000
6781.390000
6781.390000
6781.390000
6781.390000
6781.390000
6781.390000
6781.390000
6781.390000
6781.390000
6781.390000
6781.390000
6781.390000
6781.390000
6781.390000
6781.390000
6781.390000
6781.390000
5731.016496
6781.390000
6278.507534
6781.390000
0.000000
1934.390684
1898.130340
3978.327511
0.000000
0.000000
3528.818377
3073.929953
6781.390000
6781.390000
6781.390000
5113.216779
6781.390000
6781.390000
6781.390000
6781.390000
6781.390000
6781.390000
6781.390000
6781.390000
6781.390000
6781.390000
6781.390000
6781.390000
6781.390000
6781.390000
6781.390000
6781.390000
6781.390000
6781.390000
6781.390000
6781.390000
6781.390000
6781.390000
6781.390000
6781.390000
6781.390000
6781.390000
6781.390000
6781.390000
6781.390000
6781.390000
6781.390000
6781.390000
6781.390000
6781.390000
6781.390000
6781.390000
6781.390000
6781.390000
6781.390000
6781.390000
6781.390000
6781.390000
6781.390000
6781.390000
6781.390000
6781.390000
6781.390000
6781.390000
6781.390000
6781.390000
6781.390000
6781.390000
6781.390000
6781.390000
6781.390000
6781.390000
6781.390000
6781.390000
6781.390000
6781.390000
6781.390000
6781.390000
6781.390000
6781.390000
6781.390000
6781.390000
6781.390000
6781.390000
6781.390000
6781.390000
6781.390000
6781.390000
6781.390000
6781.390000
6781.390000
6781.390000
6781.390000
6781.390000
6781.390000
6781.390000
3837.290821
6199.353705
1477.420574
0.000000
0.000000
0.000000
3022.321345
3314.971893
0.000000
0.000000
747.891137
1271.729316
6781.390000
6781.390000
6781.390000
6781.390000
6781.390000
6781.390000
6781.390000
6781.390000
6781.390000
6781.390000
6781.390000
6781.390000
6781.390000
6781.390000
6781.390000
6781.390000
6781.390000
6781.390000
6781.390000
6781.390000
6781.390000
6781.390000
6781.390000
6781.390000
6781.390000
6781.390000
6781.390000
6781.390000
6781.390000
6781.390000
6781.390000
6781.390000
6781.390000
6781.390000
6781.390000
6781.390000
6781.390000
6781.390000
6781.390000
6781.390000
6781.390000
6781.390000
6781.390000
6781.390000
6781.390000
6781.390000
6781.390000
6781.390000
6781.390000
6781.390000
6781.390000
6781.390000
6781.390000
6781.390000
6781.390000
6781.390000
6781.390000
6781.390000
6781.390000
6781.390000
6781.390000
6781.390000
6781.390000
6781.390000
6781.390000
6781.390000
6781.390000
6781.390000
6781.390000
6781.390000
6781.390000
6781.390000
6781.390000
6781.390000
6781.390000
6781.390000
6781.390000
6781.390000
6781.390000
6781.390000
6781.390000
6781.390000
6781.390000
6781.390000
6781.390000
6781.390000
6781.390000
6781.390000
6781.390000
6781.390000
6781.390000
6781.390000
6781.390000
6781.390000
6781.390000
6781.390000
6781.390000
6781.390000
6781.390000
6781.390000
6781.390000
6781.390000
6781.390000
6781.390000
6781.390000
6781.390000
6781.390000
6781.390000
6781.390000
6781.390000
6781.390000
6781.390000
6781.390000
6781.390000
6781.390000
6781.390000
6781.390000
6781.390000
6781.390000
6781.390000
6781.390000
6781.390000
6781.390000
6781.390000
6781.390000
6781.390000
6781.390000
6781.390000
6781.390000
6781.390000
6781.390000
6781.390000
6781.390000
6781.390000
6781.390000
6781.390000
6781.390000
6781.390000
6781.390000
6781.390000
6781.390000
6781.390000
6781.390000
6781.390000
6781.390000
6781.390000
6781.390000
6781.390000
6781.390000
6781.390000
6781.390000
6781.390000
6781.390000
6781.390000
6781.390000
6781.390000
6781.390000
6781.390000
6781.390000
6781.390000
6781.390000
6781.390000
6781.390000
6781.390000
6781.390000
6781.390000
6781.390000
6781.390000
6781.390000
6781.390000
6781.390000
6781.390000
6781.390000
6781.390000
6781.390000
6781.390000
6781.390000
6781.390000
6781.390000
6781.390000
6781.390000
6781.390000
6781.390000
6781.390000
6781.390000
6781.390000
6781.390000
6781.390000
6781.390000
6781.390000
6781.390000
6781.390000
6781.390000
6781.390000
6781.390000
6781.390000
6781.390000
6781.390000
6781.390000
6781.390000
6781.390000
6781.390000
6781.390000
6781.390000
6781.390000
6781.390000
6781.390000
6781.390000
6781.390000
6781.390000
6781.390000
6781.390000
6781.390000
6781.390000
6781.390000
6781.390000
6781.390000
6781.390000
6781.390000
6781.390000
6781.390000
6781.390000
6781.390000
6781.390000
6781.390000
6781.390000
6781.390000
6781.390000
6781.390000
6781.390000
6781.390000
6781.390000
6781.390000
6781.390000
6781.390000
6781.390000
6781.390000
6781.390000
6781.390000
6781.390000
6781.390000
6781.390000
6781.390000
6781.390000
6781.390000
6781.390000
6781.390000
6781.390000
6781.390000
6781.390000
6781.390000
6781.390000
6781.390000
6781.390000
6781.390000
6781.390000
6781.390000
6781.390000
6781.390000
6781.390000
6781.390000
6781.390000
6781.390000
6781.390000
6781.390000
6781.390000
6781.390000
6781.390000
6781.390000
6781.390000
6781.390000
6781.390000
6781.390000
6781.390000
6781.390000
6781.390000
6781.390000
6781.390000
6781.390000
6781.390000
6781.390000
6781.390000
6781.390000
6781.390000
6781.390000
6781.390000
6781.390000
6781.390000
6781.390000
6781.390000
6781.390000
6781.390000
6781.390000
6781.390000
6781.390000
6781.390000
6781.390000
6781.390000
6781.390000
6781.390000
6781.390000
6781.390000
6781.390000
6781.390000
6781.390000
6781.390000
6781.390000
6781.390000
6781.390000
6781.390000
6781.390000
6781.390000
6781.390000
6781.390000
6781.390000
6781.390000
6781.390000
6781.390000
6781.390000
6781.390000
6781.390000
6781.390000
6781.390000
6781.390000
6781.390000
6781.390000
6781.390000
6781.390000
6781.390000
0.000000
6781.390000
6781.390000
6781.390000
6781.390000
6781.390000
6781.390000
6781.390000
6781.390000
6781.390000
6781.390000
6781.390000
6781.390000
6781.390000
6781.390000
6781.390000
6781.390000
6781.390000
6781.390000
6781.390000
6781.390000
6781.390000
6781.390000
6781.390000
6781.390000
6781.390000
6781.390000
6781.390000
6781.390000
6781.390000
6781.390000
6781.390000
6781.390000
6781.390000
6781.390000
6781.390000
6781.390000
6781.390000
6781.390000
6781.390000
6781.390000
6781.390000
6781.390000
6781.390000
6781.390000
6781.390000
6781.390000
6781.390000
6781.390000
6781.390000
6781.390000
6781.390000
1172.576286
0.000000
0.000000
6781.390000
6781.390000
6781.390000
6781.390000
6781.390000
6781.390000
6781.390000
6781.390000
6781.390000
6781.390000
6781.390000
6781.390000
6781.390000
6781.390000
6781.390000
6781.390000
6781.390000
6781.390000
6781.390000
6781.390000
6781.390000
6781.390000
6781.390000
6781.390000
6781.390000
6781.390000
6781.390000
6781.390000
6781.390000
6781.390000
6781.390000
6781.390000
6781.390000
6781.390000
6781.390000
6781.390000
6781.390000
6781.390000
6781.390000
6781.390000
6781.390000
0.000000
1692.634702
1869.556389
0.000000
0.000000
2619.937097
3305.164554
6781.390000
6781.390000
6781.390000
6781.390000
6781.390000
6781.390000
6781.390000
6781.390000
6781.390000
6781.390000
6781.390000
6781.390000
6781.390000
6781.390000
6781.390000
6781.390000
6781.390000
6781.390000
6781.390000
6781.390000
6781.390000
6781.390000
6781.390000
6781.390000
6781.390000
6781.390000
6781.390000
6781.390000
6781.390000
6781.390000
6781.390000
6781.390000
6781.390000
6781.390000
6781.390000
6781.390000
6781.390000
6781.390000
6781.390000
6781.390000
0.000000
0.000000
0.000000
0.000000
0.000000
0.000000
5258.869649
5981.224550
6781.390000
6781.390000
6781.390000
6781.390000
6781.390000
6781.390000
6781.390000
6781.390000
6781.390000
6781.390000
6781.390000
6781.390000
6781.390000
6781.390000
6781.390000
6781.390000
6781.390000
6781.390000
6781.390000
6781.390000
6781.390000
6781.390000
6781.390000
6781.390000
6781.390000
6781.390000
6781.390000
6781.390000
6781.390000
6781.390000
6781.390000
6781.390000
6781.390000
6781.390000
2286.374777
6067.824554
6296.170181
6781.390000
6781.390000
6781.390000
6781.390000
6781.390000
6781.390000
6781.390000
6781.390000
6781.390000
6781.390000
6781.390000
6781.390000
6781.390000
6781.390000
6781.390000
6781.390000
6781.390000
6781.390000
6781.390000
6781.390000
6781.390000
6781.390000
6781.390000
6781.390000
6781.390000
6781.390000
6781.390000
6781.390000
6781.390000
6781.390000
6781.390000
6781.390000
6781.390000
6781.390000
6781.390000
6781.390000
6781.390000
6781.390000
6781.390000
6781.390000
6781.390000
6781.390000
6781.390000
6781.390000
6781.390000
6781.390000
6781.390000
1421.597250
3003.082486
6781.390000
6781.390000
6781.390000
6781.390000
6781.390000
6781.390000
6781.390000
6781.390000
6781.390000
6781.390000
6781.390000
6781.390000
6781.390000
6781.390000
6781.390000
6781.390000
6781.390000
6781.390000
6781.390000
6781.390000
6781.390000
6781.390000
6781.390000
6781.390000
6781.390000
6781.390000
6781.390000
6781.390000
6781.390000
6781.390000
6781.390000
6781.390000
6781.390000
6781.390000
6781.390000
6781.390000
6781.390000
6781.390000
6781.390000
6781.390000
6781.390000
6781.390000
6781.390000
6781.390000
6781.390000
6781.390000
6781.390000
6781.390000
0.000000
0.000000
0.000000
1935.113365
3365.817721
5445.104290
6781.390000
6781.390000
6781.390000
6781.390000
6781.390000
6781.390000
6781.390000
6781.390000
6781.390000
6781.390000
6781.390000
6781.390000
6781.390000
6781.390000
6781.390000
6781.390000
6781.390000
6781.390000
6781.390000
6781.390000
6781.390000
6781.390000
6781.390000
6781.390000
6781.390000
6781.390000
6781.390000
6781.390000
6781.390000
6781.390000
6781.390000
6781.390000
6781.390000
6781.390000
6781.390000
6781.390000
6781.390000
6781.390000
6781.390000
6781.390000
6781.390000
6781.390000
6781.390000
6781.390000
6781.390000
6781.390000
6781.390000
6781.390000
6781.390000
6781.390000
6781.390000
6781.390000
6781.390000
6781.390000
6781.390000
6781.390000
6781.390000
6781.390000
6781.390000
6781.390000
6781.390000
6781.390000
6781.390000
6781.390000
6781.390000
6781.390000
6781.390000
6781.390000
6781.390000
6781.390000
6781.390000
6781.390000
6781.390000
6781.390000
6781.390000
6781.390000
6781.390000
6781.390000
6781.390000
6781.390000
6781.390000
6781.390000
6781.390000
6781.390000
6781.390000
6781.390000
6781.390000
6781.390000
6781.390000
6781.390000
6781.390000
6781.390000
6781.390000
6283.830332
6781.390000
6781.390000
6781.390000
6781.390000
6781.390000
6781.390000
6781.390000
6781.390000
6781.390000
6781.390000
6781.390000
6781.390000
6781.390000
6781.390000
6781.390000
6781.390000
6781.390000
6781.390000
6781.390000
6781.390000
6781.390000
6781.390000
6781.390000
6781.390000
6781.390000
6781.390000
6781.390000
6781.390000
6781.390000
6781.390000
6781.390000
6781.390000
6781.390000
6781.390000
6781.390000
6781.390000
6781.390000
6781.390000
6781.390000
6781.390000
0.000000
0.000000
0.000000
0.000000
0.000000
0.000000
0.000000
0.000000
0.000000
0.000000
5132.312503
6013.598801
6781.390000
6781.390000
6781.390000
6781.390000
6781.390000
6781.390000
6781.390000
6781.390000
6781.390000
6781.390000
6781.390000
6781.390000
6781.390000
6781.390000
6781.390000
6781.390000
6781.390000
6781.390000
6781.390000
6781.390000
6781.390000
6781.390000
6781.390000
6781.390000
6781.390000
6781.390000
6781.390000
6781.390000
6781.390000
6781.390000
6781.390000
6781.390000
6781.390000
6781.390000
6781.390000
6781.390000
3207.722505
6336.846730
0.000000
2017.392399
5564.808474
3479.396960
0.000000
0.000000
1506.105643
1871.796499
2712.679366
3617.891286
6781.390000
6781.390000
6781.390000
6781.390000
6781.390000
6781.390000
6781.390000
6781.390000
6781.390000
6781.390000
6781.390000
6781.390000
6781.390000
6781.390000
6781.390000
6781.390000
6781.390000
6781.390000
6781.390000
6781.390000
6781.390000
6781.390000
6781.390000
6781.390000
6781.390000
6781.390000
6781.390000
6781.390000
6781.390000
6781.390000
6781.390000
6781.390000
6781.390000
6781.390000
6781.390000
6781.390000
6781.390000
6781.390000
6781.390000
6781.390000
6781.390000
6781.390000
6781.390000
6781.390000
6781.390000
6781.390000
6781.390000
6781.390000
6781.390000
6781.390000
6781.390000
6781.390000
6781.390000
6781.390000
6781.390000
6781.390000
6781.390000
6781.390000
6781.390000
6781.390000
6781.390000
6781.390000
6781.390000
6781.390000
6781.390000
6781.390000
6781.390000
6781.390000
6781.390000
6781.390000
6781.390000
6781.390000
6781.390000
6781.390000
6781.390000
6781.390000
6781.390000
6781.390000
6781.390000
6781.390000
6781.390000
6781.390000
6781.390000
6781.390000
6781.390000
6781.390000
6781.390000
6781.390000
6781.390000
6781.390000
6781.390000
6781.390000
6781.390000
6781.390000
6781.390000
6781.390000
6781.390000
6781.390000
6781.390000
6781.390000
6781.390000
6781.390000
6781.390000
6781.390000
6781.390000
6781.390000
6781.390000
6781.390000
6781.390000
6781.390000
6781.390000
6781.390000
6781.390000
6781.390000
6781.390000
6781.390000
6781.390000
6781.390000
6781.390000
6781.390000
6781.390000
6781.390000
6781.390000
6781.390000
6781.390000
6781.390000
6781.390000
6781.390000
6781.390000
6781.390000
6781.390000
6781.390000
0.000000
0.000000
0.000000
0.000000
0.000000
0.000000
0.000000
0.000000
0.000000
0.000000
5996.802177
6056.973959
6781.390000
6781.390000
6781.390000
6781.390000
6781.390000
6781.390000
6781.390000
6781.390000
6781.390000
6781.390000
6781.390000
6781.390000
6781.390000
6781.390000
6781.390000
6781.390000
6781.390000
6781.390000
6781.390000
6781.390000
6781.390000
6781.390000
6781.390000
6781.390000
6781.390000
6781.390000
6781.390000
6781.390000
6781.390000
6781.390000
6781.390000
6781.390000
6781.390000
6781.390000
6781.390000
6781.390000
0.000000
0.000000
0.000000
0.000000
0.000000
0.000000
0.000000
0.000000
5909.219852
6207.687285
6781.390000
6781.390000
6781.390000
6781.390000
6781.390000
6781.390000
6781.390000
6781.390000
6781.390000
6781.390000
6781.390000
6781.390000
6781.390000
6781.390000
6781.390000
6781.390000
6781.390000
6781.390000
6781.390000
6781.390000
6781.390000
6781.390000
6781.390000
6781.390000
6781.390000
6781.390000
6781.390000
6781.390000
6781.390000
6781.390000
6781.390000
6781.390000
6781.390000
6781.390000
6781.390000
6781.390000
6781.390000
6781.390000
6781.390000
6781.390000
6781.390000
6781.390000
6781.390000
6781.390000
6781.390000
6781.390000
6781.390000
6781.390000
6781.390000
6781.390000
6781.390000
6781.390000
6781.390000
6781.390000
6781.390000
6781.390000
6781.390000
6781.390000
6781.390000
6781.390000
6781.390000
6781.390000
6781.390000
6781.390000
6781.390000
6781.390000
6781.390000
6781.390000
6781.390000
6781.390000
6781.390000
6781.390000
6781.390000
6781.390000
6781.390000
6781.390000
6781.390000
6781.390000
6781.390000
6781.390000
6781.390000
6781.390000
6781.390000
6781.390000
6781.390000
6781.390000
6781.390000
6781.390000
6781.390000
6781.390000
6781.390000
6781.390000
6781.390000
6781.390000
6781.390000
6781.390000
3754.220091
4749.186385
6781.390000
6781.390000
6781.390000
6781.390000
6781.390000
6781.390000
6781.390000
6781.390000
6781.390000
6781.390000
6781.390000
6781.390000
6781.390000
6781.390000
6781.390000
6781.390000
6781.390000
6781.390000
6781.390000
6781.390000
6781.390000
6781.390000
6781.390000
6781.390000
6781.390000
6781.390000
6781.390000
6781.390000
6781.390000
6781.390000
6781.390000
6781.390000
6781.390000
6781.390000
6781.390000
6781.390000
6781.390000
6781.390000
6781.390000
6781.390000
6781.390000
6781.390000
6781.390000
6781.390000
6700.109714
6781.390000
0.000000
0.000000
0.000000
0.000000
0.000000
1402.195978
5997.362720
6781.390000
6781.390000
6781.390000
6781.390000
6781.390000
6781.390000
6781.390000
6781.390000
6781.390000
6781.390000
6781.390000
6781.390000
6781.390000
6781.390000
6781.390000
6781.390000
6781.390000
6781.390000
6781.390000
6781.390000
6781.390000
6781.390000
6781.390000
6781.390000
6781.390000
6781.390000
6781.390000
6781.390000
6781.390000
3489.342549
6131.468654
0.000000
0.000000
0.000000
0.000000
0.000000
0.000000
0.000000
0.000000
0.000000
0.000000
0.000000
0.000000
0.000000
0.000000
0.000000
0.000000
914.793489
0.000000
0.000000
0.000000
4444.144325
6308.035869
6781.390000
6781.390000
6781.390000
6781.390000
6781.390000
6781.390000
6781.390000
6781.390000
6781.390000
6781.390000
6781.390000
6781.390000
6781.390000
6781.390000
6781.390000
6781.390000
6781.390000
6781.390000
6781.390000
6781.390000
6781.390000
6781.390000
6781.390000
6781.390000
6781.390000
6781.390000
0.000000
0.000000
0.000000
0.000000
0.000000
0.000000
0.000000
0.000000
695.982087
2440.908122
6781.390000
6781.390000
6781.390000
6781.390000
6781.390000
6781.390000
6781.390000
6722.597102
6781.390000
6781.390000
6781.390000
6781.390000
6781.390000
6781.390000
6781.390000
6781.390000
6781.390000
6781.390000
6781.390000
6781.390000
6781.390000
6781.390000
6781.390000
6781.390000
6781.390000
6781.390000
6781.390000
6781.390000
6781.390000
6781.390000
6781.390000
6781.390000
6781.390000
6781.390000
6781.390000
6781.390000
6781.390000
6781.390000
0.000000
0.000000
0.000000
0.000000
0.000000
0.000000
0.000000
0.000000
6108.897187
6781.390000
6781.390000
6781.390000
6781.390000
6781.390000
6781.390000
6781.390000
6781.390000
6781.390000
6781.390000
6781.390000
6781.390000
6781.390000
6781.390000
6781.390000
6781.390000
6781.390000
6781.390000
6781.390000
6781.390000
6781.390000
6781.390000
6781.390000
6781.390000
6781.390000
6781.390000
6781.390000
6781.390000
6781.390000
6781.390000
6781.390000
6781.390000
6781.390000
6781.390000
6781.390000
6781.390000
6781.390000
6781.390000
6781.390000
5211.352547
6781.390000
3260.248916
5898.234259
4155.131675
2611.290753
2322.254660
611.898192
6781.390000
6781.390000
5722.481151
6627.167456
4190.471306
4678.808203
6781.390000
6781.390000
6781.390000
6781.390000
6781.390000
6781.390000
6781.390000
6781.390000
6781.390000
6781.390000
6781.390000
6781.390000
6781.390000
6781.390000
6781.390000
6781.390000
6781.390000
6781.390000
6781.390000
6781.390000
6781.390000
6781.390000
6781.390000
6781.390000
6781.390000
6781.390000
6781.390000
6781.390000
6781.390000
6781.390000
6781.390000
6781.390000
6781.390000
6781.390000
6781.390000
6781.390000
6781.390000
6781.390000
6781.390000
6781.390000
6781.390000
6781.390000
6781.390000
6781.390000
6781.390000
6781.390000
6781.390000
6781.390000
6781.390000
6781.390000
6781.390000
6781.390000
6781.390000
6781.390000
6781.390000
6781.390000
6781.390000
6781.390000
6781.390000
6781.390000
6781.390000
6781.390000
6781.390000
6781.390000
6781.390000
6781.390000
6781.390000
6781.390000
6781.390000
6781.390000
6781.390000
6781.390000
6781.390000
6781.390000
6781.390000
6781.390000
6781.390000
6781.390000
6781.390000
6781.390000
6781.390000
6781.390000
6781.390000
6781.390000
6781.390000
6781.390000
6781.390000
6781.390000
6781.390000
6781.390000
6781.390000
6781.390000
6781.390000
6781.390000
6781.390000
6781.390000
6781.390000
6781.390000
6781.390000
6781.390000
6781.390000
6781.390000
6781.390000
6781.390000
6781.390000
6781.390000
6781.390000
6781.390000
6781.390000
6781.390000
6781.390000
6781.390000
6781.390000
6781.390000
6781.390000
6781.390000
6781.390000
6781.390000
6781.390000
6781.390000
6781.390000
6781.390000
6781.390000
6781.390000
6781.390000
6781.390000
6781.390000
6781.390000
6781.390000
6781.390000
6781.390000
6781.390000
6781.390000
6781.390000
6781.390000
6781.390000
6781.390000
6781.390000
6781.390000
6781.390000
6781.390000
6781.390000
6781.390000
6781.390000
6781.390000
6781.390000
6781.390000
6781.390000
6781.390000
6781.390000
6781.390000
6781.390000
6781.390000
6781.390000
6781.390000
6781.390000
6781.390000
6781.390000
6781.390000
6781.390000
6781.390000
6781.390000
6781.390000
6781.390000
6781.390000
6781.390000
6781.390000
6781.390000
6781.390000
6781.390000
6781.390000
6781.390000
6781.390000
6781.390000
6781.390000
6781.390000
6781.390000
6781.390000
6781.390000
6781.390000
6781.390000
6781.390000
6781.390000
6781.390000
6781.390000
6781.390000
6781.390000
6781.390000
6781.390000
6781.390000
6781.390000
6781.390000
6781.390000
6781.390000
6781.390000
6781.390000
6781.390000
6781.390000
6781.390000
6781.390000
6781.390000
6781.390000
6781.390000
6781.390000
6781.390000
6781.390000
6781.390000
6781.390000
6781.390000
6781.390000
6781.390000
6781.390000
6781.390000
6781.390000
6781.390000
6781.390000
6781.390000
6781.390000
6781.390000
6781.390000
6781.390000
6781.390000
6781.390000
6781.390000
6781.390000
6781.390000
6781.390000
6781.390000
905.978868
2343.077041
0.000000
2104.509999
3999.834567
5600.606227
6781.390000
6781.390000
6781.390000
6781.390000
6781.390000
6781.390000
6781.390000
6781.390000
6781.390000
6781.390000
6781.390000
6781.390000
6781.390000
6781.390000
6781.390000
6781.390000
6781.390000
6781.390000
6781.390000
6781.390000
6781.390000
6781.390000
6781.390000
6781.390000
6781.390000
6781.390000
6781.390000
6781.390000
6781.390000
6781.390000
6781.390000
6781.390000
6781.390000
6781.390000
6781.390000
6781.390000
6781.390000
6781.390000
6781.390000
6781.390000
3780.748383
4725.945072
0.000000
0.000000
0.000000
0.000000
4121.252821
6015.463206
6781.390000
6781.390000
6781.390000
6781.390000
6781.390000
6781.390000
6781.390000
6781.390000
6781.390000
6781.390000
6781.390000
6781.390000
6781.390000
6781.390000
6781.390000
6781.390000
6781.390000
6781.390000
6781.390000
6781.390000
6781.390000
6781.390000
6781.390000
6781.390000
6781.390000
6781.390000
6781.390000
6781.390000
6781.390000
6781.390000
6781.390000
6781.390000
6781.390000
6781.390000
6781.390000
6781.390000
6781.390000
6781.390000
6781.390000
6781.390000
6781.390000
6781.390000
2695.201275
5243.168447
5812.050439
4035.126906
1781.326838
0.000000
6781.390000
6781.390000
6781.390000
6781.390000
6781.390000
6781.390000
6781.390000
6781.390000
6781.390000
6781.390000
6781.390000
6781.390000
6781.390000
6781.390000
6781.390000
6781.390000
6781.390000
6781.390000
6781.390000
6781.390000
6781.390000
6781.390000
6781.390000
6781.390000
6781.390000
6781.390000
6781.390000
6781.390000
6781.390000
6781.390000
6781.390000
6781.390000
6781.390000
6781.390000
6781.390000
6781.390000
6781.390000
6781.390000
6781.390000
6781.390000
6781.390000
6781.390000
0.000000
493.149282
0.000000
0.000000
0.000000
0.000000
6781.390000
6781.390000
6226.988851
6737.223865
6781.390000
6781.390000
6781.390000
6781.390000
6781.390000
6781.390000
6781.390000
6781.390000
6781.390000
6781.390000
6781.390000
6781.390000
6781.390000
6781.390000
6781.390000
6781.390000
6781.390000
6781.390000
6781.390000
6781.390000
6781.390000
6781.390000
6781.390000
6781.390000
6781.390000
6781.390000
6781.390000
6781.390000
6781.390000
6781.390000
6781.390000
6781.390000
6781.390000
6781.390000
6781.390000
6781.390000
2338.428143
5284.471536
0.000000
1844.578915
317.362438
0.000000
0.000000
0.000000
4307.933097
4451.479626
6781.390000
6781.390000
6781.390000
6781.390000
6781.390000
6781.390000
6781.390000
6781.390000
6781.390000
6781.390000
6781.390000
6781.390000
6781.390000
6781.390000
6781.390000
6781.390000
6781.390000
6781.390000
6781.390000
6781.390000
6781.390000
6781.390000
6781.390000
6781.390000
6781.390000
6781.390000
6781.390000
6781.390000
6781.390000
6781.390000
6781.390000
6781.390000
6781.390000
6781.390000
6781.390000
6781.390000
6781.390000
6781.390000
0.000000
0.000000
0.000000
0.000000
0.000000
0.000000
0.000000
0.000000
0.000000
0.000000
0.000000
0.000000
0.000000
0.000000
6781.390000
6781.390000
6781.390000
6781.390000
6781.390000
6781.390000
6781.390000
6781.390000
6781.390000
6781.390000
6781.390000
6781.390000
6781.390000
6781.390000
6781.390000
6781.390000
6781.390000
6781.390000
6781.390000
6781.390000
6781.390000
6781.390000
6781.390000
6781.390000
6781.390000
6781.390000
6781.390000
6781.390000
6781.390000
6781.390000
6781.390000
6781.390000
6781.390000
6781.390000
0.000000
0.000000
0.000000
0.000000
0.000000
0.000000
0.000000
0.000000
0.000000
0.000000
0.000000
0.000000
0.000000
0.000000
6781.390000
6781.390000
6781.390000
6781.390000
6781.390000
6781.390000
6781.390000
6781.390000
6781.390000
6781.390000
6781.390000
6781.390000
6781.390000
6781.390000
6781.390000
6781.390000
6781.390000
6781.390000
6781.390000
6781.390000
6781.390000
6781.390000
6781.390000
6781.390000
6781.390000
6781.390000
6781.390000
6781.390000
6781.390000
6781.390000
6781.390000
6781.390000
6781.390000
6781.390000
1183.058847
2282.183233
0.000000
0.000000
0.000000
0.000000
3474.973837
5381.414550
6781.390000
6781.390000
6781.390000
6781.390000
6781.390000
6781.390000
6781.390000
6781.390000
6781.390000
6781.390000
6781.390000
6781.390000
6781.390000
6781.390000
6781.390000
6781.390000
6781.390000
6781.390000
6781.390000
6781.390000
6781.390000
6781.390000
6781.390000
6781.390000
6781.390000
6781.390000
6781.390000
6781.390000
6781.390000
6781.390000
6781.390000
6781.390000
6781.390000
6781.390000
6781.390000
6781.390000
6781.390000
6781.390000
6781.390000
6781.390000
0.000000
0.000000
0.000000
0.000000
0.000000
0.000000
0.000000
0.000000
0.000000
0.000000
0.000000
0.000000
0.000000
0.000000
0.000000
0.000000
4823.926424
6781.390000
6781.390000
6781.390000
6781.390000
6781.390000
6781.390000
6781.390000
6781.390000
6781.390000
6781.390000
6781.390000
6781.390000
6781.390000
6781.390000
6781.390000
6781.390000
6781.390000
6781.390000
6781.390000
6781.390000
6781.390000
6781.390000
6781.390000
6781.390000
6781.390000
6781.390000
6781.390000
6781.390000
6781.390000
6781.390000
6781.390000
6781.390000
6781.390000
6781.390000
6781.390000
6781.390000
6781.390000
6781.390000
6781.390000
6781.390000
6781.390000
6781.390000
6781.390000
6781.390000
6781.390000
6781.390000
6781.390000
6781.390000
6781.390000
6781.390000
6781.390000
6781.390000
6781.390000
6781.390000
6781.390000
6781.390000
6781.390000
6781.390000
6781.390000
6781.390000
6781.390000
6781.390000
6781.390000
6781.390000
6781.390000
6781.390000
6781.390000
6781.390000
6781.390000
6781.390000
6781.390000
6781.390000
6781.390000
6781.390000
6781.390000
6781.390000
6781.390000
6781.390000
6781.390000
6781.390000
6781.390000
6781.390000
6781.390000
948.431034
3183.858513
6781.390000
6781.390000
6781.390000
6781.390000
6781.390000
6781.390000
6781.390000
6781.390000
6781.390000
6781.390000
6781.390000
6781.390000
6781.390000
6781.390000
6781.390000
6781.390000
6781.390000
6781.390000
6781.390000
6781.390000
6781.390000
6781.390000
6781.390000
6781.390000
6781.390000
6781.390000
6781.390000
6781.390000
6781.390000
6781.390000
6781.390000
6781.390000
6781.390000
6781.390000
6781.390000
6781.390000
6781.390000
6781.390000
6781.390000
6781.390000
6781.390000
6781.390000
2344.501741
5322.544903
0.000000
1946.594922
425.241634
0.000000
0.000000
0.000000
4607.218408
4711.127932
6781.390000
6781.390000
6781.390000
6781.390000
6781.390000
6781.390000
6781.390000
6781.390000
6781.390000
6781.390000
6781.390000
6781.390000
6781.390000
6781.390000
6781.390000
6781.390000
6781.390000
6781.390000
6781.390000
6781.390000
6781.390000
6781.390000
6781.390000
6781.390000
6781.390000
6781.390000
6781.390000
6781.390000
6781.390000
6781.390000
6781.390000
6781.390000
6781.390000
6781.390000
6781.390000
6781.390000
6781.390000
6781.390000
0.000000
0.000000
0.000000
0.000000
0.000000
0.000000
0.000000
0.000000
0.000000
0.000000
0.000000
0.000000
0.000000
0.000000
6781.390000
6781.390000
6781.390000
6781.390000
6781.390000
6781.390000
6781.390000
6781.390000
6781.390000
6781.390000
6781.390000
6781.390000
6781.390000
6781.390000
6781.390000
6781.390000
6781.390000
6781.390000
6781.390000
6781.390000
6781.390000
6781.390000
6781.390000
6781.390000
6781.390000
6781.390000
6781.390000
6781.390000
6781.390000
6781.390000
6781.390000
6781.390000
6781.390000
6781.390000
6781.390000
6781.390000
6781.390000
6781.390000
6781.390000
6781.390000
6781.390000
6781.390000
6781.390000
6781.390000
6781.390000
6781.390000
6781.390000
6781.390000
6781.390000
6781.390000
6781.390000
6781.390000
6781.390000
6781.390000
6781.390000
6781.390000
6781.390000
6781.390000
6781.390000
6781.390000
6781.390000
6781.390000
6781.390000
6781.390000
6781.390000
6781.390000
6781.390000
6781.390000
6781.390000
6781.390000
6781.390000
6781.390000
6781.390000
6781.390000
6781.390000
6781.390000
6781.390000
6781.390000
6781.390000
6781.390000
6781.390000
6781.390000
6781.390000
6781.390000
4807.989022
6195.839286
236.081120
2393.696486
4139.318544
6181.903119
6781.390000
6781.390000
6781.390000
6781.390000
6781.390000
6781.390000
6781.390000
6781.390000
6781.390000
6781.390000
6781.390000
6781.390000
6781.390000
6781.390000
6781.390000
6781.390000
6781.390000
6781.390000
6781.390000
6781.390000
6781.390000
6781.390000
6781.390000
6781.390000
6781.390000
6781.390000
6781.390000
6781.390000
6781.390000
6781.390000
6781.390000
6781.390000
6781.390000
6781.390000
6781.390000
6781.390000
6781.390000
6781.390000
6781.390000
6781.390000
6781.390000
6781.390000
0.000000
0.000000
0.000000
0.000000
0.000000
0.000000
0.000000
940.902776
4217.861946
4420.955681
6781.390000
6781.390000
6781.390000
6781.390000
6781.390000
6781.390000
6781.390000
6781.390000
6781.390000
6781.390000
6781.390000
6781.390000
6781.390000
6781.390000
6781.390000
6781.390000
6781.390000
6781.390000
6781.390000
6781.390000
6781.390000
6781.390000
6781.390000
6781.390000
6781.390000
6781.390000
6781.390000
6781.390000
6781.390000
6781.390000
6781.390000
6781.390000
6781.390000
6781.390000
6781.390000
6781.390000
6781.390000
6781.390000
0.000000
0.000000
0.000000
0.000000
0.000000
0.000000
0.000000
996.595171
5344.473919
5832.889910
6781.390000
6781.390000
6781.390000
0.000000
0.000000
0.000000
0.000000
0.000000
3226.394398
6177.874607
6781.390000
6781.390000
6781.390000
6781.390000
6781.390000
6781.390000
6781.390000
6781.390000
6781.390000
6781.390000
6781.390000
6781.390000
6781.390000
6781.390000
6781.390000
6781.390000
6781.390000
6781.390000
6781.390000
6781.390000
6781.390000
6781.390000
6781.390000
6781.390000
6781.390000
6781.390000
6781.390000
6781.390000
6781.390000
0.000000
0.000000
0.000000
0.000000
0.000000
0.000000
0.000000
0.000000
0.000000
0.000000
0.000000
0.000000
0.000000
0.000000
0.000000
0.000000
0.000000
0.000000
0.000000
6781.390000
6781.390000
6781.390000
6781.390000
6781.390000
6781.390000
6781.390000
6781.390000
6781.390000
6781.390000
6781.390000
6781.390000
6781.390000
6781.390000
6781.390000
6781.390000
6781.390000
6781.390000
6781.390000
3369.838549
3948.375208
5003.296923
6781.390000
6781.390000
6781.390000
6781.390000
0.000000
0.000000
0.000000
0.000000
0.000000
0.000000
0.000000
0.000000
0.000000
0.000000
0.000000
0.000000
0.000000
0.000000
0.000000
0.000000
0.000000
6781.390000
6781.390000
6781.390000
6781.390000
6781.390000
6781.390000
6781.390000
6781.390000
6781.390000
6781.390000
6781.390000
6781.390000
6781.390000
6781.390000
6781.390000
6781.390000
6781.390000
6781.390000
6781.390000
6781.390000
6781.390000
6781.390000
6781.390000
6781.390000
6781.390000
6781.390000
6781.390000
6781.390000
6781.390000
6781.390000
6781.390000
6781.390000
6781.390000
6781.390000
6781.390000
6781.390000
6781.390000
6781.390000
6781.390000
6781.390000
6781.390000
6781.390000
6781.390000
6781.390000
6781.390000
6781.390000
6781.390000
6781.390000
6781.390000
6781.390000
6781.390000
6781.390000
6781.390000
6781.390000
6781.390000
6781.390000
6781.390000
6781.390000
6781.390000
6781.390000
6781.390000
6781.390000
6781.390000
6781.390000
6781.390000
6781.390000
6781.390000
6781.390000
6781.390000
6781.390000
6781.390000
6781.390000
6781.390000
6781.390000
6781.390000
6781.390000
6781.390000
6781.390000
6781.390000
6781.390000
6781.390000
6781.390000
6781.390000
6781.390000
6781.390000
6781.390000
6781.390000
6781.390000
6781.390000
6781.390000
6781.390000
6781.390000
6781.390000
6781.390000
6781.390000
6781.390000
6781.390000
6781.390000
6781.390000
6781.390000
6781.390000
6781.390000
6781.390000
6781.390000
6781.390000
6781.390000
6781.390000
6781.390000
6781.390000
6781.390000
6781.390000
6781.390000
6781.390000
6781.390000
6781.390000
6781.390000
6781.390000
6781.390000
6781.390000
6781.390000
6781.390000
6781.390000
6781.390000
6781.390000
6781.390000
6781.390000
6781.390000
2973.276388
3867.945022
0.000000
0.000000
0.000000
0.000000
0.000000
0.000000
0.000000
0.000000
0.000000
0.000000
0.000000
0.000000
0.000000
0.000000
0.000000
6781.390000
5127.006749
6781.390000
6781.390000
6781.390000
6781.390000
6781.390000
6781.390000
6781.390000
6781.390000
6781.390000
6781.390000
6781.390000
6781.390000
6781.390000
6781.390000
6781.390000
6781.390000
6781.390000
6781.390000
6781.390000
6781.390000
6781.390000
6781.390000
6781.390000
6781.390000
6781.390000
6781.390000
6781.390000
6781.390000
6781.390000
6781.390000
6781.390000
3038.690347
4301.837014
0.000000
493.086098
6235.210469
6781.390000
6781.390000
6781.390000
6781.390000
6781.390000
6781.390000
6781.390000
3826.090784
4627.610923
3156.271824
0.000000
0.000000
3087.109910
6334.477749
6781.390000
6781.390000
6781.390000
6781.390000
6781.390000
6781.390000
6781.390000
6781.390000
6781.390000
6781.390000
6781.390000
6781.390000
6781.390000
6781.390000
6781.390000
6781.390000
6781.390000
6781.390000
6781.390000
6781.390000
6781.390000
6781.390000
6781.390000
6781.390000
6781.390000
6781.390000
6781.390000
6781.390000
6781.390000
5992.452521
6781.390000
2656.772897
917.338074
0.000000
0.000000
0.000000
0.000000
0.000000
0.000000
0.000000
0.000000
1240.644004
3094.864565
6781.390000
6781.390000
6781.390000
6781.390000
6781.390000
6781.390000
6781.390000
6781.390000
6781.390000
6781.390000
6781.390000
6781.390000
6781.390000
6781.390000
6781.390000
6781.390000
6781.390000
6781.390000
6781.390000
6781.390000
6781.390000
6781.390000
6781.390000
6781.390000
6781.390000
6781.390000
6781.390000
6781.390000
6781.390000
6781.390000
6781.390000
6781.390000
6781.390000
6781.390000
6781.390000
6781.390000
6781.390000
6781.390000
6781.390000
6781.390000
6781.390000
6781.390000
6781.390000
6781.390000
6781.390000
6781.390000
6781.390000
6781.390000
6781.390000
3005.691249
6781.390000
6781.390000
6781.390000
6781.390000
6781.390000
6781.390000
6781.390000
6781.390000
6781.390000
6781.390000
6781.390000
6781.390000
6781.390000
6781.390000
6781.390000
6781.390000
6781.390000
6781.390000
6781.390000
6781.390000
6781.390000
6781.390000
6781.390000
6781.390000
6781.390000
6781.390000
6781.390000
6781.390000
6781.390000
6781.390000
6781.390000
6781.390000
0.000000
0.000000
0.000000
0.000000
0.000000
0.000000
0.000000
0.000000
0.000000
0.000000
0.000000
0.000000
0.000000
0.000000
0.000000
6781.390000
6781.390000
6781.390000
6781.390000
6781.390000
6781.390000
6781.390000
6781.390000
6781.390000
6781.390000
6781.390000
6781.390000
6781.390000
6781.390000
6781.390000
6781.390000
6781.390000
6781.390000
6781.390000
6781.390000
6781.390000
6781.390000
6781.390000
6781.390000
6781.390000
6781.390000
6781.390000
6781.390000
6781.390000
6781.390000
6781.390000
6781.390000
6781.390000
6781.390000
6781.390000
6781.390000
6781.390000
330.252199
0.000000
2542.150293
2926.676919
3199.273827
3866.125626
6781.390000
6781.390000
6781.390000
6781.390000
6781.390000
6781.390000
6781.390000
6781.390000
6781.390000
6781.390000
6781.390000
6781.390000
6781.390000
6781.390000
6781.390000
6781.390000
6781.390000
6781.390000
6781.390000
6781.390000
6781.390000
6781.390000
6781.390000
6781.390000
6781.390000
6781.390000
6781.390000
6781.390000
6781.390000
6781.390000
6781.390000
6781.390000
6781.390000
6781.390000
6781.390000
6781.390000
6781.390000
6781.390000
2065.154509
4493.672078
6781.390000
6781.390000
6781.390000
6781.390000
6781.390000
6781.390000
6781.390000
6781.390000
6781.390000
6781.390000
6781.390000
6781.390000
6781.390000
6781.390000
6781.390000
6781.390000
6781.390000
6781.390000
6781.390000
6781.390000
6781.390000
6781.390000
6781.390000
6781.390000
6781.390000
6781.390000
6781.390000
6781.390000
6781.390000
6781.390000
6781.390000
6781.390000
6781.390000
6781.390000
6781.390000
6781.390000
6781.390000
6781.390000
6781.390000
6781.390000
6781.390000
6781.390000
6781.390000
6781.390000
2775.482741
3661.310213
0.000000
0.000000
0.000000
0.000000
0.000000
0.000000
0.000000
1629.233040
6679.622382
6753.213836
6781.390000
6781.390000
6781.390000
6781.390000
6781.390000
6781.390000
6781.390000
6781.390000
6781.390000
6781.390000
6781.390000
6781.390000
6781.390000
6781.390000
6781.390000
6781.390000
6781.390000
6781.390000
6781.390000
6781.390000
6781.390000
6781.390000
6781.390000
6781.390000
6781.390000
6781.390000
6781.390000
6781.390000
6781.390000
6781.390000
6781.390000
6781.390000
6781.390000
6781.390000
6781.390000
6781.390000
4194.310130
4972.164044
0.000000
0.000000
0.000000
0.000000
0.000000
0.000000
6781.390000
6781.390000
6781.390000
6781.390000
6781.390000
6781.390000
6781.390000
6781.390000
6781.390000
6781.390000
6781.390000
6781.390000
6781.390000
6781.390000
6781.390000
6781.390000
6781.390000
6781.390000
6781.390000
6781.390000
6781.390000
6781.390000
6781.390000
6781.390000
6781.390000
6781.390000
6781.390000
6781.390000
6781.390000
6781.390000
6781.390000
6781.390000
6781.390000
6781.390000
6781.390000
6781.390000
6781.390000
6781.390000
6781.390000
6781.390000
6781.390000
6781.390000
1977.131194
4533.629090
1452.888472
0.000000
0.000000
0.000000
0.000000
0.000000
2836.838844
3618.688595
6781.390000
6781.390000
6781.390000
6781.390000
6781.390000
6781.390000
6781.390000
6781.390000
6781.390000
6781.390000
6781.390000
6781.390000
6781.390000
6781.390000
6781.390000
6781.390000
6781.390000
6781.390000
6781.390000
6781.390000
6781.390000
6781.390000
6781.390000
6781.390000
6781.390000
6781.390000
6781.390000
6781.390000
6781.390000
6781.390000
6781.390000
6781.390000
6781.390000
6781.390000
6781.390000
6781.390000
6781.390000
6781.390000
2073.569359
4861.144190
6719.305669
5199.891051
5720.097678
4334.003129
0.000000
0.000000
2354.004506
3398.553009
6781.390000
6781.390000
6781.390000
6781.390000
6781.390000
6781.390000
6781.390000
6781.390000
6781.390000
6781.390000
6781.390000
6781.390000
6781.390000
6781.390000
6781.390000
6781.390000
6781.390000
6781.390000
6781.390000
6781.390000
6781.390000
6781.390000
6781.390000
6781.390000
6781.390000
6781.390000
6781.390000
6781.390000
6781.390000
6781.390000
6781.390000
6781.390000
6781.390000
6781.390000
6781.390000
6781.390000
6781.390000
6781.390000
0.000000
0.000000
0.000000
0.000000
0.000000
0.000000
0.000000
0.000000
0.000000
0.000000
4776.591594
5679.300655
6781.390000
6781.390000
6781.390000
6781.390000
6781.390000
6781.390000
6781.390000
6781.390000
6781.390000
6781.390000
6781.390000
6781.390000
6781.390000
6781.390000
6781.390000
6781.390000
6781.390000
6781.390000
6781.390000
6781.390000
6781.390000
6781.390000
6781.390000
6781.390000
6781.390000
6781.390000
6781.390000
6781.390000
6781.390000
6781.390000
6781.390000
6781.390000
6781.390000
6781.390000
6781.390000
6781.390000
4281.726912
6781.390000
6406.214689
5036.701681
1213.545107
0.000000
3073.461337
3713.588072
6454.351724
6781.390000
6781.390000
6781.390000
6781.390000
6781.390000
6781.390000
6781.390000
6781.390000
6781.390000
6781.390000
6781.390000
6781.390000
6781.390000
6781.390000
6781.390000
6781.390000
6781.390000
6781.390000
6781.390000
6781.390000
6781.390000
6781.390000
6781.390000
6781.390000
6781.390000
6781.390000
6781.390000
6781.390000
6781.390000
6781.390000
6781.390000
6781.390000
6781.390000
6781.390000
6781.390000
6781.390000
6781.390000
6781.390000
6781.390000
0.000000
2650.152125
0.000000
0.000000
0.000000
0.000000
0.000000
0.000000
0.000000
0.000000
3330.362425
4063.087262
5335.983665
6781.390000
6781.390000
6781.390000
6781.390000
6781.390000
6781.390000
6781.390000
6781.390000
6781.390000
6781.390000
6781.390000
6781.390000
6781.390000
6781.390000
6781.390000
6781.390000
6781.390000
6781.390000
6781.390000
6781.390000
6781.390000
6781.390000
6781.390000
6781.390000
6781.390000
6781.390000
6781.390000
6781.390000
6781.390000
6781.390000
6781.390000
6781.390000
6781.390000
6781.390000
6781.390000
0.000000
0.000000
0.000000
2065.698997
6781.390000
6781.390000
6781.390000
6781.390000
6781.390000
6781.390000
6781.390000
6781.390000
6781.390000
6781.390000
6781.390000
6781.390000
6781.390000
6781.390000
6781.390000
6781.390000
6781.390000
6781.390000
6781.390000
6781.390000
6781.390000
6781.390000
6781.390000
6781.390000
6781.390000
6781.390000
6781.390000
6781.390000
6781.390000
6781.390000
6781.390000
6781.390000
6781.390000
6781.390000
6781.390000
6781.390000
6781.390000
6781.390000
6781.390000
6781.390000
6781.390000
6781.390000
6781.390000
6781.390000
5973.337290
6781.390000
2805.264827
5065.780730
6781.390000
6781.390000
6781.390000
6781.390000
6781.390000
6781.390000
6781.390000
6781.390000
6781.390000
6781.390000
6781.390000
6781.390000
6781.390000
6781.390000
6781.390000
6781.390000
6781.390000
6781.390000
6781.390000
6781.390000
6781.390000
6781.390000
6781.390000
6781.390000
6781.390000
6781.390000
6781.390000
6781.390000
6781.390000
6781.390000
6781.390000
6781.390000
6781.390000
6781.390000
6781.390000
6781.390000
6781.390000
6781.390000
6781.390000
6781.390000
6781.390000
6781.390000
6781.390000
6781.390000
6781.390000
6781.390000
6781.390000
6781.390000
6781.390000
6781.390000
6781.390000
6781.390000
6781.390000
6781.390000
6781.390000
6781.390000
6781.390000
6781.390000
6781.390000
6781.390000
6781.390000
6781.390000
6781.390000
6781.390000
6781.390000
6781.390000
6781.390000
6781.390000
6781.390000
6781.390000
6781.390000
6781.390000
6781.390000
6781.390000
6781.390000
6781.390000
6781.390000
6781.390000
6781.390000
6781.390000
6781.390000
6781.390000
6781.390000
6781.390000
6781.390000
6781.390000
6781.390000
6781.390000
6781.390000
6781.390000
6781.390000
6781.390000
6781.390000
6781.390000
6781.390000
6781.390000
6781.390000
6781.390000
6781.390000
6781.390000
6781.390000
6781.390000
6781.390000
6781.390000
6781.390000
6781.390000
6781.390000
6781.390000
6781.390000
6781.390000
6781.390000
6781.390000
6781.390000
6781.390000
6781.390000
6781.390000
6781.390000
6781.390000
6781.390000
6781.390000
6781.390000
6781.390000
6781.390000
6781.390000
6781.390000
6781.390000
6781.390000
6781.390000
6781.390000
6781.390000
6781.390000
6781.390000
6781.390000
6781.390000
6781.390000
6781.390000
6781.390000
6781.390000
6781.390000
6781.390000
6781.390000
6781.390000
6781.390000
6781.390000
6781.390000
6781.390000
6781.390000
6781.390000
6781.390000
6781.390000
6781.390000
6781.390000
6781.390000
6781.390000
6781.390000
6781.390000
6781.390000
6781.390000
6781.390000
6781.390000
6781.390000
6781.390000
6781.390000
6781.390000
6781.390000
6781.390000
6781.390000
6781.390000
6781.390000
6781.390000
6781.390000
6781.390000
6781.390000
6781.390000
6781.390000
6781.390000
6781.390000
6781.390000
6781.390000
6781.390000
6781.390000
6781.390000
6781.390000
6781.390000
6781.390000
6781.390000
6781.390000
6781.390000
6781.390000
6781.390000
6781.390000
6781.390000
6781.390000
6781.390000
6781.390000
6781.390000
6781.390000
6781.390000
6781.390000
6781.390000
6781.390000
6781.390000
6781.390000
6781.390000
6781.390000
6781.390000
6781.390000
6781.390000
6781.390000
6781.390000
6781.390000
6781.390000
6781.390000
6781.390000
6781.390000
6781.390000
6781.390000
6781.390000
6781.390000
6781.390000
6781.390000
6781.390000
6781.390000
6781.390000
6781.390000
6781.390000
6781.390000
6781.390000
6781.390000
6781.390000
6781.390000
6781.390000
6781.390000
6781.390000
0.000000
0.000000
0.000000
0.000000
0.000000
0.000000
0.000000
0.000000
0.000000
0.000000
0.000000
0.000000
0.000000
0.000000
0.000000
0.000000
0.000000
0.000000
0.000000
0.000000
2101.240266
5442.936742
6781.390000
6781.390000
6781.390000
6781.390000
6781.390000
6781.390000
6781.390000
6781.390000
6781.390000
6781.390000
6781.390000
6781.390000
6781.390000
6781.390000
6781.390000
6781.390000
6781.390000
6781.390000
6781.390000
6781.390000
6781.390000
6781.390000
6781.390000
6781.390000
6781.390000
6781.390000
6781.390000
6781.390000
6781.390000
6781.390000
6781.390000
6781.390000
6781.390000
6781.390000
6781.390000
6781.390000
6781.390000
6781.390000
6781.390000
6781.390000
5048.696049
5629.858787
6781.390000
0.000000
0.000000
0.000000
3650.141757
6551.720585
6781.390000
6781.390000
6781.390000
6781.390000
6781.390000
6781.390000
6781.390000
6781.390000
6781.390000
6781.390000
6781.390000
6781.390000
6781.390000
6781.390000
6781.390000
6781.390000
6781.390000
6781.390000
6781.390000
6781.390000
6781.390000
6781.390000
6781.390000
6781.390000
6781.390000
6781.390000
4672.219733
5523.287043
0.000000
0.000000
0.000000
0.000000
0.000000
0.000000
0.000000
0.000000
0.000000
0.000000
0.000000
0.000000
0.000000
0.000000
0.000000
6554.944440
6781.390000
6781.390000
6781.390000
6781.390000
6781.390000
6781.390000
6781.390000
6781.390000
6781.390000
6781.390000
6781.390000
6781.390000
6781.390000
6781.390000
6781.390000
6781.390000
6781.390000
6781.390000
6781.390000
6781.390000
6781.390000
6781.390000
6781.390000
6781.390000
6781.390000
6781.390000
6781.390000
6781.390000
6781.390000
6781.390000
6781.390000
6781.390000
0.000000
63.869661
0.000000
0.000000
2024.737023
323.253822
0.000000
0.000000
2539.778042
3268.572292
278.939140
1019.528145
4576.077297
6384.946710
6781.390000
6781.390000
6781.390000
6781.390000
6781.390000
6781.390000
6781.390000
6781.390000
6781.390000
6781.390000
6781.390000
6781.390000
6781.390000
6781.390000
6781.390000
6781.390000
6781.390000
6781.390000
6781.390000
6781.390000
6781.390000
6781.390000
6781.390000
6781.390000
6781.390000
6781.390000
6781.390000
6781.390000
6781.390000
6781.390000
6781.390000
6781.390000
6781.390000
6781.390000
576.127930
3262.047654
0.000000
0.000000
0.000000
0.000000
0.000000
0.000000
0.000000
0.000000
0.000000
0.000000
0.000000
0.000000
4065.670207
6781.390000
6781.390000
6781.390000
6781.390000
6781.390000
6781.390000
6781.390000
6781.390000
6781.390000
6781.390000
6781.390000
6781.390000
6781.390000
6781.390000
6781.390000
6781.390000
6781.390000
6781.390000
6781.390000
6781.390000
6781.390000
6781.390000
6781.390000
6781.390000
6781.390000
6781.390000
6781.390000
6781.390000
6781.390000
6781.390000
6781.390000
3496.317391
6697.285698
0.000000
0.000000
0.000000
0.000000
0.000000
0.000000
0.000000
0.000000
0.000000
0.000000
0.000000
0.000000
0.000000
0.000000
2731.267091
5721.161749
6781.390000
6781.390000
6781.390000
6781.390000
6781.390000
6781.390000
6781.390000
6781.390000
6781.390000
6781.390000
6781.390000
6781.390000
6781.390000
6781.390000
6781.390000
6781.390000
6781.390000
6781.390000
6781.390000
6781.390000
6781.390000
6781.390000
6781.390000
6781.390000
6781.390000
6781.390000
6781.390000
6781.390000
6781.390000
6781.390000
6781.390000
6781.390000
0.000000
0.000000
0.000000
0.000000
0.000000
0.000000
0.000000
0.000000
0.000000
0.000000
0.000000
0.000000
1075.431875
3272.396434
747.763707
2530.431104
6781.390000
6781.390000
6781.390000
6781.390000
6781.390000
6781.390000
6781.390000
6781.390000
6781.390000
6781.390000
6781.390000
6781.390000
6781.390000
6781.390000
6781.390000
6781.390000
6781.390000
6781.390000
6781.390000
6781.390000
6781.390000
6781.390000
6781.390000
6781.390000
6781.390000
6781.390000
6781.390000
6781.390000
6781.390000
6781.390000
6781.390000
6781.390000
6781.390000
6781.390000
6781.390000
5474.482341
0.000000
0.000000
0.000000
0.000000
0.000000
973.649831
515.732048
1148.789443
1305.335330
3372.110216
6781.390000
6781.390000
6781.390000
6781.390000
6781.390000
6781.390000
6781.390000
6781.390000
6781.390000
6781.390000
6781.390000
6781.390000
6781.390000
6781.390000
6781.390000
6781.390000
6781.390000
6781.390000
6781.390000
6781.390000
6781.390000
6781.390000
6781.390000
6781.390000
6781.390000
6781.390000
6781.390000
6781.390000
6781.390000
6781.390000
6781.390000
6781.390000
6781.390000
6781.390000
0.000000
0.000000
0.000000
0.000000
0.000000
0.000000
0.000000
0.000000
0.000000
0.000000
0.000000
0.000000
0.000000
0.000000
0.000000
0.000000
0.000000
1480.669679
5427.926417
6781.390000
6781.390000
6781.390000
6781.390000
6781.390000
6781.390000
6781.390000
6781.390000
6781.390000
6781.390000
6781.390000
6781.390000
6781.390000
6781.390000
6781.390000
6781.390000
6781.390000
6781.390000
6781.390000
6781.390000
6781.390000
6781.390000
6781.390000
6781.390000
6781.390000
6781.390000
6781.390000
6781.390000
6781.390000
0.000000
0.000000
0.000000
0.000000
0.000000
0.000000
0.000000
0.000000
0.000000
0.000000
1298.752680
1137.242677
0.000000
0.000000
0.000000
1144.040179
6781.390000
6781.390000
6781.390000
6781.390000
6781.390000
6781.390000
6781.390000
6781.390000
6781.390000
6781.390000
6781.390000
6781.390000
6781.390000
6781.390000
6781.390000
6781.390000
6781.390000
6781.390000
6781.390000
6781.390000
6781.390000
6781.390000
6781.390000
6781.390000
6781.390000
6781.390000
6781.390000
6781.390000
6781.390000
6781.390000
6781.390000
6781.390000
0.000000
268.836899
0.000000
0.000000
2139.983011
401.018011
0.000000
0.000000
2632.567049
3368.287227
379.682477
1128.664670
4686.235770
6522.847870
6781.390000
6781.390000
6781.390000
6781.390000
6781.390000
6781.390000
6781.390000
6781.390000
6781.390000
6781.390000
6781.390000
6781.390000
6781.390000
6781.390000
6781.390000
6781.390000
6781.390000
6781.390000
6781.390000
6781.390000
6781.390000
6781.390000
6781.390000
6781.390000
6781.390000
6781.390000
6781.390000
6781.390000
6781.390000
6781.390000
6781.390000
6781.390000
6781.390000
6781.390000
5517.961116
6781.390000
0.000000
0.000000
0.000000
0.000000
0.000000
0.000000
0.000000
0.000000
0.000000
0.000000
6497.756888
6781.390000
4808.172576
5771.447914
6781.390000
6781.390000
6781.390000
6781.390000
6781.390000
6781.390000
6781.390000
6781.390000
6781.390000
6781.390000
6781.390000
6781.390000
6781.390000
6781.390000
6781.390000
6781.390000
6781.390000
6781.390000
6781.390000
6781.390000
6781.390000
6781.390000
6781.390000
6781.390000
6781.390000
6781.390000
6781.390000
6781.390000
6781.390000
6781.390000
6781.390000
6781.390000
0.000000
0.000000
0.000000
0.000000
0.000000
0.000000
0.000000
0.000000
3157.133825
3905.880794
4649.426606
5390.238278
6781.390000
6781.390000
6781.390000
6781.390000
6781.390000
6781.390000
6781.390000
6781.390000
6781.390000
6781.390000
6781.390000
6781.390000
6781.390000
6781.390000
6781.390000
6781.390000
6781.390000
6781.390000
6781.390000
6781.390000
6781.390000
6781.390000
6781.390000
6781.390000
6781.390000
6781.390000
6781.390000
6781.390000
6781.390000
6781.390000
6781.390000
6781.390000
6781.390000
6781.390000
6781.390000
6781.390000
6781.390000
6781.390000
6781.390000
6781.390000
6781.390000
6781.390000
6781.390000
6781.390000
6781.390000
6781.390000
6781.390000
6781.390000
6781.390000
6781.390000
6781.390000
6781.390000
6781.390000
6781.390000
6781.390000
6781.390000
6781.390000
6781.390000
6781.390000
6781.390000
6781.390000
6781.390000
6781.390000
6781.390000
6781.390000
6781.390000
6781.390000
6781.390000
6781.390000
6781.390000
6781.390000
6781.390000
6781.390000
6781.390000
6781.390000
6781.390000
6781.390000
6781.390000
6781.390000
6781.390000
6781.390000
6781.390000
6781.390000
6781.390000
6781.390000
6781.390000
6781.390000
6781.390000
0.000000
0.000000
0.000000
0.000000
5929.662848
6781.390000
6781.390000
6781.390000
6781.390000
6781.390000
6781.390000
6781.390000
6781.390000
6781.390000
6781.390000
6781.390000
6781.390000
6781.390000
6781.390000
6781.390000
6781.390000
6781.390000
6781.390000
6781.390000
6781.390000
6781.390000
6781.390000
6781.390000
6781.390000
6781.390000
6781.390000
6781.390000
6781.390000
6781.390000
6781.390000
6781.390000
6781.390000
6781.390000
6781.390000
6781.390000
6781.390000
6781.390000
6781.390000
6781.390000
0.000000
0.000000
0.000000
0.000000
0.000000
0.000000
0.000000
0.000000
0.000000
0.000000
0.000000
0.000000
55.618322
1105.241500
5983.881940
6781.390000
6781.390000
6781.390000
6781.390000
6781.390000
6781.390000
6781.390000
6781.390000
6781.390000
6781.390000
6781.390000
6781.390000
6781.390000
6781.390000
6781.390000
6781.390000
6781.390000
6781.390000
6781.390000
6781.390000
6781.390000
6781.390000
6781.390000
6781.390000
6781.390000
6781.390000
6781.390000
6781.390000
6781.390000
6781.390000
6781.390000
2845.398566
3746.373858
0.000000
0.000000
0.000000
0.000000
0.000000
0.000000
0.000000
0.000000
0.000000
0.000000
17.557519
0.000000
6073.843457
6781.390000
6781.390000
6368.123025
4408.965653
6781.390000
6781.390000
6781.390000
6781.390000
6781.390000
6781.390000
6781.390000
6781.390000
6781.390000
6781.390000
6781.390000
6781.390000
6781.390000
6781.390000
6781.390000
6781.390000
6781.390000
6781.390000
6781.390000
6781.390000
6781.390000
6781.390000
6781.390000
6781.390000
6781.390000
6781.390000
6781.390000
6781.390000
6781.390000
6781.390000
6781.390000
6781.390000
6781.390000
6781.390000
6781.390000
6781.390000
6566.202077
6781.390000
6781.390000
6781.390000
6781.390000
6781.390000
6781.390000
6781.390000
6781.390000
6781.390000
6781.390000
6781.390000
6781.390000
6781.390000
6781.390000
6781.390000
6781.390000
6781.390000
6781.390000
6781.390000
6781.390000
6781.390000
6781.390000
6781.390000
6781.390000
6781.390000
6781.390000
6781.390000
6781.390000
6781.390000
6781.390000
6781.390000
6781.390000
6781.390000
6781.390000
6781.390000
6781.390000
6781.390000
6781.390000
6781.390000
6781.390000
6781.390000
6781.390000
6781.390000
6781.390000
6781.390000
6781.390000
6781.390000
6781.390000
6781.390000
6781.390000
6781.390000
6781.390000
6781.390000
6781.390000
6781.390000
6781.390000
6781.390000
6781.390000
6781.390000
6781.390000
6781.390000
6781.390000
6781.390000
6781.390000
6781.390000
6781.390000
6781.390000
6781.390000
6781.390000
6781.390000
6781.390000
6781.390000
6781.390000
6781.390000
6781.390000
6781.390000
6781.390000
6781.390000
6781.390000
6781.390000
6781.390000
6781.390000
6781.390000
6781.390000
6781.390000
6781.390000
6781.390000
6781.390000
6781.390000
6781.390000
6781.390000
6781.390000
6781.390000
6781.390000
6781.390000
6781.390000
6781.390000
6781.390000
6781.390000
6781.390000
6781.390000
6781.390000
6781.390000
6781.390000
6781.390000
6781.390000
6781.390000
6781.390000
6781.390000
6781.390000
6781.390000
6781.390000
6781.390000
6781.390000
6781.390000
6781.390000
6781.390000
6781.390000
6781.390000
6781.390000
6781.390000
6781.390000
6781.390000
6781.390000
6781.390000
6781.390000
6781.390000
6781.390000
6781.390000
6781.390000
6781.390000
6781.390000
6781.390000
6781.390000
6781.390000
6781.390000
6781.390000
6781.390000
6781.390000
6781.390000
6781.390000
6781.390000
6781.390000
6781.390000
6781.390000
6781.390000
6781.390000
6781.390000
6781.390000
6781.390000
6781.390000
6781.390000
6781.390000
6781.390000
6781.390000
6781.390000
6781.390000
6781.390000
6781.390000
6781.390000
6781.390000
6781.390000
6781.390000
6781.390000
6781.390000
6781.390000
6781.390000
6781.390000
6781.390000
6781.390000
6781.390000
6781.390000
6781.390000
6781.390000
6781.390000
6781.390000
6781.390000
6781.390000
6781.390000
6781.390000
6781.390000
6781.390000
6781.390000
6781.390000
6781.390000
6781.390000
6781.390000
6781.390000
6781.390000
6781.390000
6781.390000
6781.390000
6781.390000
6781.390000
6781.390000
6781.390000
6781.390000
6781.390000
6781.390000
6781.390000
6781.390000
6781.390000
6781.390000
6781.390000
6781.390000
6781.390000
6781.390000
6781.390000
6781.390000
6781.390000
6781.390000
6781.390000
6781.390000
6781.390000
6781.390000
6781.390000
6781.390000
6781.390000
6781.390000
6781.390000
6781.390000
6781.390000
6781.390000
6781.390000
6781.390000
6781.390000
6781.390000
6781.390000
6781.390000
6781.390000
6781.390000
6781.390000
6781.390000
6781.390000
6781.390000
6781.390000
0.000000
1425.195351
6781.390000
6781.390000
6781.390000
6781.390000
6781.390000
6781.390000
6781.390000
6781.390000
6781.390000
6781.390000
6781.390000
6781.390000
6781.390000
6781.390000
6781.390000
6781.390000
6781.390000
6781.390000
6781.390000
6781.390000
6781.390000
6781.390000
6781.390000
6781.390000
6781.390000
6781.390000
6781.390000
6781.390000
6781.390000
6781.390000
6781.390000
6781.390000
6781.390000
6781.390000
6781.390000
6781.390000
6781.390000
6781.390000
6781.390000
6781.390000
6781.390000
6781.390000
6781.390000
6781.390000
6781.390000
6781.390000
6781.390000
6781.390000
6781.390000
6781.390000
6781.390000
6781.390000
6781.390000
6781.390000
6781.390000
6781.390000
6781.390000
6781.390000
6781.390000
6781.390000
6781.390000
6781.390000
6781.390000
6781.390000
6781.390000
6781.390000
6781.390000
6781.390000
6781.390000
6781.390000
6781.390000
6781.390000
6781.390000
6781.390000
6781.390000
6781.390000
6781.390000
6781.390000
6781.390000
6781.390000
6781.390000
6781.390000
6781.390000
6781.390000
6781.390000
6781.390000
6781.390000
6781.390000
6781.390000
6781.390000
6781.390000
6781.390000
6781.390000
6781.390000
6781.390000
6781.390000
6781.390000
6781.390000
6781.390000
6781.390000
6781.390000
6781.390000
6781.390000
6781.390000
6781.390000
6781.390000
6781.390000
6781.390000
6781.390000
6781.390000
6781.390000
6781.390000
6781.390000
6781.390000
6781.390000
6781.390000
6781.390000
6781.390000
6781.390000
6781.390000
6781.390000
6781.390000
6781.390000
6781.390000
6781.390000
6781.390000
6781.390000
6781.390000
6781.390000
6781.390000
6781.390000
6781.390000
6781.390000
6781.390000
6781.390000
6781.390000
6781.390000
6781.390000
6781.390000
6781.390000
6781.390000
6781.390000
6781.390000
6781.390000
6781.390000
6781.390000
6781.390000
6781.390000
6781.390000
6781.390000
6781.390000
6781.390000
6781.390000
6781.390000
6781.390000
6781.390000
6781.390000
6781.390000
6781.390000
6781.390000
6781.390000
6781.390000
6781.390000
6781.390000
6781.390000
6781.390000
6781.390000
6781.390000
6781.390000
6781.390000
6781.390000
6781.390000
6781.390000
6781.390000
6781.390000
6781.390000
6781.390000
6781.390000
6781.390000
6781.390000
6781.390000
6781.390000
6781.390000
6781.390000
6781.390000
6781.390000
6781.390000
6781.390000
6781.390000
6781.390000
6781.390000
6781.390000
6781.390000
6781.390000
6781.390000
6781.390000
6781.390000
6781.390000
6781.390000
6781.390000
6781.390000
6781.390000
6781.390000
6781.390000
6781.390000
6781.390000
6781.390000
6781.390000
6781.390000
6781.390000
6781.390000
6781.390000
6781.390000
6781.390000
6781.390000
6781.390000
6781.390000
6781.390000
6781.390000
6781.390000
6781.390000
6781.390000
6781.390000
6781.390000
6781.390000
6781.390000
6781.390000
6781.390000
6781.390000
6781.390000
6781.390000
6781.390000
6781.390000
6781.390000
6781.390000
6781.390000
6781.390000
6781.390000
6781.390000
6781.390000
6781.390000
6781.390000
6781.390000
6781.390000
6781.390000
6781.390000
6781.390000
6781.390000
6781.390000
6781.390000
6781.390000
6781.390000
6781.390000
6781.390000
6781.390000
6781.390000
6781.390000
6781.390000
6781.390000
6781.390000
6781.390000
6781.390000
6781.390000
6781.390000
6781.390000
6781.390000
6781.390000
6781.390000
6781.390000
6781.390000
6781.390000
6781.390000
6781.390000
6781.390000
6781.390000
6781.390000
6781.390000
6781.390000
6781.390000
6781.390000
6781.390000
6781.390000
6781.390000
6781.390000
6781.390000
6781.390000
6781.390000
6781.390000
6781.390000
6781.390000
6781.390000
6781.390000
6781.390000
6781.390000
6781.390000
6781.390000
6781.390000
6781.390000
6781.390000
6781.390000
6781.390000
6781.390000
6781.390000
6781.390000
6781.390000
6781.390000
6781.390000
6781.390000
6781.390000
6781.390000
6781.390000
6781.390000
6781.390000
6781.390000
6781.390000
6781.390000
6781.390000
6781.390000
6781.390000
6781.390000
6781.390000
6781.390000
6781.390000
6781.390000
6781.390000
6781.390000
6781.390000
6781.390000
6781.390000
6781.390000
6781.390000
6781.390000
6781.390000
6781.390000
6781.390000
6781.390000
6781.390000
6781.390000
6781.390000
6781.390000
6781.390000
6781.390000
6781.390000
6781.390000
6781.390000
6781.390000
6781.390000
6781.390000
6781.390000
6781.390000
6781.390000
6781.390000
6781.390000
6781.390000
6781.390000
6781.390000
6781.390000
6781.390000
6781.390000
6781.390000
6781.390000
6781.390000
6781.390000
6781.390000
6781.390000
6781.390000
6781.390000
6781.390000
6781.390000
6781.390000
6781.390000
6781.390000
6781.390000
6781.390000
6781.390000
6781.390000
6781.390000
6781.390000
6781.390000
6781.390000
0.000000
0.000000
0.000000
0.000000
0.000000
0.000000
0.000000
0.000000
0.000000
0.000000
689.076279
155.995043
6335.398511
6781.390000
6781.390000
6781.390000
6781.390000
6781.390000
6781.390000
6781.390000
6781.390000
6781.390000
6781.390000
6781.390000
6781.390000
6781.390000
6781.390000
6781.390000
6781.390000
6781.390000
6781.390000
6781.390000
6781.390000
6781.390000
6781.390000
6781.390000
6781.390000
6781.390000
6781.390000
6781.390000
6781.390000
6781.390000
6781.390000
6781.390000
6781.390000
6781.390000
6781.390000
6781.390000
0.000000
534.862994
0.000000
0.000000
0.000000
0.000000
0.000000
0.000000
449.807972
1170.995595
6781.390000
6781.390000
6781.390000
6781.390000
6781.390000
6781.390000
6781.390000
6781.390000
6781.390000
6781.390000
6781.390000
6781.390000
6781.390000
6781.390000
6781.390000
6781.390000
6781.390000
6781.390000
6781.390000
6781.390000
6781.390000
6781.390000
6781.390000
6781.390000
6781.390000
6781.390000
6781.390000
6781.390000
6781.390000
6781.390000
6781.390000
6781.390000
6781.390000
6781.390000
6781.390000
6781.390000
6781.390000
6781.390000
0.000000
1838.692478
0.000000
0.000000
0.000000
0.000000
0.000000
0.000000
3101.136870
3987.884124
6781.390000
6781.390000
6781.390000
6781.390000
6781.390000
6781.390000
6781.390000
6781.390000
6781.390000
6781.390000
6781.390000
6781.390000
6781.390000
6781.390000
6781.390000
6781.390000
6781.390000
6781.390000
6781.390000
6781.390000
6781.390000
6781.390000
6781.390000
6781.390000
6781.390000
6781.390000
6781.390000
6781.390000
6781.390000
6781.390000
6781.390000
6781.390000
6781.390000
6781.390000
6781.390000
6781.390000
6781.390000
6781.390000
0.000000
0.000000
0.000000
0.000000
0.000000
0.000000
5568.841550
5854.259544
3604.467729
4394.277749
6781.390000
6781.390000
6781.390000
6781.390000
6781.390000
6781.390000
6781.390000
6781.390000
6781.390000
6781.390000
6781.390000
6781.390000
6781.390000
6781.390000
6781.390000
6781.390000
6781.390000
6781.390000
6781.390000
6781.390000
6781.390000
6781.390000
6781.390000
6781.390000
6781.390000
6781.390000
6781.390000
6781.390000
6781.390000
6781.390000
6781.390000
6781.390000
6781.390000
6781.390000
6781.390000
6781.390000
6781.390000
6781.390000
6781.390000
6781.390000
6781.390000
6781.390000
6781.390000
6781.390000
6781.390000
6781.390000
6781.390000
6781.390000
6781.390000
6781.390000
6781.390000
6781.390000
6781.390000
6781.390000
6781.390000
6781.390000
6781.390000
6781.390000
6781.390000
6781.390000
6781.390000
6781.390000
6781.390000
6781.390000
6781.390000
6781.390000
6781.390000
6781.390000
6781.390000
6781.390000
6781.390000
6781.390000
6781.390000
6781.390000
6781.390000
6781.390000
6781.390000
6781.390000
6781.390000
6781.390000
6781.390000
6781.390000
6781.390000
6781.390000
6781.390000
6781.390000
6781.390000
6781.390000
6781.390000
6781.390000
6781.390000
6781.390000
6781.390000
6781.390000
6781.390000
6781.390000
6781.390000
6781.390000
6781.390000
6781.390000
6781.390000
6781.390000
6781.390000
6781.390000
6781.390000
6781.390000
6781.390000
6781.390000
6781.390000
6781.390000
6781.390000
6781.390000
6781.390000
6781.390000
6781.390000
6781.390000
6781.390000
6781.390000
6781.390000
6781.390000
6781.390000
6781.390000
6781.390000
6781.390000
6781.390000
6781.390000
6781.390000
6781.390000
6781.390000
6781.390000
6781.390000
6781.390000
6781.390000
6781.390000
6781.390000
6781.390000
6781.390000
6781.390000
6781.390000
6781.390000
6781.390000
6781.390000
6781.390000
6781.390000
6781.390000
6781.390000
6781.390000
6781.390000
6781.390000
6781.390000
6781.390000
6781.390000
6781.390000
6781.390000
6781.390000
6781.390000
6781.390000
6781.390000
6781.390000
6781.390000
6781.390000
6781.390000
6781.390000
6781.390000
6781.390000
6781.390000
6781.390000
6781.390000
6781.390000
6781.390000
6781.390000
6781.390000
6781.390000
6781.390000
6781.390000
6781.390000
6781.390000
6781.390000
6781.390000
6781.390000
6781.390000
6781.390000
600.399087
2039.017607
0.000000
0.000000
0.000000
0.000000
0.000000
1261.952443
5803.611843
5705.620508
6781.390000
6781.390000
6781.390000
6781.390000
6781.390000
6781.390000
6781.390000
6781.390000
6781.390000
6781.390000
6781.390000
6781.390000
6781.390000
6781.390000
6781.390000
6781.390000
6781.390000
6781.390000
6781.390000
6781.390000
6781.390000
6781.390000
6781.390000
6781.390000
6781.390000
6781.390000
6781.390000
6781.390000
6781.390000
6781.390000
6781.390000
6781.390000
6781.390000
6781.390000
6781.390000
6781.390000
6781.390000
6781.390000
6781.390000
6781.390000
4049.321921
1895.279298
0.000000
0.000000
0.000000
0.000000
3945.453085
4735.792224
6781.390000
6781.390000
6781.390000
6781.390000
6781.390000
6781.390000
6781.390000
6781.390000
6781.390000
6781.390000
6781.390000
6781.390000
6781.390000
6781.390000
6781.390000
6781.390000
6781.390000
6781.390000
6781.390000
6781.390000
6781.390000
6781.390000
6781.390000
6781.390000
6781.390000
6781.390000
6781.390000
6781.390000
6781.390000
6781.390000
6781.390000
6781.390000
6781.390000
6781.390000
6781.390000
6781.390000
6781.390000
6781.390000
6781.390000
6781.390000
2969.380652
629.285927
0.000000
0.000000
0.000000
0.000000
0.000000
0.000000
2062.946312
2801.721607
6781.390000
6781.390000
6781.390000
6781.390000
6781.390000
6781.390000
6781.390000
6781.390000
6781.390000
6781.390000
6781.390000
6781.390000
6781.390000
6781.390000
6781.390000
6781.390000
6781.390000
6781.390000
6781.390000
6781.390000
6781.390000
6781.390000
6781.390000
6781.390000
6781.390000
6781.390000
6781.390000
6781.390000
6781.390000
6781.390000
6781.390000
6781.390000
6781.390000
6781.390000
6781.390000
6781.390000
0.000000
988.935643
0.000000
0.000000
0.000000
0.000000
0.000000
0.000000
3220.770735
4149.574486
6781.390000
6781.390000
6781.390000
6781.390000
6781.390000
6781.390000
6781.390000
6781.390000
6781.390000
6781.390000
6781.390000
6781.390000
6781.390000
6781.390000
6781.390000
6781.390000
6781.390000
6781.390000
6781.390000
6781.390000
6781.390000
6781.390000
6781.390000
6781.390000
6781.390000
6781.390000
6781.390000
6781.390000
6781.390000
6781.390000
6781.390000
6781.390000
6781.390000
6781.390000
6781.390000
6781.390000
6781.390000
6781.390000
6781.390000
6781.390000
6781.390000
6482.386707
0.000000
0.000000
0.000000
0.000000
3005.068138
3622.565671
6781.390000
6781.390000
6781.390000
6781.390000
6781.390000
6781.390000
6781.390000
6781.390000
6781.390000
6781.390000
6781.390000
6781.390000
6781.390000
6781.390000
6781.390000
6781.390000
6781.390000
6781.390000
6781.390000
6781.390000
6781.390000
6781.390000
6781.390000
6781.390000
6781.390000
6781.390000
6781.390000
6781.390000
6781.390000
6781.390000
6781.390000
6781.390000
6781.390000
6781.390000
6781.390000
6781.390000
6781.390000
6781.390000
6781.390000
6781.390000
2888.647587
509.987859
0.000000
0.000000
0.000000
0.000000
0.000000
0.000000
6608.559572
6781.390000
0.000000
856.544401
2800.110510
6781.390000
6781.390000
6781.390000
6781.390000
6781.390000
6781.390000
6781.390000
6781.390000
6781.390000
6781.390000
6781.390000
6781.390000
6781.390000
6781.390000
6781.390000
6781.390000
6781.390000
6781.390000
6781.390000
6781.390000
6781.390000
6781.390000
6781.390000
6781.390000
6781.390000
6781.390000
6781.390000
6781.390000
6781.390000
6781.390000
6781.390000
6781.390000
6781.390000
0.000000
0.000000
0.000000
0.000000
0.000000
0.000000
0.000000
0.000000
0.000000
0.000000
6781.390000
6781.390000
6781.390000
6781.390000
6781.390000
6781.390000
6550.847022
6781.390000
6781.390000
6781.390000
6781.390000
6781.390000
6781.390000
6781.390000
6781.390000
6781.390000
6781.390000
6781.390000
6781.390000
6781.390000
6781.390000
6781.390000
6781.390000
6781.390000
6781.390000
6781.390000
6781.390000
6781.390000
6781.390000
6781.390000
6781.390000
6781.390000
6781.390000
6781.390000
6781.390000
6781.390000
6781.390000
6781.390000
0.000000
0.000000
0.000000
0.000000
0.000000
0.000000
0.000000
0.000000
0.000000
0.000000
2076.033948
1668.248179
0.000000
0.000000
2630.967940
6781.390000
6781.390000
6781.390000
6781.390000
6781.390000
6781.390000
6781.390000
6781.390000
6781.390000
6781.390000
6781.390000
6781.390000
6781.390000
6781.390000
6781.390000
6781.390000
6781.390000
6781.390000
6781.390000
6781.390000
6781.390000
6781.390000
6781.390000
6781.390000
6781.390000
6781.390000
6781.390000
6781.390000
6781.390000
6781.390000
6781.390000
6781.390000
6781.390000
0.000000
1367.221027
0.000000
0.000000
0.000000
0.000000
0.000000
0.000000
733.173265
1172.510501
0.000000
0.000000
0.000000
1358.624337
6781.390000
2768.545569
6781.390000
6781.390000
6781.390000
6781.390000
6781.390000
6781.390000
6781.390000
6781.390000
6781.390000
6781.390000
6781.390000
6781.390000
6781.390000
6781.390000
6781.390000
6781.390000
6781.390000
6781.390000
6781.390000
6781.390000
6781.390000
6781.390000
6781.390000
6781.390000
6781.390000
6781.390000
6781.390000
6781.390000
6781.390000
6781.390000
6781.390000
6781.390000
6781.390000
6781.390000
3360.500614
1297.057125
0.000000
0.000000
0.000000
0.000000
0.000000
0.000000
0.000000
789.846500
1053.515426
2838.452479
2560.691181
6781.390000
6781.390000
6781.390000
6781.390000
6781.390000
6781.390000
6781.390000
6781.390000
6781.390000
6781.390000
6781.390000
6781.390000
6781.390000
6781.390000
6781.390000
6781.390000
6781.390000
6781.390000
6781.390000
6781.390000
6781.390000
6781.390000
6781.390000
6781.390000
6781.390000
6781.390000
6781.390000
6781.390000
6781.390000
6781.390000
6781.390000
6781.390000
6781.390000
0.000000
0.000000
0.000000
0.000000
0.000000
0.000000
0.000000
0.000000
119.206280
708.543126
6781.390000
6781.390000
6781.390000
6781.390000
6781.390000
3948.761970
6646.476574
6781.390000
6781.390000
6781.390000
6781.390000
6781.390000
6781.390000
6781.390000
6781.390000
6781.390000
6781.390000
6781.390000
6781.390000
6781.390000
6781.390000
6781.390000
6781.390000
6781.390000
6781.390000
6781.390000
6781.390000
6781.390000
6781.390000
6781.390000
6781.390000
6781.390000
6781.390000
6781.390000
6781.390000
6781.390000
6781.390000
6781.390000
6781.390000
6781.390000
5496.055145
3050.699674
2945.393406
924.523424
2672.338205
2608.820329
6781.390000
6781.390000
6781.390000
6781.390000
6781.390000
6781.390000
6781.390000
6781.390000
6781.390000
6781.390000
6781.390000
6781.390000
6781.390000
6781.390000
6781.390000
6781.390000
6781.390000
6781.390000
6781.390000
6781.390000
6781.390000
6781.390000
6781.390000
6781.390000
6781.390000
6781.390000
6781.390000
6781.390000
6781.390000
6781.390000
6781.390000
6781.390000
6781.390000
6781.390000
6781.390000
6781.390000
6781.390000
6781.390000
6781.390000
6781.390000
6781.390000
6781.390000
6781.390000
6781.390000
6781.390000
6781.390000
6781.390000
6781.390000
6781.390000
6781.390000
6781.390000
6781.390000
6781.390000
6781.390000
6781.390000
6781.390000
6781.390000
6781.390000
6781.390000
6781.390000
6781.390000
6781.390000
6781.390000
6781.390000
6781.390000
6781.390000
6781.390000
6781.390000
6781.390000
6781.390000
6781.390000
6781.390000
6781.390000
6781.390000
6781.390000
6781.390000
6781.390000
6781.390000
6781.390000
6781.390000
6781.390000
6781.390000
6781.390000
6781.390000
6781.390000
6781.390000
6781.390000
6781.390000
6781.390000
6781.390000
0.000000
1273.392147
13.196507
2022.173799
5177.575704
6781.390000
3135.121817
3256.745639
6781.390000
6628.194860
769.019152
1157.669567
6781.390000
6781.390000
6781.390000
6781.390000
6781.390000
6781.390000
6781.390000
6781.390000
6781.390000
6781.390000
6781.390000
6781.390000
6781.390000
6781.390000
6781.390000
6781.390000
6781.390000
6781.390000
6781.390000
6781.390000
6781.390000
6781.390000
6781.390000
6781.390000
6781.390000
6781.390000
6781.390000
6781.390000
6781.390000
6781.390000
6781.390000
6781.390000
6781.390000
6781.390000
6781.390000
6781.390000
2302.885967
4282.348178
6781.390000
6781.390000
0.000000
238.465808
6781.390000
6781.390000
6781.390000
6781.390000
6781.390000
6781.390000
6781.390000
6781.390000
6781.390000
6781.390000
6781.390000
6781.390000
6781.390000
6781.390000
6781.390000
6781.390000
6781.390000
6781.390000
6781.390000
6781.390000
6781.390000
6781.390000
6781.390000
6781.390000
6781.390000
6781.390000
6781.390000
6781.390000
6781.390000
6781.390000
6781.390000
6781.390000
6781.390000
6781.390000
6781.390000
6781.390000
6781.390000
6781.390000
6781.390000
6781.390000
6781.390000
6781.390000
5428.173440
3170.664488
0.000000
0.000000
0.000000
0.000000
5905.303848
6781.390000
4604.119724
5251.579648
6781.390000
6781.390000
6781.390000
6031.031392
6781.390000
6781.390000
6781.390000
6781.390000
6781.390000
6781.390000
6781.390000
6781.390000
6781.390000
6781.390000
6781.390000
6781.390000
6781.390000
6781.390000
6781.390000
6781.390000
6781.390000
6781.390000
6781.390000
6781.390000
6781.390000
6781.390000
6781.390000
6781.390000
6781.390000
6781.390000
6781.390000
6781.390000
6781.390000
6781.390000
6781.390000
6781.390000
6781.390000
6781.390000
6781.390000
6781.390000
1600.134973
0.000000
0.000000
0.000000
6781.390000
6781.390000
6781.390000
6781.390000
6781.390000
6781.390000
6781.390000
6781.390000
6781.390000
6781.390000
6781.390000
6781.390000
6781.390000
6781.390000
6781.390000
6781.390000
6781.390000
6781.390000
6781.390000
6781.390000
6781.390000
6781.390000
6781.390000
6781.390000
6781.390000
6781.390000
6781.390000
6781.390000
6781.390000
6781.390000
6781.390000
6781.390000
6781.390000
6781.390000
6781.390000
6781.390000
6781.390000
6781.390000
6781.390000
6781.390000
6781.390000
6781.390000
6781.390000
5232.589226
0.000000
0.000000
0.000000
0.000000
0.000000
0.000000
6781.390000
6781.390000
6781.390000
6781.390000
6781.390000
6781.390000
6781.390000
6781.390000
6781.390000
6781.390000
6781.390000
6781.390000
6781.390000
6781.390000
6781.390000
6781.390000
6781.390000
6781.390000
6781.390000
6781.390000
6781.390000
6781.390000
6781.390000
6781.390000
6781.390000
6781.390000
6781.390000
6781.390000
6781.390000
6781.390000
6781.390000
6781.390000
6781.390000
6781.390000
6781.390000
6781.390000
6781.390000
6781.390000
6781.390000
6781.390000
6781.390000
6781.390000
6781.390000
6781.390000
6781.390000
6781.390000
6781.390000
6781.390000
6781.390000
6781.390000
6781.390000
6781.390000
6781.390000
6781.390000
6781.390000
6781.390000
6781.390000
6781.390000
6781.390000
6781.390000
6781.390000
6781.390000
6781.390000
6781.390000
6781.390000
6781.390000
6781.390000
6781.390000
6781.390000
6781.390000
6781.390000
6781.390000
6781.390000
6781.390000
6781.390000
6781.390000
6781.390000
6781.390000
6781.390000
6781.390000
6781.390000
6781.390000
6781.390000
6781.390000
6781.390000
6781.390000
6781.390000
6781.390000
6781.390000
6781.390000
0.000000
0.000000
0.000000
0.000000
2584.064251
3297.463611
6781.390000
6781.390000
6781.390000
6781.390000
6781.390000
6781.390000
6781.390000
6781.390000
6781.390000
6781.390000
6781.390000
6781.390000
6781.390000
6781.390000
6781.390000
6781.390000
6781.390000
6781.390000
6781.390000
6781.390000
6781.390000
6781.390000
6781.390000
6781.390000
6781.390000
6781.390000
6781.390000
6781.390000
6781.390000
6781.390000
6781.390000
6781.390000
6781.390000
6781.390000
6781.390000
6781.390000
6781.390000
6781.390000
0.000000
0.000000
0.000000
0.000000
0.000000
0.000000
0.000000
0.000000
2835.613859
2738.001605
6781.390000
6781.390000
6781.390000
6781.390000
6781.390000
6781.390000
6781.390000
6781.390000
6781.390000
6781.390000
6781.390000
6781.390000
6781.390000
6781.390000
6781.390000
6781.390000
6781.390000
6781.390000
6781.390000
6781.390000
6781.390000
6781.390000
6781.390000
6781.390000
6781.390000
6781.390000
6781.390000
6781.390000
6781.390000
6781.390000
6781.390000
6781.390000
6781.390000
6781.390000
6781.390000
6781.390000
6781.390000
6781.390000
6781.390000
6781.390000
2782.785142
4817.071400
4405.926257
6542.260990
1024.780868
2592.976847
6035.253958
6050.716285
6781.390000
6781.390000
6781.390000
6781.390000
6781.390000
6781.390000
6781.390000
6781.390000
6781.390000
6781.390000
6781.390000
6781.390000
6781.390000
6781.390000
6781.390000
6781.390000
6781.390000
6781.390000
6781.390000
6781.390000
6781.390000
6781.390000
6781.390000
6781.390000
6781.390000
6781.390000
6781.390000
6781.390000
6781.390000
6781.390000
6781.390000
6781.390000
6781.390000
6781.390000
6781.390000
6781.390000
6781.390000
6781.390000
6781.390000
6781.390000
6781.390000
6781.390000
6781.390000
6781.390000
6781.390000
6781.390000
6781.390000
6781.390000
6781.390000
6781.390000
6781.390000
6781.390000
6781.390000
6781.390000
6781.390000
6781.390000
6781.390000
6781.390000
6781.390000
6781.390000
6781.390000
6781.390000
6781.390000
6781.390000
6781.390000
6781.390000
6781.390000
6781.390000
6781.390000
6781.390000
6781.390000
6781.390000
6781.390000
6781.390000
6781.390000
6781.390000
6781.390000
6781.390000
6781.390000
6781.390000
6781.390000
6781.390000
6781.390000
6781.390000
6781.390000
6781.390000
6781.390000
6781.390000
6781.390000
6781.390000
6781.390000
6781.390000
6781.390000
6781.390000
6781.390000
6781.390000
6781.390000
6781.390000
6781.390000
6781.390000
6781.390000
6781.390000
6781.390000
6781.390000
6781.390000
6781.390000
6781.390000
6781.390000
6781.390000
6781.390000
6781.390000
6781.390000
6781.390000
6781.390000
6781.390000
6781.390000
6781.390000
6781.390000
6781.390000
6781.390000
6781.390000
6781.390000
6781.390000
6781.390000
6781.390000
6781.390000
6781.390000
6781.390000
6781.390000
6781.390000
6781.390000
6781.390000
6781.390000
6781.390000
6781.390000
6781.390000
6781.390000
6781.390000
6781.390000
6781.390000
6781.390000
6781.390000
6781.390000
6781.390000
6781.390000
6781.390000
6781.390000
6781.390000
6781.390000
6781.390000
6781.390000
6781.390000
6781.390000
6781.390000
6781.390000
6781.390000
6781.390000
6781.390000
6781.390000
6781.390000
6781.390000
6781.390000
6781.390000
6781.390000
6781.390000
6781.390000
6781.390000
6781.390000
6781.390000
6781.390000
6781.390000
6781.390000
6781.390000
6781.390000
6781.390000
6781.390000
6781.390000
6781.390000
6781.390000
6781.390000
6781.390000
6781.390000
6781.390000
6781.390000
6781.390000
6781.390000
6781.390000
6781.390000
6781.390000
6781.390000
6781.390000
6781.390000
6781.390000
6781.390000
6781.390000
6781.390000
6781.390000
6781.390000
6781.390000
6781.390000
6781.390000
6781.390000
6781.390000
6781.390000
6781.390000
6781.390000
6781.390000
6781.390000
6781.390000
6781.390000
6781.390000
6781.390000
6781.390000
6781.390000
6781.390000
6781.390000
6781.390000
6781.390000
6781.390000
6781.390000
6781.390000
6781.390000
6781.390000
6781.390000
6781.390000
6781.390000
6781.390000
6781.390000
6781.390000
6781.390000
6781.390000
6781.390000
3845.505236
5503.233953
3657.489327
5525.640070
283.978888
2139.252042
0.000000
0.000000
0.000000
0.000000
0.000000
0.000000
0.000000
6781.390000
6781.390000
6781.390000
6781.390000
6781.390000
6781.390000
6781.390000
6781.390000
6781.390000
6781.390000
6781.390000
6781.390000
6781.390000
6781.390000
6781.390000
6781.390000
6781.390000
6781.390000
6781.390000
6781.390000
6781.390000
6781.390000
6781.390000
6781.390000
6781.390000
6781.390000
6781.390000
6781.390000
6781.390000
6781.390000
6781.390000
6781.390000
6781.390000
6781.390000
6781.390000
4655.738691
6593.177673
6781.390000
6781.390000
6781.390000
6781.390000
6781.390000
6781.390000
6781.390000
6781.390000
6781.390000
6781.390000
6781.390000
0.000000
4663.878832
6781.390000
6781.390000
6781.390000
6781.390000
6781.390000
6781.390000
6781.390000
6781.390000
6781.390000
6781.390000
6781.390000
6781.390000
6781.390000
6781.390000
6781.390000
6781.390000
6781.390000
6781.390000
6781.390000
6781.390000
6781.390000
6781.390000
6781.390000
6781.390000
6781.390000
6781.390000
6781.390000
6781.390000
6781.390000
6781.390000
6781.390000
6781.390000
6781.390000
6781.390000
6781.390000
6781.390000
6781.390000
6781.390000
6781.390000
6781.390000
6781.390000
6781.390000
6781.390000
6781.390000
6781.390000
6781.390000
6781.390000
6781.390000
6781.390000
6781.390000
6781.390000
6781.390000
6781.390000
6781.390000
6781.390000
6781.390000
6781.390000
6781.390000
6781.390000
6781.390000
6781.390000
6781.390000
6781.390000
6781.390000
6781.390000
6781.390000
6781.390000
6781.390000
6781.390000
6781.390000
6781.390000
6781.390000
6781.390000
6781.390000
6781.390000
6781.390000
6781.390000
6781.390000
6781.390000
6781.390000
6781.390000
6781.390000
6781.390000
6781.390000
6781.390000
6781.390000
6781.390000
6781.390000
6781.390000
6781.390000
6781.390000
6781.390000
6781.390000
6781.390000
6781.390000
6781.390000
6781.390000
6781.390000
6781.390000
6781.390000
6781.390000
6781.390000
6781.390000
6781.390000
6781.390000
6781.390000
6781.390000
6781.390000
6781.390000
6781.390000
6781.390000
6781.390000
6781.390000
6781.390000
6781.390000
6781.390000
6781.390000
6781.390000
6781.390000
6781.390000
6781.390000
6781.390000
6781.390000
6781.390000
6781.390000
6781.390000
6781.390000
6781.390000
6781.390000
6781.390000
6781.390000
6781.390000
6781.390000
6781.390000
6781.390000
6781.390000
6781.390000
6781.390000
6781.390000
6781.390000
6781.390000
6781.390000
6781.390000
6781.390000
6781.390000
6781.390000
6781.390000
6781.390000
6781.390000
6781.390000
6781.390000
6781.390000
6781.390000
6781.390000
6781.390000
6781.390000
6781.390000
6781.390000
6781.390000
6781.390000
6781.390000
6781.390000
6781.390000
6781.390000
6781.390000
6781.390000
6781.390000
6781.390000
6781.390000
6781.390000
6781.390000
6781.390000
6781.390000
6781.390000
6781.390000
6781.390000
6781.390000
6781.390000
6781.390000
6781.390000
6781.390000
6781.390000
6781.390000
6781.390000
6781.390000
6781.390000
6781.390000
6781.390000
6781.390000
6781.390000
6781.390000
6781.390000
6781.390000
6781.390000
6781.390000
6781.390000
6781.390000
6781.390000
6781.390000
6781.390000
6781.390000
6781.390000
6781.390000
6781.390000
6781.390000
6781.390000
6781.390000
6781.390000
6781.390000
6781.390000
6781.390000
6781.390000
6781.390000
6781.390000
6781.390000
6781.390000
6781.390000
6781.390000
6781.390000
6781.390000
6781.390000
6781.390000
6781.390000
6781.390000
6781.390000
6781.390000
6781.390000
6781.390000
6781.390000
6781.390000
6781.390000
6781.390000
6781.390000
6781.390000
6781.390000
6781.390000
6781.390000
6781.390000
6781.390000
6781.390000
6781.390000
6781.390000
6781.390000
6781.390000
6781.390000
6781.390000
6781.390000
6781.390000
6781.390000
6781.390000
6781.390000
6781.390000
6781.390000
6781.390000
6781.390000
6781.390000
6781.390000
6781.390000
6781.390000
6781.390000
6781.390000
6781.390000
6781.390000
6781.390000
6781.390000
6781.390000
6781.390000
6781.390000
6781.390000
6781.390000
6781.390000
6781.390000
6781.390000
6781.390000
6781.390000
6781.390000
6781.390000
6781.390000
6781.390000
6781.390000
6781.390000
6781.390000
6781.390000
6781.390000
6781.390000
6781.390000
6781.390000
6781.390000
6781.390000
6781.390000
6781.390000
6781.390000
6781.390000
6781.390000
6781.390000
6781.390000
6781.390000
6781.390000
6781.390000
6781.390000
6781.390000
6781.390000
6781.390000
6781.390000
6781.390000
6781.390000
6781.390000
6781.390000
6781.390000
6781.390000
6781.390000
6781.390000
6781.390000
6781.390000
6781.390000
6781.390000
6781.390000
6781.390000
6781.390000
6781.390000
6781.390000
6781.390000
6781.390000
6781.390000
6781.390000
6781.390000
6781.390000
6781.390000
6781.390000
6781.390000
6781.390000
6781.390000
6781.390000
6781.390000
6781.390000
6781.390000
6781.390000
6781.390000
6781.390000
6781.390000
6781.390000
6781.390000
6781.390000
6781.390000
6781.390000
6781.390000
6781.390000
6781.390000
6781.390000
6781.390000
6781.390000
6781.390000
6781.390000
6781.390000
6781.390000
6781.390000
6781.390000
6781.390000
6781.390000
6781.390000
6781.390000
6781.390000
6781.390000
6781.390000
6781.390000
6781.390000
6781.390000
6781.390000
6781.390000
0.000000
2161.795868
6781.390000
6781.390000
6781.390000
6781.390000
6781.390000
6781.390000
6781.390000
6781.390000
6781.390000
6781.390000
6781.390000
6781.390000
6781.390000
6781.390000
6781.390000
6781.390000
6781.390000
6781.390000
6781.390000
6781.390000
6781.390000
6781.390000
6781.390000
6781.390000
6781.390000
6781.390000
6781.390000
6781.390000
6781.390000
6781.390000
6781.390000
6781.390000
6781.390000
6781.390000
6781.390000
6781.390000
6781.390000
6781.390000
6781.390000
6781.390000
6781.390000
6781.390000
6781.390000
6781.390000
6781.390000
6781.390000
6781.390000
6781.390000
6781.390000
6781.390000
6781.390000
6781.390000
6538.766232
6781.390000
6781.390000
6781.390000
6781.390000
6781.390000
6781.390000
6781.390000
6781.390000
6781.390000
6781.390000
6781.390000
6781.390000
6781.390000
6781.390000
6781.390000
6781.390000
6781.390000
6781.390000
6781.390000
6781.390000
6781.390000
6781.390000
6781.390000
6781.390000
6781.390000
6781.390000
6781.390000
6781.390000
6781.390000
6781.390000
6781.390000
6781.390000
6781.390000
6781.390000
6781.390000
6781.390000
6781.390000
6781.390000
6781.390000
6781.390000
6781.390000
6781.390000
6781.390000
6781.390000
6781.390000
6781.390000
6781.390000
6781.390000
6781.390000
6781.390000
6781.390000
6781.390000
6781.390000
6781.390000
6781.390000
6781.390000
6781.390000
6781.390000
6781.390000
6781.390000
6781.390000
6781.390000
6781.390000
6781.390000
6781.390000
6781.390000
6781.390000
6781.390000
6781.390000
6781.390000
6781.390000
6781.390000
6781.390000
6781.390000
6781.390000
6781.390000
6781.390000
6781.390000
6781.390000
6781.390000
6781.390000
6781.390000
6781.390000
6781.390000
6781.390000
6781.390000
6781.390000
6781.390000
6781.390000
6781.390000
6781.390000
6781.390000
6781.390000
6781.390000
6781.390000
6781.390000
6781.390000
6781.390000
6781.390000
6781.390000
6781.390000
6781.390000
6781.390000
6781.390000
6781.390000
6781.390000
6781.390000
6781.390000
6781.390000
6781.390000
6781.390000
6781.390000
6781.390000
6781.390000
6781.390000
6781.390000
6781.390000
6781.390000
6781.390000
6781.390000
6781.390000
6781.390000
6781.390000
6781.390000
6781.390000
6781.390000
6781.390000
6781.390000
6781.390000
6781.390000
6781.390000
6781.390000
6781.390000
6781.390000
6781.390000
6781.390000
6781.390000
6781.390000
6781.390000
6781.390000
6781.390000
6781.390000
6781.390000
6781.390000
6781.390000
6781.390000
6781.390000
6781.390000
6781.390000
6781.390000
6781.390000
6781.390000
6781.390000
6781.390000
6781.390000
6781.390000
6781.390000
6781.390000
6781.390000
6781.390000
6781.390000
6781.390000
6781.390000
6781.390000
6781.390000
6781.390000
6781.390000
6781.390000
6781.390000
6781.390000
6781.390000
6781.390000
6781.390000
6781.390000
6781.390000
6781.390000
6781.390000
6781.390000
6781.390000
6781.390000
6781.390000
6781.390000
6781.390000
6781.390000
6781.390000
6781.390000
6781.390000
6781.390000
6781.390000
6781.390000
6781.390000
6781.390000
6781.390000
6781.390000
6781.390000
6781.390000
6781.390000
6781.390000
6781.390000
6781.390000
6781.390000
6781.390000
6781.390000
6781.390000
6781.390000
6781.390000
6781.390000
6781.390000
6781.390000
6781.390000
6781.390000
6781.390000
6781.390000
6781.390000
6781.390000
6781.390000
6781.390000
6781.390000
6781.390000
6781.390000
6781.390000
6781.390000
6781.390000
6781.390000
6781.390000
6781.390000
6781.390000
6781.390000
6781.390000
6781.390000
6781.390000
6781.390000
6781.390000
2016.884802
3025.835893
3157.369783
5153.387284
0.000000
0.000000
799.176461
2819.413442
6781.390000
6781.390000
6781.390000
6781.390000
6781.390000
6781.390000
6781.390000
6781.390000
6781.390000
6781.390000
6781.390000
6781.390000
6781.390000
6781.390000
6781.390000
6781.390000
6781.390000
6781.390000
6781.390000
6781.390000
6781.390000
6781.390000
6781.390000
6781.390000
6781.390000
6781.390000
6781.390000
6781.390000
6781.390000
6781.390000
6781.390000
6781.390000
6781.390000
6781.390000
6781.390000
6781.390000
6781.390000
6781.390000
6781.390000
6781.390000
6781.390000
6781.390000
6781.390000
6781.390000
6781.390000
6781.390000
6781.390000
6781.390000
6781.390000
6781.390000
6781.390000
6781.390000
6781.390000
6781.390000
6781.390000
6781.390000
6781.390000
6781.390000
6781.390000
6781.390000
6781.390000
6781.390000
6781.390000
6781.390000
6781.390000
6781.390000
6781.390000
6781.390000
6781.390000
6781.390000
6781.390000
6781.390000
6781.390000
6781.390000
6781.390000
6781.390000
6781.390000
6781.390000
6781.390000
6781.390000
6781.390000
6781.390000
6781.390000
6781.390000
6781.390000
6781.390000
6781.390000
6781.390000
5965.062644
6781.390000
3423.944688
0.000000
0.000000
0.000000
0.000000
0.000000
6507.734322
6781.390000
1611.320305
1920.841185
6781.390000
6781.390000
6781.390000
6781.390000
6781.390000
6781.390000
6781.390000
6781.390000
6781.390000
6781.390000
6781.390000
6781.390000
6781.390000
6781.390000
6781.390000
6781.390000
6781.390000
6781.390000
6781.390000
6781.390000
6781.390000
6781.390000
6781.390000
6781.390000
6781.390000
6781.390000
6781.390000
6781.390000
6781.390000
6781.390000
6781.390000
6781.390000
6781.390000
6781.390000
6781.390000
6781.390000
6215.047844
6781.390000
6781.390000
6781.390000
6781.390000
6781.390000
6781.390000
6781.390000
6781.390000
6781.390000
6781.390000
6781.390000
6781.390000
6781.390000
6781.390000
6781.390000
6781.390000
6781.390000
6781.390000
6781.390000
6781.390000
6781.390000
6781.390000
6781.390000
6781.390000
6781.390000
6781.390000
6781.390000
6781.390000
6781.390000
6781.390000
6781.390000
6781.390000
6781.390000
6781.390000
6781.390000
6781.390000
6781.390000
6781.390000
6781.390000
6781.390000
6781.390000
6781.390000
6781.390000
6781.390000
6781.390000
6781.390000
6781.390000
6781.390000
6781.390000
6781.390000
6781.390000
6781.390000
6781.390000
6781.390000
6781.390000
6781.390000
6781.390000
6781.390000
6781.390000
6781.390000
6781.390000
6781.390000
6781.390000
6781.390000
6781.390000
6781.390000
6781.390000
6781.390000
6781.390000
6781.390000
6781.390000
6781.390000
6781.390000
6781.390000
6781.390000
6781.390000
6781.390000
6781.390000
6781.390000
6781.390000
6781.390000
6781.390000
6781.390000
6781.390000
6781.390000
6781.390000
6781.390000
6781.390000
6781.390000
6781.390000
6781.390000
6781.390000
6781.390000
6781.390000
6781.390000
6781.390000
6781.390000
6781.390000
6781.390000
6781.390000
6781.390000
6781.390000
6781.390000
6781.390000
6781.390000
6781.390000
6781.390000
6781.390000
6781.390000
6781.390000
6781.390000
6781.390000
6781.390000
6781.390000
6781.390000
6781.390000
6781.390000
6781.390000
6781.390000
6781.390000
6781.390000
6781.390000
6781.390000
6781.390000
6781.390000
6781.390000
6781.390000
6781.390000
6781.390000
6781.390000
6781.390000
6781.390000
6781.390000
6781.390000
6781.390000
6781.390000
6781.390000
6781.390000
6781.390000
6781.390000
6781.390000
6781.390000
6781.390000
6781.390000
6781.390000
6781.390000
6781.390000
6781.390000
6331.491602
6781.390000
6781.390000
6781.390000
6781.390000
6781.390000
6781.390000
6781.390000
6781.390000
6781.390000
6781.390000
6781.390000
6781.390000
6781.390000
6781.390000
6781.390000
6781.390000
6781.390000
6781.390000
6781.390000
6781.390000
6781.390000
6781.390000
6781.390000
6781.390000
6781.390000
6781.390000
6781.390000
6781.390000
6781.390000
6781.390000
6781.390000
6781.390000
6781.390000
6781.390000
6781.390000
6781.390000
6781.390000
6781.390000
6781.390000
6781.390000
6781.390000
6781.390000
6781.390000
6781.390000
6781.390000
6781.390000
6781.390000
6781.390000
6781.390000
6781.390000
6781.390000
6781.390000
6781.390000
6781.390000
6781.390000
6781.390000
6781.390000
6781.390000
6781.390000
6781.390000
6781.390000
6781.390000
6781.390000
6781.390000
6781.390000
6781.390000
6781.390000
6781.390000
6781.390000
6781.390000
6781.390000
6781.390000
6781.390000
6781.390000
6781.390000
6781.390000
6781.390000
6781.390000
6781.390000
6781.390000
6781.390000
6781.390000
6781.390000
6781.390000
6781.390000
6781.390000
6781.390000
6781.390000
6781.390000
6781.390000
6781.390000
6781.390000
6781.390000
6781.390000
6781.390000
6781.390000
6781.390000
6781.390000
6781.390000
6781.390000
6781.390000
6781.390000
6781.390000
6781.390000
6781.390000
6781.390000
6781.390000
6781.390000
6781.390000
6781.390000
6781.390000
6781.390000
6781.390000
6781.390000
6781.390000
6781.390000
6781.390000
6781.390000
6781.390000
6781.390000
6781.390000
6781.390000
6781.390000
6781.390000
6781.390000
6781.390000
6781.390000
6781.390000
6781.390000
6781.390000
6781.390000
6781.390000
6781.390000
6781.390000
6781.390000
6781.390000
6781.390000
6781.390000
0.000000
0.000000
3343.350160
0.000000
0.000000
0.000000
0.000000
0.000000
0.000000
0.000000
0.000000
0.000000
2887.314932
6781.390000
6781.390000
6781.390000
6781.390000
6781.390000
6781.390000
6781.390000
6781.390000
6781.390000
6781.390000
6781.390000
6781.390000
6781.390000
6781.390000
6781.390000
6781.390000
6781.390000
6781.390000
6781.390000
6781.390000
6781.390000
6781.390000
6781.390000
6781.390000
6781.390000
6781.390000
6781.390000
6781.390000
6781.390000
6781.390000
6781.390000
6781.390000
6781.390000
6781.390000
6781.390000
6781.390000
6781.390000
6781.390000
3005.528262
0.000000
0.000000
2389.981133
3045.824182
6781.390000
6781.390000
6781.390000
6781.390000
6781.390000
6781.390000
6781.390000
6781.390000
6781.390000
6781.390000
6781.390000
6781.390000
6781.390000
6781.390000
6781.390000
6781.390000
6781.390000
6781.390000
6781.390000
6781.390000
6781.390000
6781.390000
6781.390000
6781.390000
6781.390000
6781.390000
6781.390000
6781.390000
6781.390000
6781.390000
6781.390000
6781.390000
6781.390000
6781.390000
6781.390000
6781.390000
6781.390000
6781.390000
6781.390000
6781.390000
6781.390000
6781.390000
6781.390000
6781.390000
6781.390000
6781.390000
6781.390000
6781.390000
6781.390000
6781.390000
6781.390000
6781.390000
6781.390000
6781.390000
6781.390000
6781.390000
6781.390000
6781.390000
6781.390000
6781.390000
6781.390000
6781.390000
6781.390000
6781.390000
6781.390000
6781.390000
6781.390000
6781.390000
6781.390000
6781.390000
6781.390000
6781.390000
6781.390000
6781.390000
6781.390000
6781.390000
6781.390000
6781.390000
6781.390000
6781.390000
6781.390000
6781.390000
6781.390000
6781.390000
6781.390000
6781.390000
6781.390000
6781.390000
6781.390000
6781.390000
6781.390000
6781.390000
6781.390000
6781.390000
6781.390000
6781.390000
6781.390000
6781.390000
6781.390000
6781.390000
6781.390000
6781.390000
6781.390000
6781.390000
6781.390000
6781.390000
6781.390000
6781.390000
6781.390000
6781.390000
6781.390000
6781.390000
6781.390000
6781.390000
6781.390000
6781.390000
6781.390000
6781.390000
6781.390000
6781.390000
6781.390000
6781.390000
6781.390000
6781.390000
6781.390000
6781.390000
6781.390000
6781.390000
6781.390000
6781.390000
6781.390000
6781.390000
6781.390000
6781.390000
6781.390000
6781.390000
6781.390000
6781.390000
6781.390000
6781.390000
6781.390000
6781.390000
6781.390000
6781.390000
6781.390000
6781.390000
6781.390000
6781.390000
6781.390000
6781.390000
6781.390000
6781.390000
6781.390000
6781.390000
6781.390000
6781.390000
6781.390000
6781.390000
6781.390000
6781.390000
6781.390000
6781.390000
6781.390000
6781.390000
6781.390000
6781.390000
6781.390000
6781.390000
6781.390000
6781.390000
6781.390000
6781.390000
6781.390000
6781.390000
6781.390000
6781.390000
6781.390000
6781.390000
6781.390000
6781.390000
6781.390000
6781.390000
6781.390000
6781.390000
6781.390000
6781.390000
6781.390000
6781.390000
6781.390000
6781.390000
6781.390000
6781.390000
6781.390000
6781.390000
6781.390000
6781.390000
6781.390000
6781.390000
6781.390000
6781.390000
6781.390000
6781.390000
6781.390000
6781.390000
6781.390000
6781.390000
6781.390000
6781.390000
6781.390000
6781.390000
6781.390000
6781.390000
6781.390000
6781.390000
6781.390000
6781.390000
6781.390000
6781.390000
6781.390000
6781.390000
6781.390000
6781.390000
6781.390000
6781.390000
6781.390000
6781.390000
6781.390000
6781.390000
6781.390000
6781.390000
6781.390000
6781.390000
6781.390000
6781.390000
6781.390000
6781.390000
6781.390000
6781.390000
6781.390000
6781.390000
6781.390000
6781.390000
6781.390000
6781.390000
6781.390000
6781.390000
6781.390000
6781.390000
6781.390000
6781.390000
6781.390000
6781.390000
6781.390000
6781.390000
6781.390000
6781.390000
6781.390000
6781.390000
6781.390000
6781.390000
6781.390000
6781.390000
6781.390000
6781.390000
6781.390000
6781.390000
6781.390000
6781.390000
6781.390000
6781.390000
6781.390000
6781.390000
6781.390000
6781.390000
6781.390000
6781.390000
6781.390000
6781.390000
6781.390000
6781.390000
6781.390000
6781.390000
6781.390000
6781.390000
0.000000
0.000000
0.000000
0.000000
0.000000
0.000000
405.190323
1323.682780
6781.390000
6781.390000
6781.390000
6781.390000
6781.390000
6781.390000
6781.390000
6781.390000
6781.390000
6781.390000
6781.390000
6781.390000
6781.390000
6781.390000
6781.390000
6781.390000
6781.390000
6781.390000
6781.390000
6781.390000
6781.390000
6781.390000
6781.390000
6781.390000
6781.390000
6781.390000
6781.390000
6781.390000
6781.390000
6781.390000
6781.390000
6781.390000
6781.390000
6781.390000
3138.225856
6264.714945
1430.574212
3962.744176
0.000000
0.000000
0.000000
0.000000
0.000000
0.000000
4808.341955
5862.283816
6781.390000
6781.390000
6781.390000
6781.390000
6781.390000
6781.390000
6781.390000
6781.390000
6781.390000
6781.390000
6781.390000
6781.390000
6781.390000
6781.390000
6781.390000
6781.390000
6781.390000
6781.390000
6781.390000
6781.390000
6781.390000
6781.390000
6781.390000
6781.390000
6781.390000
6781.390000
6781.390000
6781.390000
6781.390000
6781.390000
6781.390000
6781.390000
6781.390000
6781.390000
6781.390000
6781.390000
6781.390000
6781.390000
6781.390000
6781.390000
6781.390000
6781.390000
6781.390000
6781.390000
6781.390000
6781.390000
6781.390000
6781.390000
6781.390000
6781.390000
6781.390000
6781.390000
6781.390000
6781.390000
6781.390000
6781.390000
6781.390000
6781.390000
6781.390000
6781.390000
6781.390000
6781.390000
6781.390000
6781.390000
6781.390000
6781.390000
6781.390000
6781.390000
6781.390000
6781.390000
6781.390000
6781.390000
6781.390000
6781.390000
6781.390000
6781.390000
6781.390000
6781.390000
6781.390000
6781.390000
6781.390000
6781.390000
6781.390000
6781.390000
6781.390000
6781.390000
6781.390000
6781.390000
6781.390000
6781.390000
6781.390000
6781.390000
6781.390000
6781.390000
6781.390000
6781.390000
6781.390000
6781.390000
6781.390000
6781.390000
6781.390000
6781.390000
6781.390000
6781.390000
6781.390000
6781.390000
6781.390000
6781.390000
6781.390000
6781.390000
6781.390000
6781.390000
6781.390000
6781.390000
6781.390000
6781.390000
6781.390000
6781.390000
6781.390000
6781.390000
6781.390000
6781.390000
6781.390000
6781.390000
6781.390000
6781.390000
6781.390000
6781.390000
6781.390000
6781.390000
6781.390000
6781.390000
6781.390000
6781.390000
6781.390000
6781.390000
6781.390000
6781.390000
6781.390000
6781.390000
6781.390000
6781.390000
6781.390000
6781.390000
6781.390000
6781.390000
6781.390000
6781.390000
6781.390000
6781.390000
6781.390000
6781.390000
6781.390000
6781.390000
6781.390000
6781.390000
6781.390000
6781.390000
6781.390000
6781.390000
6781.390000
6781.390000
6781.390000
6781.390000
6781.390000
6781.390000
6781.390000
6781.390000
6781.390000
6781.390000
6781.390000
6781.390000
6781.390000
6781.390000
6781.390000
6781.390000
6781.390000
6781.390000
6781.390000
6781.390000
6781.390000
6781.390000
5140.443834
6781.390000
4317.687529
5767.188768
0.000000
382.349738
6781.390000
6781.390000
6781.390000
6781.390000
6781.390000
6781.390000
6781.390000
6781.390000
6781.390000
6781.390000
6781.390000
6781.390000
6781.390000
6781.390000
6781.390000
6781.390000
6781.390000
6781.390000
6781.390000
6781.390000
6781.390000
6781.390000
6781.390000
6781.390000
6781.390000
6781.390000
6781.390000
6781.390000
6781.390000
6781.390000
6781.390000
6781.390000
6781.390000
6781.390000
6781.390000
6781.390000
6781.390000
6781.390000
6781.390000
6781.390000
6781.390000
6781.390000
2031.720360
3340.500959
0.000000
0.000000
6134.438958
6781.390000
6781.390000
6781.390000
6781.390000
6781.390000
6781.390000
6781.390000
6781.390000
6781.390000
6781.390000
6781.390000
6781.390000
6781.390000
6781.390000
6781.390000
6781.390000
6781.390000
6781.390000
6781.390000
6781.390000
6781.390000
6781.390000
6781.390000
6781.390000
6781.390000
6781.390000
6781.390000
6781.390000
6781.390000
6781.390000
6781.390000
6781.390000
6781.390000
6781.390000
6781.390000
6781.390000
6781.390000
6781.390000
6781.390000
6781.390000
6781.390000
6781.390000
6781.390000
1139.776412
2019.228075
0.000000
0.000000
2237.934796
1275.241836
0.000000
0.000000
5636.323155
6003.700645
6781.390000
6781.390000
6781.390000
6781.390000
6781.390000
6781.390000
6781.390000
6781.390000
6781.390000
6781.390000
6781.390000
6781.390000
6781.390000
6781.390000
6781.390000
6781.390000
6781.390000
6781.390000
6781.390000
6781.390000
6781.390000
6781.390000
6781.390000
6781.390000
6781.390000
6781.390000
6781.390000
6781.390000
6781.390000
6781.390000
6781.390000
6781.390000
6781.390000
6781.390000
6781.390000
6781.390000
6781.390000
6781.390000
6781.390000
6781.390000
6781.390000
6781.390000
6781.390000
6781.390000
6781.390000
6781.390000
6781.390000
6781.390000
6781.390000
6781.390000
6781.390000
6781.390000
6781.390000
6781.390000
6781.390000
6781.390000
6781.390000
6781.390000
6781.390000
6781.390000
6781.390000
6781.390000
6781.390000
6781.390000
6781.390000
6781.390000
6781.390000
6781.390000
6781.390000
6781.390000
6781.390000
6781.390000
6781.390000
6781.390000
6781.390000
6781.390000
6781.390000
6781.390000
6781.390000
6781.390000
6781.390000
6781.390000
6781.390000
6781.390000
6781.390000
6781.390000
6781.390000
6781.390000
6781.390000
6781.390000
6781.390000
6781.390000
6781.390000
6781.390000
6781.390000
6781.390000
6781.390000
6781.390000
6781.390000
6781.390000
6781.390000
6781.390000
6781.390000
6781.390000
6781.390000
6781.390000
6781.390000
6781.390000
6781.390000
6781.390000
6781.390000
6781.390000
6781.390000
6781.390000
6781.390000
6781.390000
6781.390000
6781.390000
6781.390000
6781.390000
6781.390000
6781.390000
6781.390000
6781.390000
6781.390000
6781.390000
6781.390000
6781.390000
6781.390000
6781.390000
6781.390000
6781.390000
6781.390000
6781.390000
6781.390000
6781.390000
6781.390000
6781.390000
6781.390000
6781.390000
6781.390000
6781.390000
6781.390000
6781.390000
6781.390000
6781.390000
6781.390000
6781.390000
6781.390000
6781.390000
6781.390000
6781.390000
6781.390000
6781.390000
6781.390000
6781.390000
6781.390000
6781.390000
6781.390000
6781.390000
6781.390000
6781.390000
6781.390000
6781.390000
6781.390000
6781.390000
6781.390000
6781.390000
6781.390000
6781.390000
6781.390000
6781.390000
6781.390000
6781.390000
6781.390000
6781.390000
6781.390000
6781.390000
6781.390000
6781.390000
6781.390000
6781.390000
6781.390000
6781.390000
6781.390000
5726.155926
0.000000
0.000000
0.000000
0.000000
355.245888
1178.170727
6781.390000
6781.390000
6781.390000
6781.390000
6781.390000
6781.390000
6781.390000
6781.390000
6781.390000
6781.390000
6781.390000
6781.390000
6781.390000
6781.390000
6781.390000
6781.390000
6781.390000
6781.390000
6781.390000
6781.390000
6781.390000
6781.390000
6781.390000
6781.390000
6781.390000
6781.390000
6781.390000
6781.390000
6781.390000
6781.390000
6781.390000
6781.390000
6781.390000
6781.390000
6781.390000
6781.390000
6781.390000
6781.390000
0.000000
0.000000
0.000000
425.042656
0.000000
0.000000
6781.390000
6781.390000
6781.390000
6781.390000
937.785126
752.245022
6781.390000
6781.390000
6781.390000
6781.390000
6781.390000
6781.390000
6781.390000
6781.390000
6781.390000
6781.390000
6781.390000
6781.390000
6781.390000
6781.390000
6781.390000
6781.390000
6781.390000
6781.390000
6781.390000
6781.390000
6781.390000
6781.390000
6781.390000
6781.390000
6781.390000
6781.390000
6781.390000
6781.390000
6781.390000
6781.390000
6781.390000
6781.390000
6781.390000
6781.390000
6781.390000
6781.390000
1573.928623
1957.626140
4428.424504
6021.775258
6781.390000
6781.390000
6781.390000
6781.390000
6781.390000
6781.390000
6781.390000
6781.390000
6781.390000
6781.390000
6781.390000
6781.390000
6781.390000
6781.390000
6781.390000
6781.390000
6781.390000
6781.390000
6781.390000
6781.390000
6781.390000
6781.390000
6781.390000
6781.390000
6781.390000
6781.390000
6781.390000
6781.390000
6781.390000
6781.390000
6781.390000
6781.390000
6781.390000
6781.390000
6781.390000
6781.390000
6781.390000
6781.390000
6781.390000
6781.390000
6781.390000
6781.390000
6781.390000
6781.390000
6781.390000
6781.390000
6781.390000
6174.683021
4807.086208
3422.610576
1075.718851
1579.610744
4920.452640
5804.712818
6781.390000
6781.390000
6781.390000
6781.390000
6781.390000
6781.390000
6781.390000
6781.390000
6781.390000
6781.390000
6781.390000
6781.390000
6781.390000
6781.390000
6781.390000
6781.390000
6781.390000
6781.390000
6781.390000
6781.390000
6781.390000
6781.390000
6781.390000
6781.390000
6781.390000
6781.390000
6781.390000
6781.390000
6781.390000
6781.390000
6781.390000
6781.390000
6781.390000
6781.390000
6781.390000
6781.390000
6781.390000
6781.390000
6781.390000
6781.390000
6524.789997
822.117213
0.000000
0.000000
0.000000
0.000000
1162.523452
2071.538441
4783.236703
5519.587119
6781.390000
6781.390000
6781.390000
6781.390000
6781.390000
6781.390000
6781.390000
6781.390000
6781.390000
6781.390000
6781.390000
6781.390000
6781.390000
6781.390000
6781.390000
6781.390000
6781.390000
6781.390000
6781.390000
6781.390000
6781.390000
6781.390000
6781.390000
6781.390000
6781.390000
6781.390000
6781.390000
6781.390000
6781.390000
6781.390000
6781.390000
6781.390000
6781.390000
6781.390000
6781.390000
6781.390000
6781.390000
6781.390000
449.617020
0.000000
0.000000
0.000000
0.000000
0.000000
0.000000
348.091838
6781.390000
6781.390000
6781.390000
6781.390000
6781.390000
6781.390000
6781.390000
6781.390000
6781.390000
6781.390000
6781.390000
6781.390000
6781.390000
6781.390000
6781.390000
6781.390000
6781.390000
6781.390000
6781.390000
6781.390000
6781.390000
6781.390000
6781.390000
6781.390000
6781.390000
6781.390000
6781.390000
6781.390000
6781.390000
6781.390000
6781.390000
6781.390000
6781.390000
6781.390000
6781.390000
6781.390000
6781.390000
6781.390000
1495.523775
2401.555639
0.000000
0.000000
0.000000
0.000000
0.000000
0.000000
0.000000
0.000000
0.000000
0.000000
0.000000
6781.390000
6781.390000
6781.390000
6781.390000
6781.390000
6781.390000
6781.390000
6781.390000
6781.390000
6781.390000
6781.390000
6781.390000
6781.390000
6781.390000
6781.390000
6781.390000
6781.390000
6781.390000
6781.390000
6781.390000
6781.390000
6781.390000
6781.390000
6781.390000
6781.390000
6781.390000
6781.390000
6781.390000
6781.390000
6781.390000
6781.390000
6781.390000
6781.390000
6781.390000
6781.390000
0.000000
0.000000
0.000000
0.000000
0.000000
0.000000
0.000000
0.000000
0.000000
0.000000
0.000000
0.000000
4060.090379
6742.021574
6781.390000
6781.390000
6781.390000
6781.390000
6781.390000
6781.390000
6781.390000
6781.390000
6781.390000
6781.390000
6781.390000
6781.390000
6781.390000
6781.390000
6781.390000
6781.390000
6781.390000
6781.390000
6781.390000
6781.390000
6781.390000
6781.390000
6781.390000
6781.390000
6781.390000
6781.390000
6781.390000
6781.390000
6781.390000
6781.390000
6781.390000
6781.390000
2581.721325
3581.594039
0.000000
0.000000
0.000000
0.000000
0.000000
0.000000
0.000000
0.000000
0.000000
0.000000
0.000000
0.000000
0.000000
6781.390000
6781.390000
6781.390000
6781.390000
6781.390000
6781.390000
6781.390000
6781.390000
6781.390000
6781.390000
6781.390000
6781.390000
6781.390000
6781.390000
6781.390000
6781.390000
6781.390000
6781.390000
6781.390000
6781.390000
6781.390000
6781.390000
6781.390000
6781.390000
6781.390000
6781.390000
6781.390000
6781.390000
6781.390000
6781.390000
6781.390000
6781.390000
6781.390000
6781.390000
6781.390000
0.000000
0.000000
0.000000
0.000000
0.000000
0.000000
6118.074281
6781.390000
6781.390000
6781.390000
6781.390000
6781.390000
6781.390000
6781.390000
6781.390000
6781.390000
6781.390000
6781.390000
6781.390000
6781.390000
6781.390000
6781.390000
6781.390000
6781.390000
6781.390000
6781.390000
6781.390000
6781.390000
6781.390000
6781.390000
6781.390000
6781.390000
6781.390000
6781.390000
6781.390000
6781.390000
6781.390000
6781.390000
6781.390000
6781.390000
6781.390000
6781.390000
6781.390000
6781.390000
6781.390000
6781.390000
6781.390000
6781.390000
6781.390000
6781.390000
5650.308610
741.756071
143.256593
0.000000
6271.784725
6781.390000
6781.390000
6781.390000
6781.390000
6781.390000
6781.390000
6781.390000
6781.390000
6781.390000
6781.390000
6781.390000
6781.390000
6781.390000
6781.390000
6781.390000
6781.390000
6781.390000
6781.390000
6781.390000
6781.390000
6781.390000
6781.390000
6781.390000
6781.390000
6781.390000
6781.390000
6781.390000
6781.390000
6781.390000
6781.390000
6781.390000
6781.390000
6781.390000
6781.390000
6781.390000
6781.390000
6781.390000
6781.390000
6781.390000
6781.390000
6781.390000
6781.390000
6781.390000
6781.390000
6781.390000
6781.390000
6781.390000
6781.390000
6781.390000
6781.390000
6781.390000
6781.390000
6781.390000
6781.390000
6781.390000
6781.390000
6781.390000
6781.390000
6781.390000
6781.390000
6781.390000
6781.390000
6781.390000
6781.390000
6781.390000
6781.390000
6781.390000
6781.390000
6781.390000
6781.390000
6781.390000
6781.390000
6781.390000
6781.390000
6781.390000
6781.390000
6781.390000
6781.390000
6781.390000
6781.390000
6781.390000
6781.390000
6781.390000
6781.390000
6781.390000
6781.390000
6781.390000
6781.390000
6781.390000
6781.390000
6781.390000
6781.390000
6781.390000
6781.390000
6781.390000
6781.390000
6781.390000
6781.390000
6781.390000
6781.390000
6781.390000
6781.390000
6781.390000
6781.390000
6781.390000
6781.390000
6781.390000
6781.390000
6781.390000
6781.390000
6781.390000
6781.390000
6781.390000
6781.390000
6781.390000
6781.390000
6781.390000
6781.390000
6781.390000
6781.390000
6781.390000
6781.390000
6781.390000
6781.390000
6781.390000
6781.390000
6781.390000
6781.390000
6781.390000
6781.390000
6781.390000
6781.390000
6781.390000
6781.390000
6781.390000
6781.390000
6781.390000
6781.390000
6781.390000
6781.390000
6781.390000
6781.390000
6781.390000
6781.390000
6781.390000
6781.390000
6781.390000
6781.390000
6781.390000
6781.390000
6781.390000
6781.390000
6781.390000
6781.390000
6781.390000
6781.390000
6781.390000
6781.390000
6781.390000
6781.390000
6781.390000
6781.390000
6781.390000
6781.390000
6781.390000
6781.390000
6781.390000
6781.390000
6781.390000
6781.390000
6781.390000
6781.390000
6781.390000
6781.390000
6781.390000
6781.390000
6781.390000
6781.390000
6781.390000
6781.390000
6781.390000
6781.390000
6781.390000
6781.390000
6781.390000
6781.390000
6781.390000
6781.390000
6781.390000
6781.390000
6781.390000
6781.390000
6781.390000
6781.390000
6781.390000
6781.390000
6781.390000
6781.390000
6781.390000
6781.390000
6781.390000
6781.390000
6781.390000
6781.390000
6781.390000
6781.390000
6781.390000
6781.390000
6781.390000
6781.390000
6781.390000
6781.390000
6781.390000
6781.390000
6781.390000
6781.390000
6781.390000
6781.390000
6781.390000
6781.390000
6781.390000
6781.390000
6781.390000
6781.390000
6781.390000
6781.390000
6781.390000
6781.390000
6781.390000
6781.390000
6781.390000
6781.390000
6781.390000
6781.390000
6781.390000
6131.278211
6781.390000
3388.066935
4763.434149
2182.438270
3982.230001
6781.390000
6781.390000
6781.390000
6781.390000
6781.390000
6781.390000
6781.390000
6781.390000
6781.390000
6781.390000
6781.390000
6781.390000
6781.390000
6781.390000
6781.390000
6781.390000
6781.390000
6781.390000
6781.390000
6781.390000
6781.390000
6781.390000
6781.390000
6781.390000
6781.390000
6781.390000
6781.390000
6781.390000
6781.390000
6781.390000
6781.390000
6781.390000
6781.390000
6781.390000
6781.390000
6781.390000
6781.390000
6781.390000
6781.390000
6781.390000
6781.390000
6781.390000
3319.145019
4397.460569
6781.390000
6781.390000
5898.333767
6781.390000
6781.390000
6781.390000
6781.390000
6781.390000
6781.390000
6781.390000
6781.390000
6781.390000
6781.390000
6781.390000
6781.390000
6781.390000
6781.390000
6781.390000
6781.390000
6781.390000
6781.390000
6781.390000
6781.390000
6781.390000
6781.390000
6781.390000
6781.390000
6781.390000
6781.390000
6781.390000
6781.390000
6781.390000
6781.390000
6781.390000
6781.390000
6781.390000
6781.390000
6781.390000
6781.390000
6781.390000
6781.390000
6781.390000
6781.390000
6781.390000
6781.390000
6781.390000
6781.390000
6781.390000
6781.390000
6781.390000
6781.390000
6781.390000
6781.390000
6781.390000
6781.390000
6781.390000
6781.390000
6781.390000
6781.390000
6781.390000
6781.390000
6781.390000
6781.390000
6781.390000
6781.390000
6781.390000
6781.390000
6781.390000
6781.390000
6781.390000
6781.390000
6781.390000
6781.390000
6781.390000
6781.390000
6781.390000
6781.390000
6781.390000
6781.390000
6781.390000
6781.390000
6781.390000
6781.390000
6781.390000
6781.390000
6781.390000
6781.390000
6781.390000
6781.390000
6781.390000
6781.390000
6781.390000
6182.844775
6781.390000
8.377911
0.000000
0.000000
0.000000
0.000000
0.000000
0.000000
0.000000
0.000000
0.000000
0.000000
6781.390000
6781.390000
6781.390000
6781.390000
6781.390000
6781.390000
6781.390000
6781.390000
6781.390000
6781.390000
6781.390000
6781.390000
6781.390000
6781.390000
6781.390000
6781.390000
6781.390000
6781.390000
6781.390000
6781.390000
6781.390000
6781.390000
6781.390000
6781.390000
6781.390000
6781.390000
6781.390000
6781.390000
6781.390000
6781.390000
6781.390000
6781.390000
6781.390000
6781.390000
6781.390000
6781.390000
6781.390000
6781.390000
6781.390000
6781.390000
6781.390000
6781.390000
6781.390000
6781.390000
6781.390000
6781.390000
6781.390000
6781.390000
6781.390000
6781.390000
6781.390000
6781.390000
6781.390000
6781.390000
6781.390000
6781.390000
6781.390000
6781.390000
6781.390000
6781.390000
6781.390000
6781.390000
6781.390000
6781.390000
6781.390000
6781.390000
6781.390000
6781.390000
6781.390000
6781.390000
6781.390000
6781.390000
6781.390000
6781.390000
6781.390000
6781.390000
6781.390000
6781.390000
6781.390000
6781.390000
6781.390000
6781.390000
6781.390000
6781.390000
6781.390000
6781.390000
6781.390000
6781.390000
6781.390000
6781.390000
6781.390000
6781.390000
6781.390000
6781.390000
6781.390000
6781.390000
6781.390000
6781.390000
6781.390000
6781.390000
6781.390000
6781.390000
6781.390000
6781.390000
6781.390000
6781.390000
6781.390000
6781.390000
6781.390000
6781.390000
6781.390000
6781.390000
6781.390000
6781.390000
6781.390000
6781.390000
6781.390000
6781.390000
6781.390000
6781.390000
6781.390000
6781.390000
6781.390000
6781.390000
6781.390000
6781.390000
6781.390000
6781.390000
6781.390000
6781.390000
6781.390000
6781.390000
6781.390000
6781.390000
6781.390000
6781.390000
6781.390000
6781.390000
6781.390000
6781.390000
6781.390000
6781.390000
6781.390000
6781.390000
6781.390000
6781.390000
6781.390000
6781.390000
6781.390000
6781.390000
6781.390000
6781.390000
6781.390000
6781.390000
6781.390000
6781.390000
6781.390000
6781.390000
6781.390000
6781.390000
6781.390000
6781.390000
6781.390000
6781.390000
6781.390000
6781.390000
6781.390000
6781.390000
6781.390000
6781.390000
6781.390000
6781.390000
6781.390000
6781.390000
6781.390000
6781.390000
6781.390000
6781.390000
6781.390000
6781.390000
6781.390000
6781.390000
6781.390000
6781.390000
6781.390000
6781.390000
6781.390000
6781.390000
6781.390000
6781.390000
6781.390000
6781.390000
6781.390000
6781.390000
6781.390000
6781.390000
6781.390000
6781.390000
6781.390000
6781.390000
6781.390000
6781.390000
6781.390000
6781.390000
6781.390000
6781.390000
6781.390000
6781.390000
6781.390000
6781.390000
6781.390000
6781.390000
6781.390000
6781.390000
6781.390000
6781.390000
6781.390000
6781.390000
6781.390000
6781.390000
6781.390000
6781.390000
6781.390000
6781.390000
6781.390000
6781.390000
6781.390000
6781.390000
6781.390000
6781.390000
6781.390000
6781.390000
6781.390000
6781.390000
6781.390000
6781.390000
6781.390000
6781.390000
6781.390000
6781.390000
6781.390000
6781.390000
6781.390000
6781.390000
6781.390000
6781.390000
6781.390000
6781.390000
6781.390000
6781.390000
6781.390000
6781.390000
6781.390000
6781.390000
6781.390000
6781.390000
6781.390000
6781.390000
6781.390000
6781.390000
6781.390000
6781.390000
6781.390000
6781.390000
6781.390000
6781.390000
6781.390000
6781.390000
6781.390000
6781.390000
6781.390000
6781.390000
6781.390000
6781.390000
6781.390000
6781.390000
6781.390000
6781.390000
6781.390000
6781.390000
6781.390000
6781.390000
6781.390000
6781.390000
6781.390000
6781.390000
6781.390000
6781.390000
6781.390000
6781.390000
6781.390000
6781.390000
6781.390000
6781.390000
6781.390000
6781.390000
6781.390000
6781.390000
6781.390000
6781.390000
6781.390000
6781.390000
6781.390000
6781.390000
6781.390000
6781.390000
6781.390000
6781.390000
6781.390000
6781.390000
6781.390000
6781.390000
6781.390000
6781.390000
6781.390000
6781.390000
6781.390000
6781.390000
6781.390000
6781.390000
6781.390000
6781.390000
6781.390000
6781.390000
6781.390000
6781.390000
6781.390000
6781.390000
6781.390000
6781.390000
6781.390000
6781.390000
6781.390000
6781.390000
6781.390000
6781.390000
6781.390000
6781.390000
6781.390000
6781.390000
6781.390000
6781.390000
6781.390000
6781.390000
6781.390000
6781.390000
6781.390000
6781.390000
6781.390000
6781.390000
6781.390000
6781.390000
6781.390000
6781.390000
6781.390000
6781.390000
6781.390000
6781.390000
6781.390000
6781.390000
6781.390000
6781.390000
6781.390000
6781.390000
6781.390000
6781.390000
6781.390000
6781.390000
6781.390000
6781.390000
6781.390000
6781.390000
6781.390000
6781.390000
6781.390000
6781.390000
6781.390000
6781.390000
6781.390000
6781.390000
6781.390000
6781.390000
6781.390000
6781.390000
6781.390000
6781.390000
6781.390000
6781.390000
6781.390000
6781.390000
6781.390000
6781.390000
6781.390000
6781.390000
6781.390000
6781.390000
6781.390000
6781.390000
6781.390000
6781.390000
6781.390000
6781.390000
6781.390000
6781.390000
6781.390000
6781.390000
6781.390000
6781.390000
6781.390000
6781.390000
6781.390000
6781.390000
6781.390000
6781.390000
6781.390000
6781.390000
6781.390000
6781.390000
6781.390000
6781.390000
6781.390000
6781.390000
6781.390000
6781.390000
6781.390000
6781.390000
6781.390000
6781.390000
6781.390000
6781.390000
6781.390000
6781.390000
6781.390000
6781.390000
6781.390000
6781.390000
6781.390000
6781.390000
6781.390000
6781.390000
6781.390000
6781.390000
6781.390000
6781.390000
6781.390000
6781.390000
6781.390000
6781.390000
6781.390000
6781.390000
6781.390000
6781.390000
6781.390000
6781.390000
6781.390000
6781.390000
6781.390000
6781.390000
6781.390000
6781.390000
6781.390000
6781.390000
6781.390000
6781.390000
6781.390000
6781.390000
6781.390000
6781.390000
6781.390000
6781.390000
6781.390000
6781.390000
6781.390000
6781.390000
6781.390000
6781.390000
6781.390000
6781.390000
6781.390000
6781.390000
6781.390000
6781.390000
6781.390000
6781.390000
6781.390000
6781.390000
6781.390000
6781.390000
6781.390000
6781.390000
6781.390000
6781.390000
6781.390000
6781.390000
6781.390000
6781.390000
6781.390000
6781.390000
6781.390000
6781.390000
6781.390000
6781.390000
6781.390000
6781.390000
6781.390000
6781.390000
6781.390000
6781.390000
6781.390000
6781.390000
6781.390000
6781.390000
6781.390000
6781.390000
6781.390000
6781.390000
6781.390000
6781.390000
6781.390000
6781.390000
6781.390000
6781.390000
6781.390000
6781.390000
6781.390000
6781.390000
6781.390000
6781.390000
6781.390000
6781.390000
6781.390000
6781.390000
6781.390000
6781.390000
6781.390000
6781.390000
6781.390000
6781.390000
6781.390000
6781.390000
6781.390000
6781.390000
6781.390000
6781.390000
6781.390000
6781.390000
6781.390000
6781.390000
6781.390000
6781.390000
6781.390000
6781.390000
6781.390000
6781.390000
6781.390000
6781.390000
6781.390000
6781.390000
6781.390000
6781.390000
6781.390000
6781.390000
6781.390000
6781.390000
6781.390000
6781.390000
6781.390000
6781.390000
6781.390000
6781.390000
6781.390000
6781.390000
6781.390000
6781.390000
6781.390000
6781.390000
6781.390000
6781.390000
6781.390000
6781.390000
6781.390000
6781.390000
6781.390000
6781.390000
6781.390000
6781.390000
6781.390000
6781.390000
6781.390000
6781.390000
6781.390000
6781.390000
6781.390000
6781.390000
6781.390000
6781.390000
6781.390000
6781.390000
6781.390000
6781.390000
6781.390000
6781.390000
6781.390000
6781.390000
6781.390000
6781.390000
6781.390000
6781.390000
6781.390000
6781.390000
6781.390000
5907.615241
6781.390000
0.000000
0.000000
786.244259
1008.402908
974.345158
2116.023904
3425.617227
3284.839311
1271.067257
1381.319360
6391.066974
6781.390000
6781.390000
6781.390000
6781.390000
6781.390000
6781.390000
6781.390000
6781.390000
6781.390000
6781.390000
6781.390000
6781.390000
6781.390000
6781.390000
6781.390000
6781.390000
6781.390000
6781.390000
6781.390000
6781.390000
6781.390000
6781.390000
6781.390000
6781.390000
6781.390000
6781.390000
6781.390000
6781.390000
6781.390000
6781.390000
6781.390000
6781.390000
6781.390000
6781.390000
6781.390000
6781.390000
6781.390000
3667.612754
0.000000
0.000000
0.000000
0.000000
0.000000
0.000000
0.000000
1107.760822
1741.701895
5710.332443
6781.390000
6781.390000
6781.390000
6781.390000
6781.390000
6781.390000
6781.390000
6781.390000
6781.390000
6781.390000
6781.390000
6781.390000
6781.390000
6781.390000
6781.390000
6781.390000
6781.390000
6781.390000
6781.390000
6781.390000
6781.390000
6781.390000
6781.390000
6781.390000
6781.390000
6781.390000
6781.390000
6781.390000
6781.390000
6781.390000
6781.390000
6781.390000
6781.390000
6781.390000
6781.390000
6781.390000
6781.390000
6781.390000
5481.233643
0.000000
0.000000
0.000000
0.000000
2005.757791
2627.593638
6781.390000
6781.390000
6781.390000
6781.390000
6781.390000
6781.390000
6781.390000
6781.390000
6781.390000
6781.390000
6781.390000
6781.390000
6781.390000
6781.390000
6781.390000
6781.390000
6781.390000
6781.390000
6781.390000
6781.390000
6781.390000
6781.390000
6781.390000
6781.390000
6781.390000
6781.390000
6781.390000
6781.390000
6781.390000
6781.390000
6781.390000
6781.390000
6781.390000
6781.390000
6781.390000
6781.390000
6781.390000
6781.390000
6781.390000
6781.390000
6781.390000
6781.390000
1667.661275
0.000000
128.942896
380.923293
2173.906334
2957.882854
6781.390000
6781.390000
6781.390000
6781.390000
6781.390000
6781.390000
6781.390000
6781.390000
6781.390000
6781.390000
6781.390000
6781.390000
6781.390000
6781.390000
6781.390000
6781.390000
6781.390000
6781.390000
6781.390000
6781.390000
6781.390000
6781.390000
6781.390000
6781.390000
6781.390000
6781.390000
6781.390000
6781.390000
6781.390000
6781.390000
6781.390000
6781.390000
6781.390000
6781.390000
6781.390000
6781.390000
6781.390000
6781.390000
6781.390000
6781.390000
6781.390000
6781.390000
6781.390000
6781.390000
6781.390000
6781.390000
6781.390000
6781.390000
6781.390000
6781.390000
6781.390000
6781.390000
6781.390000
6781.390000
6781.390000
6781.390000
6781.390000
6781.390000
6781.390000
6781.390000
6781.390000
6781.390000
6781.390000
6781.390000
6781.390000
6781.390000
6781.390000
6781.390000
6781.390000
6781.390000
6781.390000
6781.390000
6781.390000
6781.390000
6781.390000
6781.390000
6781.390000
6781.390000
6781.390000
6781.390000
6781.390000
6781.390000
6781.390000
6781.390000
6781.390000
6781.390000
6781.390000
6781.390000
6781.390000
6781.390000
6781.390000
6781.390000
6781.390000
6781.390000
6781.390000
6781.390000
6781.390000
6781.390000
6781.390000
6781.390000
6781.390000
6781.390000
6781.390000
6781.390000
6781.390000
6781.390000
6781.390000
6781.390000
6781.390000
6781.390000
6781.390000
6781.390000
6781.390000
6781.390000
6781.390000
6781.390000
6781.390000
6781.390000
6781.390000
6781.390000
6781.390000
6781.390000
6781.390000
6781.390000
6781.390000
6781.390000
6781.390000
6781.390000
6781.390000
6781.390000
6781.390000
6781.390000
6781.390000
6781.390000
5387.662966
6781.390000
0.000000
0.000000
0.000000
0.000000
6781.390000
6781.390000
2462.928895
1566.214014
6781.390000
6781.390000
6781.390000
6781.390000
6781.390000
6781.390000
6781.390000
6781.390000
6781.390000
6781.390000
6781.390000
6781.390000
6781.390000
6781.390000
6781.390000
6781.390000
6781.390000
6781.390000
6781.390000
6781.390000
6781.390000
6781.390000
6781.390000
6781.390000
6781.390000
6781.390000
6781.390000
6781.390000
6781.390000
6781.390000
6781.390000
6781.390000
6781.390000
6781.390000
6781.390000
6781.390000
6781.390000
6781.390000
6781.390000
6781.390000
672.816178
0.000000
135.865749
0.000000
6781.390000
6781.390000
6781.390000
6781.390000
6781.390000
6781.390000
6781.390000
6781.390000
6781.390000
6781.390000
6781.390000
6781.390000
6781.390000
6781.390000
6781.390000
6781.390000
6781.390000
6781.390000
6781.390000
6781.390000
6781.390000
6781.390000
6781.390000
6781.390000
6781.390000
6781.390000
6781.390000
6781.390000
6781.390000
6781.390000
6781.390000
6781.390000
6781.390000
6781.390000
6781.390000
6781.390000
6781.390000
6781.390000
6781.390000
6781.390000
6781.390000
6781.390000
6781.390000
6781.390000
6781.390000
760.609160
0.000000
0.000000
0.000000
0.000000
0.000000
0.000000
6781.390000
6781.390000
6781.390000
6781.390000
6781.390000
6781.390000
6781.390000
6781.390000
6781.390000
6781.390000
6781.390000
6781.390000
6781.390000
6781.390000
6781.390000
6781.390000
6781.390000
6781.390000
6781.390000
6781.390000
6781.390000
6781.390000
6781.390000
6781.390000
6781.390000
6781.390000
6781.390000
6781.390000
6781.390000
6781.390000
6781.390000
6781.390000
6781.390000
6781.390000
6781.390000
6781.390000
6781.390000
6781.390000
6781.390000
6781.390000
6781.390000
6781.390000
6781.390000
6781.390000
2834.902753
3126.964266
6781.390000
6781.390000
6781.390000
6781.390000
6781.390000
6781.390000
6781.390000
6781.390000
6781.390000
6781.390000
6781.390000
6781.390000
6781.390000
6781.390000
6781.390000
6781.390000
6781.390000
6781.390000
6781.390000
6781.390000
6781.390000
6781.390000
6781.390000
6781.390000
6781.390000
6781.390000
6781.390000
6781.390000
6781.390000
6781.390000
6781.390000
6781.390000
6781.390000
6781.390000
6781.390000
6781.390000
6781.390000
6781.390000
6781.390000
6781.390000
6781.390000
6781.390000
6781.390000
6781.390000
6781.390000
6781.390000
0.000000
0.000000
5270.681927
5982.306458
5889.901489
6521.678902
6781.390000
6781.390000
6781.390000
6781.390000
6781.390000
6781.390000
6781.390000
6781.390000
6781.390000
6781.390000
6781.390000
6781.390000
6781.390000
6781.390000
6781.390000
6781.390000
6781.390000
6781.390000
6781.390000
6781.390000
6781.390000
6781.390000
6781.390000
6781.390000
6781.390000
6781.390000
6781.390000
6781.390000
6781.390000
6781.390000
6781.390000
6781.390000
6781.390000
6781.390000
6781.390000
6781.390000
6781.390000
6781.390000
6781.390000
6781.390000
6781.390000
6781.390000
6781.390000
6781.390000
6781.390000
6781.390000
6781.390000
6781.390000
6781.390000
6781.390000
6781.390000
6781.390000
6781.390000
6781.390000
6781.390000
6781.390000
6781.390000
6781.390000
6781.390000
6781.390000
6781.390000
6781.390000
6781.390000
6781.390000
6781.390000
6781.390000
6781.390000
6781.390000
6781.390000
6781.390000
6781.390000
6781.390000
6781.390000
6781.390000
6781.390000
6781.390000
6781.390000
6781.390000
6781.390000
6781.390000
6781.390000
6781.390000
6781.390000
6781.390000
6781.390000
6781.390000
6781.390000
6781.390000
6781.390000
6781.390000
6781.390000
6781.390000
6781.390000
6781.390000
6781.390000
6781.390000
6781.390000
6781.390000
6781.390000
6781.390000
6781.390000
6781.390000
6781.390000
6781.390000
6781.390000
6781.390000
6781.390000
6781.390000
6781.390000
6781.390000
6781.390000
6781.390000
6781.390000
6781.390000
6781.390000
6781.390000
6781.390000
6781.390000
6781.390000
6781.390000
6781.390000
6781.390000
6781.390000
6781.390000
6781.390000
6781.390000
6781.390000
6781.390000
6781.390000
6781.390000
6781.390000
6781.390000
6781.390000
6781.390000
6781.390000
6781.390000
6781.390000
6781.390000
6781.390000
6781.390000
6781.390000
6781.390000
6781.390000
6781.390000
6781.390000
6781.390000
6781.390000
6781.390000
6781.390000
6781.390000
6781.390000
6781.390000
6781.390000
6781.390000
6781.390000
6781.390000
6781.390000
6781.390000
6781.390000
6781.390000
6781.390000
6781.390000
6781.390000
6781.390000
6781.390000
6781.390000
6781.390000
6781.390000
6781.390000
6781.390000
6781.390000
6781.390000
6781.390000
6781.390000
6781.390000
6781.390000
6781.390000
6781.390000
6781.390000
6781.390000
6781.390000
6781.390000
6781.390000
6781.390000
6781.390000
6781.390000
6781.390000
6781.390000
6781.390000
6781.390000
6781.390000
6781.390000
6781.390000
6781.390000
6781.390000
6781.390000
6781.390000
6781.390000
6781.390000
6781.390000
6781.390000
6781.390000
6781.390000
6781.390000
6781.390000
6781.390000
6781.390000
6781.390000
6781.390000
6781.390000
6781.390000
6781.390000
6781.390000
6781.390000
6781.390000
6781.390000
6781.390000
6781.390000
6781.390000
6781.390000
6781.390000
6781.390000
6781.390000
6781.390000
6781.390000
6781.390000
6781.390000
6781.390000
6781.390000
6781.390000
6781.390000
6781.390000
5950.281090
3589.154789
0.000000
0.000000
0.000000
0.000000
370.357806
613.582360
6781.390000
6781.390000
6781.390000
6781.390000
6781.390000
6781.390000
6781.390000
6781.390000
6781.390000
6781.390000
6781.390000
6781.390000
6781.390000
6781.390000
6781.390000
6781.390000
6781.390000
6781.390000
6781.390000
6781.390000
6781.390000
6781.390000
6781.390000
6781.390000
6781.390000
6781.390000
6781.390000
6781.390000
6781.390000
6781.390000
6781.390000
6781.390000
6781.390000
6781.390000
6781.390000
6781.390000
6781.390000
6781.390000
6781.390000
1454.874466
0.000000
0.000000
0.000000
0.000000
0.000000
0.000000
0.000000
0.000000
0.000000
0.000000
1642.421256
5185.158379
6781.390000
6781.390000
6781.390000
6781.390000
6781.390000
6781.390000
6781.390000
6781.390000
6781.390000
6781.390000
6781.390000
6781.390000
6781.390000
6781.390000
6781.390000
6781.390000
6781.390000
6781.390000
6781.390000
6781.390000
6781.390000
6781.390000
6781.390000
6781.390000
6781.390000
6781.390000
6781.390000
6781.390000
6781.390000
6781.390000
6781.390000
6781.390000
0.000000
1978.967004
0.000000
0.000000
0.000000
0.000000
0.000000
0.000000
0.000000
0.000000
2054.815017
2839.852995
6283.601857
4403.501860
6781.390000
6781.390000
6781.390000
6781.390000
6781.390000
6781.390000
6781.390000
6781.390000
6781.390000
6781.390000
6781.390000
6781.390000
6781.390000
6781.390000
6781.390000
6781.390000
6781.390000
6781.390000
6781.390000
6781.390000
6781.390000
6781.390000
6781.390000
6781.390000
6781.390000
6781.390000
6781.390000
6781.390000
6781.390000
6781.390000
6781.390000
6781.390000
6781.390000
6781.390000
6781.390000
6781.390000
6781.390000
5522.843266
0.000000
0.000000
0.000000
0.000000
0.000000
0.000000
0.000000
0.000000
6781.390000
6781.390000
6781.390000
6781.390000
6781.390000
6781.390000
6781.390000
6781.390000
6781.390000
6781.390000
6781.390000
6781.390000
6781.390000
6781.390000
6781.390000
6781.390000
6781.390000
6781.390000
6781.390000
6781.390000
6781.390000
6781.390000
6781.390000
6781.390000
6781.390000
6781.390000
6781.390000
6781.390000
6781.390000
6781.390000
6781.390000
6781.390000
6781.390000
6781.390000
6781.390000
6781.390000
6781.390000
6781.390000
6781.390000
6781.390000
6781.390000
6781.390000
6781.390000
6781.390000
6781.390000
6781.390000
6781.390000
6781.390000
6781.390000
6781.390000
6781.390000
6781.390000
6781.390000
6781.390000
6781.390000
6781.390000
6781.390000
6781.390000
6781.390000
6781.390000
6781.390000
6781.390000
6781.390000
6781.390000
6781.390000
6781.390000
6781.390000
6781.390000
6781.390000
6781.390000
6781.390000
6781.390000
6781.390000
6781.390000
6781.390000
6781.390000
6781.390000
6781.390000
6781.390000
6781.390000
6781.390000
6781.390000
265.277875
1600.111692
0.000000
0.000000
0.000000
0.000000
0.000000
0.000000
0.000000
0.000000
0.000000
0.000000
0.000000
0.000000
4657.563339
6781.390000
6781.390000
6781.390000
6781.390000
6781.390000
6781.390000
6781.390000
6781.390000
6781.390000
6781.390000
6781.390000
6781.390000
6781.390000
6781.390000
6781.390000
6781.390000
6781.390000
6781.390000
6781.390000
6781.390000
6781.390000
6781.390000
6781.390000
6781.390000
6781.390000
6781.390000
6781.390000
6781.390000
6781.390000
6781.390000
6781.390000
6781.390000
6781.390000
6781.390000
6781.390000
6781.390000
6781.390000
6781.390000
3751.598240
6070.874757
5124.870918
3509.498407
3839.519087
5640.249770
6370.655099
6781.390000
6781.390000
6781.390000
6781.390000
6781.390000
6781.390000
6781.390000
6781.390000
6781.390000
6781.390000
6781.390000
6781.390000
6781.390000
6781.390000
6781.390000
6781.390000
6781.390000
6781.390000
6781.390000
6781.390000
6781.390000
6781.390000
6781.390000
6781.390000
6781.390000
6781.390000
6781.390000
6781.390000
6781.390000
6781.390000
6781.390000
6781.390000
6781.390000
6781.390000
6781.390000
6781.390000
6781.390000
6781.390000
6781.390000
6781.390000
6680.074655
275.302303
0.000000
0.000000
0.000000
0.000000
0.000000
0.000000
0.000000
0.000000
2217.998052
5662.340439
6781.390000
6781.390000
6781.390000
6781.390000
6781.390000
6781.390000
6781.390000
6781.390000
6781.390000
6781.390000
6781.390000
6781.390000
6781.390000
6781.390000
6781.390000
6781.390000
6781.390000
6781.390000
6781.390000
6781.390000
6781.390000
6781.390000
6781.390000
6781.390000
6781.390000
6781.390000
6781.390000
6781.390000
6781.390000
6781.390000
6781.390000
6781.390000
6781.390000
6781.390000
6781.390000
6781.390000
6781.390000
6781.390000
6781.390000
6781.390000
6781.390000
6781.390000
6781.390000
6781.390000
6781.390000
6781.390000
6781.390000
3458.736673
6781.390000
6781.390000
6781.390000
6781.390000
6781.390000
6781.390000
6781.390000
6781.390000
6781.390000
6781.390000
6781.390000
6781.390000
6781.390000
6781.390000
6781.390000
6781.390000
6781.390000
6781.390000
6781.390000
6781.390000
6781.390000
6781.390000
6781.390000
6781.390000
6781.390000
6781.390000
6781.390000
6781.390000
6781.390000
6781.390000
6781.390000
6781.390000
6781.390000
6781.390000
6781.390000
6781.390000
6720.181967
1133.124961
0.000000
0.000000
0.000000
0.000000
6781.390000
6781.390000
6781.390000
6781.390000
6781.390000
6781.390000
6781.390000
6781.390000
6781.390000
6781.390000
6781.390000
6781.390000
6781.390000
6781.390000
6781.390000
6781.390000
6781.390000
6781.390000
6781.390000
6781.390000
6781.390000
6781.390000
6781.390000
6781.390000
6781.390000
6781.390000
6781.390000
6781.390000
6781.390000
6781.390000
6781.390000
6781.390000
6781.390000
6781.390000
6781.390000
6781.390000
6781.390000
6781.390000
6781.390000
6781.390000
6781.390000
6781.390000
6781.390000
6781.390000
6781.390000
6781.390000
2672.054507
2851.902171
6415.864861
6781.390000
6781.390000
6781.390000
6781.390000
6781.390000
6781.390000
6781.390000
6781.390000
6781.390000
6781.390000
6781.390000
6781.390000
6781.390000
6781.390000
6781.390000
6781.390000
6781.390000
6781.390000
6781.390000
6781.390000
6781.390000
6781.390000
6781.390000
6781.390000
6781.390000
6781.390000
6781.390000
6781.390000
6781.390000
6781.390000
6781.390000
6781.390000
6781.390000
6781.390000
6781.390000
6781.390000
6781.390000
6781.390000
6781.390000
6781.390000
6781.390000
6781.390000
6781.390000
5508.859629
5706.188616
4905.194390
6094.346520
6781.390000
6617.305581
6781.390000
6781.390000
6781.390000
6781.390000
6781.390000
6781.390000
6781.390000
6781.390000
6781.390000
6781.390000
6781.390000
6781.390000
6781.390000
6781.390000
6781.390000
6781.390000
6781.390000
6781.390000
6781.390000
6781.390000
6781.390000
6781.390000
6781.390000
6781.390000
6781.390000
6781.390000
6781.390000
6781.390000
6781.390000
6781.390000
6781.390000
6781.390000
6781.390000
6781.390000
6781.390000
6781.390000
6781.390000
6781.390000
0.000000
829.073279
1801.036074
2220.298185
6781.390000
6781.390000
6448.172110
6781.390000
6781.390000
6781.390000
6781.390000
6781.390000
6781.390000
6781.390000
6781.390000
6781.390000
6781.390000
6781.390000
6781.390000
6781.390000
6781.390000
6781.390000
6781.390000
6781.390000
6781.390000
6781.390000
6781.390000
6781.390000
6781.390000
6781.390000
6781.390000
6781.390000
6781.390000
6781.390000
6781.390000
6781.390000
6781.390000
6781.390000
6781.390000
6781.390000
6781.390000
6781.390000
6781.390000
6781.390000
6781.390000
6781.390000
6781.390000
6781.390000
6781.390000
6781.390000
6781.390000
6781.390000
6781.390000
6781.390000
6781.390000
6781.390000
6781.390000
6781.390000
6781.390000
6781.390000
6781.390000
6781.390000
6781.390000
6781.390000
6781.390000
6781.390000
6781.390000
6781.390000
6781.390000
6781.390000
6781.390000
6781.390000
6781.390000
6781.390000
6781.390000
6781.390000
6781.390000
6781.390000
6781.390000
6781.390000
6781.390000
6781.390000
6781.390000
6781.390000
6781.390000
6781.390000
6781.390000
6781.390000
6781.390000
6781.390000
6781.390000
6781.390000
6781.390000
6781.390000
6781.390000
6781.390000
6781.390000
6781.390000
6781.390000
6781.390000
6781.390000
6781.390000
6781.390000
6781.390000
6781.390000
6781.390000
6781.390000
6781.390000
6781.390000
6781.390000
6781.390000
6781.390000
6781.390000
6781.390000
6781.390000
6781.390000
6781.390000
6781.390000
6781.390000
6781.390000
6781.390000
6781.390000
6781.390000
6781.390000
6781.390000
6781.390000
6781.390000
6781.390000
6781.390000
6781.390000
6781.390000
6781.390000
6781.390000
6781.390000
6781.390000
6781.390000
6781.390000
6781.390000
6781.390000
6781.390000
6781.390000
6781.390000
6781.390000
6781.390000
6781.390000
6781.390000
6781.390000
6781.390000
6781.390000
6781.390000
6781.390000
6781.390000
6781.390000
6781.390000
6781.390000
6781.390000
6781.390000
6781.390000
6781.390000
6781.390000
6781.390000
6781.390000
6781.390000
6781.390000
6781.390000
6781.390000
6781.390000
6781.390000
6781.390000
6781.390000
6781.390000
6781.390000
6781.390000
6781.390000
6781.390000
6781.390000
6781.390000
6781.390000
6781.390000
6781.390000
6781.390000
6781.390000
6781.390000
6781.390000
6781.390000
6781.390000
6781.390000
6781.390000
6781.390000
6781.390000
6781.390000
6781.390000
6781.390000
6781.390000
6781.390000
6781.390000
6781.390000
6781.390000
0.000000
0.000000
968.206964
1513.010613
5114.097757
5542.820705
6781.390000
6781.390000
6781.390000
6781.390000
6781.390000
6781.390000
6781.390000
6781.390000
6781.390000
6781.390000
6781.390000
6781.390000
6781.390000
6781.390000
6781.390000
6781.390000
6781.390000
6781.390000
6781.390000
6781.390000
6781.390000
6781.390000
6781.390000
6781.390000
6781.390000
6781.390000
6781.390000
6781.390000
6781.390000
6781.390000
6781.390000
6781.390000
6781.390000
6781.390000
6781.390000
6781.390000
6781.390000
6781.390000
6781.390000
6781.390000
1192.518276
0.000000
0.000000
0.000000
6781.390000
6781.390000
6781.390000
6781.390000
6781.390000
6781.390000
6781.390000
6781.390000
6781.390000
6781.390000
6781.390000
6781.390000
6781.390000
6781.390000
6781.390000
6781.390000
6781.390000
6781.390000
6781.390000
6781.390000
6781.390000
6781.390000
6781.390000
6781.390000
6781.390000
6781.390000
6781.390000
6781.390000
6781.390000
6781.390000
6781.390000
6781.390000
6781.390000
6781.390000
6781.390000
6781.390000
6781.390000
6781.390000
6781.390000
6781.390000
6781.390000
6781.390000
6781.390000
6781.390000
6781.390000
6781.390000
6781.390000
6781.390000
6781.390000
6781.390000
6781.390000
6781.390000
6781.390000
6781.390000
6781.390000
6781.390000
6781.390000
6781.390000
6781.390000
6781.390000
6781.390000
6781.390000
6781.390000
6781.390000
6781.390000
6781.390000
6781.390000
6781.390000
6781.390000
6781.390000
6781.390000
6781.390000
6781.390000
6781.390000
6781.390000
6781.390000
6781.390000
6781.390000
6781.390000
6781.390000
6781.390000
6781.390000
6781.390000
6781.390000
6781.390000
6781.390000
6781.390000
6781.390000
5606.579321
6781.390000
6781.390000
6781.390000
2724.192976
4327.983420
1363.384431
3355.131239
6781.390000
6781.390000
6781.390000
6781.390000
6781.390000
6781.390000
6781.390000
6781.390000
6781.390000
6781.390000
6781.390000
6781.390000
6781.390000
6781.390000
6781.390000
6781.390000
6781.390000
6781.390000
6781.390000
6781.390000
6781.390000
6781.390000
6781.390000
6781.390000
6781.390000
6781.390000
6781.390000
6781.390000
6781.390000
6781.390000
6781.390000
6781.390000
6781.390000
6781.390000
6781.390000
6781.390000
6781.390000
6781.390000
6781.390000
6781.390000
6781.390000
6781.390000
6781.390000
6781.390000
3589.673023
1851.425135
6781.390000
6781.390000
6781.390000
6781.390000
6781.390000
6781.390000
6781.390000
6781.390000
6781.390000
6781.390000
6781.390000
6781.390000
6781.390000
6781.390000
6781.390000
6781.390000
6781.390000
6781.390000
6781.390000
6781.390000
6781.390000
6781.390000
6781.390000
6781.390000
6781.390000
6781.390000
6781.390000
6781.390000
6781.390000
6781.390000
6781.390000
6781.390000
6781.390000
6781.390000
6781.390000
6781.390000
6781.390000
6781.390000
6781.390000
6781.390000
6781.390000
6781.390000
6781.390000
6781.390000
6781.390000
6781.390000
6781.390000
6781.390000
6781.390000
6781.390000
6781.390000
6781.390000
6781.390000
6781.390000
6781.390000
6781.390000
6781.390000
6781.390000
6781.390000
6781.390000
6781.390000
6781.390000
6781.390000
6781.390000
6781.390000
6781.390000
6781.390000
6781.390000
6781.390000
6781.390000
6781.390000
6781.390000
6781.390000
6781.390000
6781.390000
6781.390000
6781.390000
6781.390000
6781.390000
6781.390000
6781.390000
6781.390000
6781.390000
6781.390000
6781.390000
6781.390000
6781.390000
6781.390000
6781.390000
6781.390000
6781.390000
6781.390000
6781.390000
2646.573050
0.000000
0.000000
0.000000
0.000000
0.000000
0.000000
1061.080523
1495.519958
0.000000
6781.390000
6781.390000
6781.390000
6781.390000
6781.390000
6781.390000
6781.390000
6781.390000
6781.390000
6781.390000
6781.390000
6781.390000
6781.390000
6781.390000
6781.390000
6781.390000
6781.390000
6781.390000
6781.390000
6781.390000
6781.390000
6781.390000
6781.390000
6781.390000
6781.390000
6781.390000
6781.390000
6781.390000
6781.390000
6781.390000
6781.390000
6781.390000
6781.390000
6781.390000
6781.390000
6781.390000
6781.390000
6781.390000
6781.390000
877.517288
0.000000
0.000000
0.000000
0.000000
0.000000
6781.390000
6781.390000
6781.390000
6781.390000
6781.390000
6781.390000
6781.390000
6781.390000
6781.390000
6781.390000
6781.390000
6781.390000
6781.390000
6781.390000
6781.390000
6781.390000
6781.390000
6781.390000
6781.390000
6781.390000
6781.390000
6781.390000
6781.390000
6781.390000
6781.390000
6781.390000
6781.390000
6781.390000
6781.390000
6781.390000
6781.390000
6781.390000
6781.390000
6781.390000
6781.390000
6781.390000
6781.390000
6781.390000
6781.390000
6781.390000
6781.390000
6538.601501
5988.616517
4197.089638
6781.390000
6781.390000
6781.390000
6781.390000
6781.390000
6781.390000
6781.390000
6781.390000
6781.390000
6781.390000
6781.390000
6781.390000
6781.390000
6781.390000
6781.390000
6781.390000
6781.390000
6781.390000
6781.390000
6781.390000
6781.390000
6781.390000
6781.390000
6781.390000
6781.390000
6781.390000
6781.390000
6781.390000
6781.390000
6781.390000
6781.390000
6781.390000
6781.390000
6781.390000
6781.390000
6781.390000
6781.390000
6781.390000
6781.390000
6781.390000
6781.390000
6781.390000
6781.390000
6781.390000
6781.390000
6781.390000
6781.390000
6781.390000
6781.390000
6781.390000
6781.390000
6781.390000
6781.390000
6781.390000
6781.390000
6781.390000
6781.390000
6781.390000
6781.390000
6781.390000
6781.390000
6781.390000
6781.390000
6781.390000
6781.390000
6781.390000
6781.390000
6781.390000
6781.390000
6781.390000
6781.390000
6781.390000
6781.390000
6781.390000
6781.390000
6781.390000
6781.390000
6781.390000
6781.390000
6781.390000
6781.390000
6781.390000
6781.390000
6781.390000
6781.390000
6781.390000
6781.390000
6781.390000
6781.390000
6781.390000
6781.390000
6781.390000
886.614858
1025.053941
3468.614184
3895.247055
0.000000
1257.076212
1166.868421
217.902812
1173.755557
892.165427
6781.390000
6781.390000
6781.390000
6781.390000
6781.390000
6781.390000
6781.390000
6781.390000
6781.390000
6781.390000
6781.390000
6781.390000
6781.390000
6781.390000
6781.390000
6781.390000
6781.390000
6781.390000
6781.390000
6781.390000
6781.390000
6781.390000
6781.390000
6781.390000
6781.390000
6781.390000
6781.390000
6781.390000
6781.390000
6781.390000
6781.390000
6781.390000
6781.390000
6781.390000
6781.390000
6781.390000
6781.390000
6781.390000
6781.390000
6781.390000
6781.390000
6781.390000
6781.390000
6781.390000
6781.390000
6781.390000
6781.390000
6781.390000
6781.390000
6781.390000
6781.390000
6781.390000
6781.390000
6781.390000
6781.390000
6781.390000
6781.390000
6781.390000
6781.390000
6781.390000
6781.390000
6781.390000
6781.390000
6781.390000
6781.390000
6781.390000
6781.390000
6781.390000
6781.390000
6781.390000
6781.390000
6781.390000
6781.390000
6781.390000
6781.390000
6781.390000
6781.390000
6781.390000
6781.390000
6781.390000
6781.390000
6781.390000
6781.390000
6781.390000
6781.390000
6781.390000
6781.390000
1407.524364
0.000000
0.000000
0.000000
0.000000
4982.168301
5692.758110
0.000000
0.000000
6781.390000
6781.390000
6781.390000
6781.390000
6781.390000
6781.390000
6781.390000
6781.390000
6781.390000
6781.390000
6781.390000
6781.390000
6781.390000
6781.390000
6781.390000
6781.390000
6781.390000
6781.390000
6781.390000
6781.390000
6781.390000
6781.390000
6781.390000
6781.390000
6781.390000
6781.390000
6781.390000
6781.390000
6781.390000
6781.390000
6781.390000
6781.390000
6781.390000
6781.390000
6781.390000
6781.390000
6781.390000
6781.390000
6781.390000
1829.373467
1037.354925
0.000000
1225.494491
1289.292371
6781.390000
6781.390000
6781.390000
6781.390000
6781.390000
6781.390000
6781.390000
6781.390000
6781.390000
6781.390000
6781.390000
6781.390000
6781.390000
6781.390000
6781.390000
6781.390000
6781.390000
6781.390000
6781.390000
6781.390000
6781.390000
6781.390000
6781.390000
6781.390000
6781.390000
6781.390000
6781.390000
6781.390000
6781.390000
6781.390000
6781.390000
6781.390000
6781.390000
6781.390000
6781.390000
6781.390000
6781.390000
6781.390000
6781.390000
6781.390000
6781.390000
6781.390000
6781.390000
6781.390000
6781.390000
6781.390000
6781.390000
6781.390000
6781.390000
6781.390000
6781.390000
6781.390000
6781.390000
6781.390000
6781.390000
6781.390000
6781.390000
6781.390000
6781.390000
6781.390000
6781.390000
6781.390000
6781.390000
6781.390000
6781.390000
6781.390000
6781.390000
6781.390000
6781.390000
6781.390000
6781.390000
6781.390000
6781.390000
6781.390000
6781.390000
6781.390000
6781.390000
6781.390000
6781.390000
6781.390000
6781.390000
6781.390000
6781.390000
6781.390000
6781.390000
6781.390000
6781.390000
6781.390000
6781.390000
6781.390000
5832.224096
0.000000
2514.826693
104.638126
3289.546855
3169.853190
2369.388500
2787.753855
5157.843135
5403.441684
6781.390000
6781.390000
6781.390000
6781.390000
6781.390000
6781.390000
6781.390000
6781.390000
6781.390000
6781.390000
6781.390000
6781.390000
6781.390000
6781.390000
6781.390000
6781.390000
6781.390000
6781.390000
6781.390000
6781.390000
6781.390000
6781.390000
6781.390000
6781.390000
6781.390000
6781.390000
6781.390000
6781.390000
6781.390000
6781.390000
6781.390000
6781.390000
6781.390000
6781.390000
6781.390000
6781.390000
0.000000
0.000000
0.000000
0.000000
0.000000
0.000000
0.000000
1175.405928
3917.276192
2917.417752
6781.390000
6781.390000
6781.390000
6781.390000
6781.390000
6781.390000
6781.390000
6781.390000
6781.390000
6781.390000
6781.390000
6781.390000
6781.390000
6781.390000
6781.390000
6781.390000
6781.390000
6781.390000
6781.390000
6781.390000
6781.390000
6781.390000
6781.390000
6781.390000
6781.390000
6781.390000
6781.390000
6781.390000
6781.390000
6781.390000
6781.390000
6781.390000
6781.390000
6781.390000
6781.390000
6781.390000
1739.641091
3479.022358
0.000000
0.000000
0.000000
0.000000
0.000000
0.000000
0.000000
0.000000
0.000000
0.000000
0.000000
0.000000
0.000000
6781.390000
6781.390000
6781.390000
6781.390000
6781.390000
6781.390000
6781.390000
6781.390000
6781.390000
6781.390000
6781.390000
6781.390000
6781.390000
6781.390000
6781.390000
6781.390000
6781.390000
6781.390000
6781.390000
6781.390000
6781.390000
6781.390000
6781.390000
6781.390000
6781.390000
6781.390000
6781.390000
6781.390000
6781.390000
6781.390000
6781.390000
6781.390000
6781.390000
6781.390000
6781.390000
6781.390000
6781.390000
6781.390000
6781.390000
5951.053718
3553.977089
0.000000
0.000000
6781.390000
6781.390000
6781.390000
6781.390000
6781.390000
6781.390000
6781.390000
6781.390000
6781.390000
6781.390000
6781.390000
6781.390000
6781.390000
6781.390000
6781.390000
6781.390000
6781.390000
6781.390000
6781.390000
6781.390000
6781.390000
6781.390000
6781.390000
6781.390000
6781.390000
6781.390000
6781.390000
6781.390000
6781.390000
6781.390000
6781.390000
6781.390000
6781.390000
6781.390000
6781.390000
6781.390000
6781.390000
6781.390000
6781.390000
6781.390000
6781.390000
6781.390000
6781.390000
6781.390000
6781.390000
6781.390000
6781.390000
6781.390000
6781.390000
6781.390000
6781.390000
6781.390000
6781.390000
6781.390000
6781.390000
6781.390000
6781.390000
6781.390000
6781.390000
6781.390000
6781.390000
6781.390000
6781.390000
6781.390000
6781.390000
6781.390000
6781.390000
6781.390000
6781.390000
6781.390000
6781.390000
6781.390000
6781.390000
6781.390000
6781.390000
6781.390000
6781.390000
6781.390000
6781.390000
6781.390000
6781.390000
6781.390000
6781.390000
6781.390000
6781.390000
6781.390000
6781.390000
6781.390000
6781.390000
6781.390000
6781.390000
5457.744975
6781.390000
4719.315855
6781.390000
6781.390000
6781.390000
6781.390000
6781.390000
6781.390000
6781.390000
6781.390000
6781.390000
6781.390000
6781.390000
6781.390000
6781.390000
6781.390000
6781.390000
6781.390000
6781.390000
6781.390000
6781.390000
6781.390000
6781.390000
6781.390000
6781.390000
6781.390000
6781.390000
6781.390000
6781.390000
6781.390000
6781.390000
6781.390000
6781.390000
6781.390000
6781.390000
6781.390000
6781.390000
6781.390000
6781.390000
6781.390000
6781.390000
6781.390000
6781.390000
6781.390000
6781.390000
6781.390000
6781.390000
6781.390000
6781.390000
6781.390000
6781.390000
6781.390000
6781.390000
6781.390000
6781.390000
6781.390000
6781.390000
6781.390000
6781.390000
6781.390000
6781.390000
6781.390000
6781.390000
6781.390000
6781.390000
6781.390000
6781.390000
6781.390000
6781.390000
6781.390000
6781.390000
6781.390000
6781.390000
6781.390000
6781.390000
6781.390000
6781.390000
6781.390000
6781.390000
6781.390000
6781.390000
6781.390000
6781.390000
6781.390000
6781.390000
6781.390000
6781.390000
6781.390000
6781.390000
6781.390000
6781.390000
6781.390000
6781.390000
6781.390000
6781.390000
6781.390000
6781.390000
6064.040444
6781.390000
6781.390000
6781.390000
6781.390000
6781.390000
6781.390000
6781.390000
6781.390000
6781.390000
6781.390000
6781.390000
6781.390000
6781.390000
6781.390000
6781.390000
6781.390000
6781.390000
6781.390000
6781.390000
6781.390000
6781.390000
6781.390000
6781.390000
6781.390000
6781.390000
6781.390000
6781.390000
6781.390000
6781.390000
6781.390000
6781.390000
6781.390000
6781.390000
6781.390000
6781.390000
6781.390000
6781.390000
6781.390000
6781.390000
6781.390000
6781.390000
6781.390000
1025.657806
2650.157228
2415.829587
1214.965291
4431.168225
4667.262851
0.000000
0.000000
0.000000
0.000000
138.237401
0.000000
5975.769968
6781.390000
6781.390000
6781.390000
6781.390000
6781.390000
6781.390000
6781.390000
6781.390000
6781.390000
6781.390000
6781.390000
6781.390000
6781.390000
6781.390000
6781.390000
6781.390000
6781.390000
6781.390000
6781.390000
6781.390000
6781.390000
6781.390000
6781.390000
6781.390000
6781.390000
6781.390000
6781.390000
6781.390000
6781.390000
6781.390000
6781.390000
6781.390000
6781.390000
6781.390000
6781.390000
6781.390000
6781.390000
6781.390000
6781.390000
755.250071
937.488492
625.165539
1981.023114
2973.565063
2242.997578
3617.522066
3357.625578
6781.390000
6745.394190
6781.390000
6781.390000
6781.390000
6781.390000
6781.390000
6781.390000
6781.390000
6781.390000
6781.390000
6781.390000
6781.390000
6781.390000
6781.390000
6781.390000
6781.390000
6781.390000
6781.390000
6781.390000
6781.390000
6781.390000
6781.390000
6781.390000
6781.390000
6781.390000
6781.390000
6781.390000
6781.390000
6781.390000
6781.390000
6781.390000
6781.390000
6781.390000
6781.390000
6781.390000
6781.390000
6781.390000
6781.390000
6781.390000
4927.448715
1859.152358
0.000000
0.000000
2011.271867
2038.620328
0.000000
0.000000
0.000000
0.000000
6781.390000
6781.390000
6781.390000
6781.390000
6781.390000
6781.390000
6781.390000
6781.390000
6781.390000
6781.390000
6781.390000
6781.390000
6781.390000
6781.390000
6781.390000
6781.390000
6781.390000
6781.390000
6781.390000
6781.390000
6781.390000
6781.390000
6781.390000
6781.390000
6781.390000
6781.390000
6781.390000
6781.390000
6781.390000
6781.390000
6781.390000
6781.390000
6781.390000
6781.390000
6781.390000
6781.390000
6781.390000
6096.079417
2076.069242
0.000000
0.000000
0.000000
0.000000
0.000000
0.000000
0.000000
0.000000
0.000000
0.000000
0.000000
6781.390000
6781.390000
6781.390000
6781.390000
6781.390000
6781.390000
6781.390000
6781.390000
6781.390000
6781.390000
6781.390000
6781.390000
6781.390000
6781.390000
6781.390000
6781.390000
6781.390000
6781.390000
6781.390000
6781.390000
6781.390000
6781.390000
6781.390000
6781.390000
6781.390000
6781.390000
6781.390000
6781.390000
6781.390000
6781.390000
6781.390000
6781.390000
6781.390000
6781.390000
6781.390000
6781.390000
6781.390000
6781.390000
6781.390000
6781.390000
6781.390000
6781.390000
6781.390000
0.000000
0.000000
0.000000
0.000000
0.000000
6781.390000
6781.390000
6781.390000
6781.390000
6781.390000
6781.390000
6781.390000
6781.390000
6781.390000
6781.390000
6781.390000
6781.390000
6781.390000
6781.390000
6781.390000
6781.390000
6781.390000
6781.390000
6781.390000
6781.390000
6781.390000
6781.390000
6781.390000
6781.390000
6781.390000
6781.390000
6781.390000
6781.390000
6781.390000
6781.390000
6781.390000
6781.390000
6781.390000
6781.390000
6781.390000
6781.390000
6781.390000
6781.390000
5167.260888
5494.602026
4350.534376
4980.407951
3936.502600
0.000000
0.000000
4590.717822
6781.390000
6781.390000
6781.390000
6781.390000
6781.390000
6781.390000
6781.390000
6781.390000
6781.390000
6781.390000
6781.390000
6781.390000
6781.390000
6781.390000
6781.390000
6781.390000
6781.390000
6781.390000
6781.390000
6781.390000
6781.390000
6781.390000
6781.390000
6781.390000
6781.390000
6781.390000
6781.390000
6781.390000
6781.390000
6781.390000
6781.390000
6781.390000
6781.390000
6781.390000
6781.390000
6781.390000
6781.390000
1485.647668
1973.320812
0.000000
391.044293
659.018770
4416.664452
0.000000
0.000000
0.000000
187.664647
0.000000
4594.770385
6781.390000
6781.390000
6781.390000
6781.390000
6781.390000
6781.390000
6781.390000
6781.390000
6781.390000
6781.390000
6781.390000
6781.390000
6781.390000
6781.390000
6781.390000
6781.390000
6781.390000
6781.390000
6781.390000
6781.390000
6781.390000
6781.390000
6781.390000
6781.390000
6781.390000
6781.390000
6781.390000
6781.390000
6781.390000
6781.390000
6781.390000
3396.852802
4958.686433
0.000000
0.000000
0.000000
0.000000
0.000000
0.000000
0.000000
0.000000
0.000000
0.000000
399.934571
137.121929
6505.606489
6781.390000
6781.390000
6781.390000
6781.390000
6781.390000
6781.390000
6781.390000
6781.390000
6781.390000
6781.390000
6781.390000
6781.390000
6781.390000
6781.390000
6781.390000
6781.390000
6781.390000
6781.390000
6781.390000
6781.390000
6781.390000
6781.390000
6781.390000
6781.390000
6781.390000
6781.390000
6781.390000
6781.390000
6781.390000
6781.390000
6781.390000
6781.390000
6781.390000
6781.390000
6781.390000
6781.390000
6781.390000
4554.927466
5429.238368
6781.390000
6781.390000
6781.390000
6781.390000
6781.390000
6781.390000
6781.390000
6781.390000
6781.390000
6781.390000
6781.390000
6781.390000
6781.390000
6781.390000
6781.390000
6781.390000
6781.390000
6781.390000
6781.390000
6781.390000
6781.390000
6781.390000
6781.390000
6781.390000
6781.390000
6781.390000
6781.390000
6781.390000
6781.390000
6781.390000
6781.390000
6781.390000
6781.390000
6781.390000
6781.390000
6781.390000
6781.390000
6781.390000
6781.390000
6781.390000
6781.390000
6781.390000
6781.390000
6781.390000
6781.390000
6781.390000
6781.390000
4195.342104
2941.813523
963.511885
0.000000
0.000000
0.000000
0.000000
1681.258227
2157.941395
6781.390000
6781.390000
6781.390000
6781.390000
6781.390000
6781.390000
6781.390000
6781.390000
6781.390000
6781.390000
6781.390000
6781.390000
6781.390000
6781.390000
6781.390000
6781.390000
6781.390000
6781.390000
6781.390000
6781.390000
6781.390000
6781.390000
6781.390000
6781.390000
6781.390000
6781.390000
6781.390000
6781.390000
6781.390000
6781.390000
6781.390000
6781.390000
6781.390000
6781.390000
6781.390000
6781.390000
6781.390000
6781.390000
6781.390000
6781.390000
2643.304295
180.238832
0.000000
0.000000
0.000000
0.000000
0.000000
0.000000
3604.579342
6720.355633
6781.390000
6781.390000
6781.390000
6781.390000
6781.390000
6781.390000
6781.390000
6781.390000
6781.390000
6781.390000
6781.390000
6781.390000
6781.390000
6781.390000
6781.390000
6781.390000
6781.390000
6781.390000
6781.390000
6781.390000
6781.390000
6781.390000
6781.390000
6781.390000
6781.390000
6781.390000
6781.390000
6781.390000
6781.390000
6781.390000
6781.390000
6781.390000
6781.390000
6781.390000
6781.390000
6781.390000
6781.390000
6781.390000
6781.390000
6781.390000
6781.390000
6781.390000
6781.390000
6781.390000
6781.390000
6781.390000
6781.390000
6781.390000
6781.390000
6781.390000
6781.390000
6781.390000
6781.390000
6781.390000
6781.390000
6781.390000
6781.390000
6781.390000
6781.390000
6781.390000
6781.390000
6781.390000
6781.390000
6781.390000
6781.390000
6781.390000
6781.390000
6781.390000
6781.390000
6781.390000
6781.390000
6781.390000
6781.390000
6781.390000
6781.390000
6781.390000
6781.390000
6781.390000
6781.390000
6781.390000
6781.390000
6781.390000
6781.390000
6781.390000
5547.980628
0.000000
0.000000
0.000000
0.000000
0.000000
0.000000
0.000000
0.000000
0.000000
0.000000
0.000000
0.000000
0.000000
6781.390000
6781.390000
6781.390000
6781.390000
6781.390000
6781.390000
6781.390000
6781.390000
6781.390000
6781.390000
6781.390000
6781.390000
6781.390000
6781.390000
6781.390000
6781.390000
6781.390000
6781.390000
6781.390000
6781.390000
6781.390000
6781.390000
6781.390000
6781.390000
6781.390000
6781.390000
6781.390000
6781.390000
6781.390000
6781.390000
6781.390000
6781.390000
90.435377
2364.379846
0.000000
0.000000
0.000000
0.000000
0.000000
0.000000
0.000000
0.000000
0.000000
0.000000
0.000000
3200.122019
6781.390000
6781.390000
6781.390000
6781.390000
6781.390000
6781.390000
6781.390000
6781.390000
6781.390000
6781.390000
6781.390000
6781.390000
6781.390000
6781.390000
6781.390000
6781.390000
6781.390000
6781.390000
6781.390000
6781.390000
6781.390000
6781.390000
6781.390000
6781.390000
6781.390000
6781.390000
6781.390000
6781.390000
6781.390000
6781.390000
6781.390000
6781.390000
6781.390000
6781.390000
6781.390000
6781.390000
6781.390000
6781.390000
6781.390000
6781.390000
6781.390000
6781.390000
6781.390000
6781.390000
6781.390000
6781.390000
6781.390000
6781.390000
6781.390000
6781.390000
6781.390000
6781.390000
6781.390000
6781.390000
6781.390000
6781.390000
6781.390000
6781.390000
6781.390000
6781.390000
6781.390000
6781.390000
6781.390000
6781.390000
6781.390000
6781.390000
6781.390000
6781.390000
6781.390000
6781.390000
6781.390000
6781.390000
6781.390000
6781.390000
6781.390000
6781.390000
6781.390000
6781.390000
6781.390000
6781.390000
6781.390000
6781.390000
6781.390000
6781.390000
159.714538
853.256118
0.000000
0.000000
0.000000
0.000000
0.000000
0.000000
0.000000
0.000000
0.000000
333.554904
5945.469529
6534.084069
6781.390000
6781.390000
6781.390000
6781.390000
6781.390000
6781.390000
6781.390000
6781.390000
6781.390000
6781.390000
6781.390000
6781.390000
6781.390000
6781.390000
6781.390000
6781.390000
6781.390000
6781.390000
6781.390000
6781.390000
6781.390000
6781.390000
6781.390000
6781.390000
6781.390000
6781.390000
6781.390000
6781.390000
6781.390000
6781.390000
6781.390000
6781.390000
6781.390000
6781.390000
6781.390000
5735.702976
0.000000
0.000000
0.000000
0.000000
0.000000
0.000000
0.000000
0.000000
2414.680085
5823.243948
6781.390000
6781.390000
6781.390000
6781.390000
6781.390000
6781.390000
6781.390000
6781.390000
6781.390000
6781.390000
6781.390000
6781.390000
6781.390000
6781.390000
6781.390000
6781.390000
6781.390000
6781.390000
6781.390000
6781.390000
6781.390000
6781.390000
6781.390000
6781.390000
6781.390000
6781.390000
6781.390000
6781.390000
6781.390000
6781.390000
6781.390000
6781.390000
3847.952927
6781.390000
0.000000
0.000000
0.000000
0.000000
0.000000
0.000000
0.000000
0.000000
0.000000
0.000000
0.000000
0.000000
0.000000
1849.387562
6781.390000
6781.390000
6781.390000
6781.390000
6781.390000
6781.390000
6781.390000
6781.390000
6781.390000
6781.390000
6781.390000
6781.390000
6781.390000
6781.390000
6781.390000
6781.390000
6781.390000
6781.390000
6781.390000
6781.390000
6781.390000
6781.390000
6781.390000
6781.390000
6781.390000
6781.390000
6781.390000
6781.390000
6781.390000
6781.390000
6781.390000
6781.390000
6781.390000
6781.390000
6781.390000
6781.390000
6781.390000
3870.647504
0.000000
0.000000
0.000000
0.000000
0.000000
0.000000
0.000000
0.000000
1455.682030
0.000000
0.000000
350.060315
6781.390000
6781.390000
6781.390000
6781.390000
6781.390000
6781.390000
6781.390000
6781.390000
6781.390000
6781.390000
6781.390000
6781.390000
6781.390000
6781.390000
6781.390000
6781.390000
6781.390000
6781.390000
6781.390000
6781.390000
6781.390000
6781.390000
6781.390000
6781.390000
6781.390000
6781.390000
6781.390000
6781.390000
6781.390000
6781.390000
6781.390000
6781.390000
6781.390000
6781.390000
6781.390000
6781.390000
3069.535844
759.979196
2212.700236
2531.770867
1166.130995
1832.700706
6781.390000
6781.390000
6781.390000
6781.390000
6781.390000
6781.390000
6781.390000
6781.390000
6781.390000
6781.390000
6781.390000
6781.390000
6781.390000
6781.390000
6781.390000
6781.390000
6781.390000
6781.390000
6781.390000
6781.390000
6781.390000
6781.390000
6781.390000
6781.390000
6781.390000
6781.390000
6781.390000
6781.390000
6781.390000
6781.390000
6781.390000
6781.390000
6781.390000
6781.390000
6781.390000
6781.390000
6781.390000
6781.390000
6781.390000
6781.390000
6781.390000
6781.390000
6781.390000
6384.372921
204.297070
587.463107
0.000000
0.000000
500.833629
966.390213
5232.914976
6467.532816
6781.390000
6781.390000
6781.390000
6781.390000
6781.390000
6781.390000
6781.390000
6781.390000
6781.390000
6781.390000
6781.390000
6781.390000
6781.390000
6781.390000
6781.390000
6781.390000
6781.390000
6781.390000
6781.390000
6781.390000
6781.390000
6781.390000
6781.390000
6781.390000
6781.390000
6781.390000
6781.390000
6781.390000
6781.390000
6781.390000
6781.390000
6781.390000
0.000000
1057.536396
0.000000
0.000000
0.000000
0.000000
0.000000
0.000000
751.845545
2610.841529
3762.359460
3062.784588
6781.390000
6781.390000
6781.390000
0.000000
5641.931669
5770.788014
6781.390000
6781.390000
6781.390000
6781.390000
6781.390000
6781.390000
6781.390000
6781.390000
6781.390000
6781.390000
6781.390000
6781.390000
6781.390000
6781.390000
6781.390000
6781.390000
6781.390000
6781.390000
6781.390000
6781.390000
6781.390000
6781.390000
6781.390000
6781.390000
6781.390000
6781.390000
6781.390000
6781.390000
6781.390000
6781.390000
3127.918437
3892.005730
0.000000
0.000000
0.000000
0.000000
0.000000
0.000000
3311.158946
5311.375781
6781.390000
6781.390000
6781.390000
6781.390000
6781.390000
6781.390000
6781.390000
6781.390000
6781.390000
6781.390000
6781.390000
6781.390000
6781.390000
6781.390000
6781.390000
6781.390000
6781.390000
6781.390000
6781.390000
6781.390000
6781.390000
6781.390000
6781.390000
6781.390000
6781.390000
6781.390000
6781.390000
6781.390000
6781.390000
6781.390000
6781.390000
6781.390000
6781.390000
6781.390000
6781.390000
6781.390000
6781.390000
6781.390000
6781.390000
6781.390000
6781.390000
6781.390000
6781.390000
6781.390000
6781.390000
6781.390000
6781.390000
6781.390000
6781.390000
6781.390000
6781.390000
6781.390000
6781.390000
6781.390000
6781.390000
6781.390000
6781.390000
6781.390000
6781.390000
6781.390000
6781.390000
6781.390000
6781.390000
6781.390000
6781.390000
6781.390000
6781.390000
6781.390000
6781.390000
6781.390000
6781.390000
6781.390000
6781.390000
6781.390000
6781.390000
6781.390000
6781.390000
6781.390000
6781.390000
6781.390000
6781.390000
6781.390000
6781.390000
6781.390000
6781.390000
6781.390000
6781.390000
6781.390000
6781.390000
6781.390000
6781.390000
6781.390000
6781.390000
6781.390000
6781.390000
6781.390000
6781.390000
6781.390000
6781.390000
6781.390000
6781.390000
6781.390000
6781.390000
6781.390000
6781.390000
6781.390000
6781.390000
6781.390000
6781.390000
6781.390000
6781.390000
6781.390000
6781.390000
6781.390000
6781.390000
6781.390000
6781.390000
6781.390000
6781.390000
6781.390000
6781.390000
6781.390000
6781.390000
6781.390000
6781.390000
6781.390000
6781.390000
6781.390000
6781.390000
6781.390000
6781.390000
6781.390000
6781.390000
6781.390000
6781.390000
6781.390000
6781.390000
6781.390000
6781.390000
6781.390000
6781.390000
6781.390000
6781.390000
6781.390000
6781.390000
6781.390000
6781.390000
6781.390000
6781.390000
6781.390000
6781.390000
6781.390000
6781.390000
6781.390000
6781.390000
6781.390000
6781.390000
6781.390000
6781.390000
6781.390000
6781.390000
6781.390000
6781.390000
6781.390000
6781.390000
6781.390000
6781.390000
6781.390000
6781.390000
6781.390000
6781.390000
6781.390000
6781.390000
6781.390000
6781.390000
6781.390000
6781.390000
6781.390000
6781.390000
6781.390000
6781.390000
6781.390000
6781.390000
6781.390000
6781.390000
6781.390000
6781.390000
6781.390000
5314.913663
3621.408342
6781.390000
6781.390000
5786.645736
6474.311844
1732.514098
0.000000
2591.292726
6781.390000
6781.390000
6781.390000
6781.390000
6781.390000
6781.390000
6781.390000
6781.390000
6781.390000
6781.390000
6781.390000
6781.390000
6781.390000
6781.390000
6781.390000
6781.390000
6781.390000
6781.390000
6781.390000
6781.390000
6781.390000
6781.390000
6781.390000
6781.390000
6781.390000
6781.390000
6781.390000
6781.390000
6781.390000
6781.390000
6781.390000
6781.390000
6781.390000
6781.390000
6781.390000
215.816154
735.697106
0.000000
0.000000
0.000000
0.000000
0.000000
0.000000
0.000000
0.000000
0.000000
0.000000
0.000000
3128.146554
6781.390000
6781.390000
6781.390000
6781.390000
6781.390000
6781.390000
6781.390000
6781.390000
6781.390000
6781.390000
6781.390000
6781.390000
6781.390000
6781.390000
6781.390000
6781.390000
6781.390000
6781.390000
6781.390000
6781.390000
6781.390000
6781.390000
6781.390000
6781.390000
6781.390000
6781.390000
6781.390000
6781.390000
6781.390000
6781.390000
6781.390000
6781.390000
6781.390000
6781.390000
6781.390000
6781.390000
6781.390000
6781.390000
158.192512
1006.782023
6781.390000
6781.390000
6781.390000
6781.390000
6781.390000
6781.390000
6781.390000
6740.567170
6781.390000
6781.390000
6781.390000
6781.390000
6781.390000
6781.390000
6781.390000
6781.390000
6781.390000
6781.390000
6781.390000
6781.390000
6781.390000
6781.390000
6781.390000
6781.390000
6781.390000
6781.390000
6781.390000
6781.390000
6781.390000
6781.390000
6781.390000
6781.390000
6781.390000
6781.390000
6781.390000
6781.390000
6781.390000
6781.390000
6781.390000
6781.390000
6781.390000
6781.390000
6781.390000
6781.390000
6781.390000
5577.873923
4839.522751
5893.943591
6781.390000
6781.390000
6781.390000
6781.390000
6781.390000
6781.390000
6781.390000
6781.390000
6781.390000
6781.390000
6781.390000
6781.390000
6781.390000
6781.390000
6781.390000
6781.390000
6781.390000
6781.390000
6781.390000
6781.390000
6781.390000
6781.390000
6781.390000
6781.390000
6781.390000
6781.390000
6781.390000
6781.390000
6781.390000
6781.390000
6781.390000
6781.390000
6781.390000
6781.390000
6781.390000
6781.390000
6781.390000
6781.390000
6781.390000
6781.390000
1980.821696
4513.323231
0.000000
0.000000
549.225264
0.000000
253.591005
0.000000
5236.697963
5712.156525
5459.744752
6114.494428
6781.390000
6781.390000
6697.701186
6781.390000
6781.390000
6781.390000
6781.390000
6781.390000
6781.390000
6781.390000
6781.390000
6781.390000
6781.390000
6781.390000
6781.390000
6781.390000
6781.390000
6781.390000
6781.390000
6781.390000
6781.390000
6781.390000
6781.390000
6781.390000
6781.390000
6781.390000
6781.390000
6781.390000
6781.390000
6781.390000
6781.390000
6781.390000
6781.390000
6781.390000
6781.390000
6781.390000
6781.390000
6781.390000
0.000000
0.000000
0.000000
0.000000
0.000000
0.000000
0.000000
0.000000
0.000000
203.236139
2932.543433
3337.456160
6781.390000
6781.390000
6781.390000
6781.390000
6781.390000
6781.390000
6781.390000
6781.390000
6781.390000
6781.390000
6781.390000
6781.390000
6781.390000
6781.390000
6781.390000
6781.390000
6781.390000
6781.390000
6781.390000
6781.390000
6781.390000
6781.390000
6781.390000
6781.390000
6781.390000
6781.390000
6781.390000
6781.390000
6781.390000
6781.390000
6781.390000
6781.390000
6781.390000
6781.390000
2181.114191
2923.851995
0.000000
0.000000
0.000000
0.000000
0.000000
0.000000
0.000000
0.000000
0.000000
0.000000
0.000000
0.000000
0.000000
6781.390000
6781.390000
6781.390000
6781.390000
6781.390000
6781.390000
6781.390000
6781.390000
6781.390000
6781.390000
6781.390000
6781.390000
6781.390000
6781.390000
6781.390000
6781.390000
6781.390000
6781.390000
6781.390000
6781.390000
6781.390000
6781.390000
6781.390000
6781.390000
6781.390000
6781.390000
6781.390000
6781.390000
6781.390000
6781.390000
6781.390000
6781.390000
6781.390000
0.000000
0.000000
0.000000
0.000000
0.000000
0.000000
0.000000
0.000000
0.000000
0.000000
0.000000
0.000000
0.000000
0.000000
0.000000
1268.864969
6781.390000
6781.390000
6781.390000
6781.390000
6781.390000
6781.390000
6781.390000
6781.390000
6781.390000
6781.390000
6781.390000
6781.390000
6781.390000
6781.390000
6781.390000
6781.390000
6781.390000
6781.390000
6781.390000
6781.390000
6781.390000
6781.390000
6781.390000
6781.390000
6781.390000
6781.390000
6781.390000
6781.390000
6781.390000
6781.390000
6781.390000
6781.390000
6781.390000
6781.390000
4034.394454
5515.568566
2683.856777
0.000000
0.000000
0.000000
0.000000
0.000000
0.000000
0.000000
0.000000
115.872749
0.000000
0.000000
3007.823183
6085.729163
6781.390000
6781.390000
6781.390000
6781.390000
6781.390000
6781.390000
6781.390000
6781.390000
6781.390000
6781.390000
6781.390000
6781.390000
6781.390000
6781.390000
6781.390000
6781.390000
6781.390000
6781.390000
6781.390000
6781.390000
6781.390000
6781.390000
6781.390000
6781.390000
6781.390000
6781.390000
6781.390000
6781.390000
6781.390000
6781.390000
0.000000
0.000000
0.000000
0.000000
0.000000
0.000000
0.000000
0.000000
0.000000
0.000000
36.732281
0.000000
3536.149389
3469.870148
6781.390000
3499.757551
6781.390000
6781.390000
6781.390000
6781.390000
6781.390000
6781.390000
6781.390000
6781.390000
6781.390000
6781.390000
6781.390000
6781.390000
6781.390000
6781.390000
6781.390000
6781.390000
6781.390000
6781.390000
6781.390000
6781.390000
6781.390000
6781.390000
6781.390000
6781.390000
6781.390000
6781.390000
6781.390000
6781.390000
6781.390000
6781.390000
6781.390000
6781.390000
6781.390000
6781.390000
2187.428618
3613.184999
903.423811
2745.194520
5462.557471
6781.390000
6781.390000
6781.390000
6781.390000
6781.390000
6781.390000
6781.390000
6781.390000
6781.390000
6781.390000
6781.390000
6781.390000
6781.390000
6781.390000
6781.390000
6781.390000
6781.390000
6781.390000
6781.390000
6781.390000
6781.390000
6781.390000
6781.390000
6781.390000
6781.390000
6781.390000
6781.390000
6781.390000
6781.390000
6781.390000
6781.390000
6781.390000
6781.390000
6781.390000
6781.390000
6781.390000
6781.390000
6781.390000
6781.390000
6781.390000
6781.390000
5608.110824
6781.390000
4658.349428
6377.204512
3819.966239
0.000000
0.000000
0.000000
0.000000
0.000000
0.000000
0.000000
0.000000
0.000000
0.000000
6781.390000
6781.390000
6781.390000
6781.390000
6781.390000
6781.390000
6781.390000
6781.390000
6781.390000
6781.390000
6781.390000
6781.390000
6781.390000
6781.390000
6781.390000
6781.390000
6781.390000
6781.390000
6781.390000
6781.390000
6781.390000
6781.390000
6781.390000
6781.390000
6781.390000
6781.390000
6781.390000
6781.390000
6781.390000
6781.390000
6781.390000
6781.390000
6781.390000
6781.390000
6781.390000
6781.390000
6781.390000
3516.676376
0.000000
0.000000
0.000000
0.000000
0.000000
0.000000
0.000000
125.270228
592.799303
6781.390000
0.000000
3430.786772
6512.613293
6781.390000
6781.390000
6781.390000
6781.390000
6781.390000
6781.390000
6781.390000
6781.390000
6781.390000
6781.390000
6781.390000
6781.390000
6781.390000
6781.390000
6781.390000
6781.390000
6781.390000
6781.390000
6781.390000
6781.390000
6781.390000
6781.390000
6781.390000
6781.390000
6781.390000
6781.390000
6781.390000
6781.390000
6781.390000
6781.390000
6781.390000
6781.390000
2898.783398
4109.857851
2768.479979
0.000000
0.000000
0.000000
0.000000
0.000000
0.000000
0.000000
0.000000
0.000000
2702.771304
6781.390000
6781.390000
6781.390000
6781.390000
6781.390000
6781.390000
6781.390000
6781.390000
6781.390000
6781.390000
6781.390000
6781.390000
6781.390000
6781.390000
6781.390000
6781.390000
6781.390000
6781.390000
6781.390000
6781.390000
6781.390000
6781.390000
6781.390000
6781.390000
6781.390000
6781.390000
6781.390000
6781.390000
6781.390000
6781.390000
6781.390000
6781.390000
6781.390000
6781.390000
6781.390000
6781.390000
6781.390000
6781.390000
6781.390000
6781.390000
6781.390000
6781.390000
6781.390000
3705.121889
4645.563514
6781.390000
6781.390000
6781.390000
6781.390000
6781.390000
6781.390000
6781.390000
6781.390000
6781.390000
6781.390000
6781.390000
6781.390000
6781.390000
6781.390000
6781.390000
6781.390000
6781.390000
6781.390000
6781.390000
6781.390000
6781.390000
6781.390000
6781.390000
6781.390000
6781.390000
6781.390000
6781.390000
6781.390000
6781.390000
6781.390000
6781.390000
6781.390000
6781.390000
6781.390000
6781.390000
6781.390000
6781.390000
6781.390000
6781.390000
6781.390000
6781.390000
6781.390000
6781.390000
6781.390000
6781.390000
6781.390000
6781.390000
6781.390000
6781.390000
6781.390000
6781.390000
6781.390000
6781.390000
6781.390000
6781.390000
6781.390000
6781.390000
6781.390000
6781.390000
6781.390000
6781.390000
6781.390000
6781.390000
6781.390000
6781.390000
6781.390000
6781.390000
6781.390000
6781.390000
6781.390000
6781.390000
6781.390000
6781.390000
6781.390000
6781.390000
6781.390000
6781.390000
6781.390000
6781.390000
6781.390000
6781.390000
6781.390000
6781.390000
6781.390000
6781.390000
6781.390000
0.000000
0.000000
892.001681
2287.969324
4841.979032
4660.126543
3809.293348
5439.668796
2261.315278
1533.732814
2474.948218
1964.744761
5164.465734
6781.390000
6781.390000
6781.390000
6781.390000
6781.390000
6781.390000
6781.390000
6781.390000
6781.390000
6781.390000
6781.390000
6781.390000
6781.390000
6781.390000
6781.390000
6781.390000
6781.390000
6781.390000
6781.390000
6781.390000
6781.390000
6781.390000
6781.390000
6781.390000
6781.390000
6781.390000
6781.390000
6781.390000
6781.390000
6781.390000
6781.390000
6781.390000
6781.390000
6781.390000
6781.390000
6781.390000
6781.390000
6781.390000
6781.390000
5220.099614
6713.120828
2787.770828
4752.922077
4036.674904
3480.303277
3687.258240
3067.497423
4768.260527
1979.948371
6781.390000
6781.390000
6781.390000
6781.390000
6781.390000
6781.390000
6781.390000
6781.390000
6781.390000
6781.390000
6781.390000
6781.390000
6781.390000
6781.390000
6781.390000
6781.390000
6781.390000
6781.390000
6781.390000
6781.390000
6781.390000
6781.390000
6781.390000
6781.390000
6781.390000
6781.390000
6781.390000
6781.390000
6781.390000
6781.390000
6781.390000
6781.390000
6781.390000
6781.390000
6781.390000
6781.390000
6781.390000
6781.390000
6781.390000
6781.390000
6781.390000
6781.390000
6781.390000
6781.390000
6781.390000
6781.390000
6781.390000
6781.390000
6781.390000
6781.390000
6781.390000
6781.390000
6781.390000
6781.390000
6781.390000
6781.390000
6781.390000
6781.390000
6781.390000
6781.390000
6781.390000
6781.390000
6781.390000
6781.390000
6781.390000
6781.390000
6781.390000
6781.390000
6781.390000
6781.390000
6781.390000
6781.390000
6781.390000
6781.390000
6781.390000
6781.390000
6781.390000
6781.390000
6781.390000
6781.390000
6781.390000
6781.390000
6781.390000
6781.390000
6781.390000
6781.390000
0.000000
0.000000
821.366509
1474.081730
0.000000
0.000000
5110.999562
5301.347087
3606.922706
6781.390000
6781.390000
6781.390000
6781.390000
6781.390000
6781.390000
6781.390000
6781.390000
6781.390000
6781.390000
6781.390000
6781.390000
6781.390000
6781.390000
6781.390000
6781.390000
6781.390000
6781.390000
6781.390000
6781.390000
6781.390000
6781.390000
6781.390000
6781.390000
6781.390000
6781.390000
6781.390000
6781.390000
6781.390000
6781.390000
6781.390000
6781.390000
6781.390000
6781.390000
6781.390000
3838.521774
4919.394055
3549.237586
0.000000
0.000000
0.000000
0.000000
0.000000
0.000000
0.000000
0.000000
0.000000
0.000000
0.000000
3740.092422
6781.390000
6781.390000
6781.390000
6781.390000
6781.390000
6781.390000
6781.390000
6781.390000
6781.390000
6781.390000
6781.390000
6781.390000
6781.390000
6781.390000
6781.390000
6781.390000
6781.390000
6781.390000
6781.390000
6781.390000
6781.390000
6781.390000
6781.390000
6781.390000
6781.390000
6781.390000
6781.390000
6781.390000
6781.390000
6781.390000
6781.390000
6781.390000
6781.390000
6781.390000
6781.390000
1895.085241
0.000000
0.000000
0.000000
0.000000
0.000000
0.000000
0.000000
0.000000
0.000000
0.000000
0.000000
2519.480175
5564.568697
6781.390000
6781.390000
6781.390000
6781.390000
6781.390000
6781.390000
6781.390000
6781.390000
6781.390000
6781.390000
6781.390000
6781.390000
6781.390000
6781.390000
6781.390000
6781.390000
6781.390000
6781.390000
6781.390000
6781.390000
6781.390000
6781.390000
6781.390000
6781.390000
6781.390000
6781.390000
6781.390000
6781.390000
6781.390000
6781.390000
1890.668225
3869.371618
1287.194504
2835.861044
0.000000
0.000000
0.000000
0.000000
0.000000
0.000000
0.000000
0.000000
0.000000
0.000000
0.000000
0.000000
0.000000
0.000000
6781.390000
6781.390000
6781.390000
6781.390000
6781.390000
6781.390000
6781.390000
6781.390000
6781.390000
6781.390000
6781.390000
6781.390000
6781.390000
6781.390000
6781.390000
6781.390000
6781.390000
6781.390000
6781.390000
6781.390000
6781.390000
6781.390000
6781.390000
6781.390000
6781.390000
6781.390000
6781.390000
6781.390000
2236.959696
2758.295646
0.000000
0.000000
0.000000
0.000000
0.000000
0.000000
0.000000
869.009134
5611.041981
6781.390000
6781.390000
6781.390000
6781.390000
6781.390000
6781.390000
0.000000
0.000000
5.245041
6781.390000
6781.390000
6781.390000
6781.390000
6781.390000
6781.390000
6781.390000
6781.390000
6781.390000
6781.390000
6781.390000
6781.390000
6781.390000
6781.390000
6781.390000
6781.390000
6781.390000
6781.390000
6781.390000
6781.390000
6781.390000
6781.390000
6781.390000
6781.390000
6781.390000
6781.390000
6781.390000
6781.390000
6781.390000
6781.390000
0.000000
67.802753
0.000000
0.000000
0.000000
0.000000
3323.836848
4928.846791
3440.797628
5411.865174
1607.377586
1062.429630
805.829106
550.603511
6781.390000
6781.390000
6781.390000
6781.390000
6781.390000
6781.390000
6781.390000
6781.390000
6781.390000
6781.390000
6781.390000
6781.390000
6781.390000
6781.390000
6781.390000
6781.390000
6781.390000
6781.390000
6781.390000
6781.390000
6781.390000
6781.390000
6781.390000
6781.390000
6781.390000
6781.390000
6781.390000
6781.390000
6781.390000
6781.390000
6781.390000
6781.390000
6781.390000
6781.390000
6781.390000
6781.390000
4344.571128
542.092353
0.000000
0.000000
0.000000
0.000000
0.000000
0.000000
0.000000
0.000000
0.000000
0.000000
440.978030
6781.390000
6781.390000
6781.390000
6781.390000
6781.390000
6781.390000
6781.390000
6781.390000
6781.390000
6781.390000
6781.390000
6781.390000
6781.390000
6781.390000
6781.390000
6781.390000
6781.390000
6781.390000
6781.390000
6781.390000
6781.390000
6781.390000
6781.390000
6781.390000
6781.390000
6781.390000
6781.390000
6781.390000
6781.390000
6781.390000
6781.390000
6781.390000
6781.390000
6781.390000
6781.390000
5906.454553
6781.390000
0.000000
0.000000
0.000000
0.000000
0.000000
0.000000
0.000000
0.000000
0.000000
0.000000
0.000000
0.000000
0.000000
1146.580408
6781.390000
6781.390000
6781.390000
6781.390000
6781.390000
6781.390000
6781.390000
6781.390000
6781.390000
6781.390000
6781.390000
6781.390000
6781.390000
6781.390000
6781.390000
6781.390000
6781.390000
6781.390000
6781.390000
6781.390000
6781.390000
6781.390000
6781.390000
6781.390000
6781.390000
6781.390000
6781.390000
6781.390000
6781.390000
6781.390000
0.000000
858.100277
0.000000
0.000000
0.000000
0.000000
0.000000
0.000000
0.000000
0.000000
0.000000
0.000000
0.000000
0.000000
38.529975
6781.390000
4266.237227
6781.390000
6781.390000
6781.390000
6781.390000
6781.390000
6781.390000
6781.390000
6781.390000
6781.390000
6781.390000
6781.390000
6781.390000
6781.390000
6781.390000
6781.390000
6781.390000
6781.390000
6781.390000
6781.390000
6781.390000
6781.390000
6781.390000
6781.390000
6781.390000
6781.390000
6781.390000
6781.390000
6781.390000
6781.390000
6781.390000
6781.390000
0.000000
0.000000
0.000000
0.000000
0.000000
0.000000
0.000000
0.000000
0.000000
0.000000
0.000000
0.000000
0.000000
0.000000
0.000000
0.000000
0.000000
0.000000
6781.390000
6781.390000
6781.390000
6781.390000
6781.390000
6781.390000
6781.390000
6781.390000
6781.390000
6781.390000
6781.390000
6781.390000
6781.390000
6781.390000
6781.390000
6781.390000
6781.390000
6781.390000
6781.390000
6781.390000
6781.390000
6781.390000
6781.390000
6781.390000
6781.390000
6781.390000
6781.390000
6781.390000
6781.390000
6781.390000
3059.488176
4417.781058
6781.390000
6781.390000
2060.947638
0.000000
0.000000
0.000000
0.000000
0.000000
6781.390000
6781.390000
4107.556026
4880.167884
6781.390000
0.000000
0.000000
599.115288
6781.390000
6781.390000
6781.390000
6781.390000
6781.390000
6781.390000
6781.390000
6781.390000
6781.390000
6781.390000
6781.390000
6781.390000
6781.390000
6781.390000
6781.390000
6781.390000
6781.390000
6781.390000
6781.390000
6781.390000
6781.390000
6781.390000
6781.390000
6781.390000
6781.390000
6781.390000
6781.390000
6781.390000
6781.390000
6781.390000
0.000000
0.000000
0.000000
0.000000
0.000000
0.000000
0.000000
0.000000
0.000000
0.000000
0.000000
0.000000
0.000000
0.000000
0.000000
6375.993873
6781.390000
6781.390000
6781.390000
6781.390000
6781.390000
6781.390000
6781.390000
6781.390000
6781.390000
6781.390000
6781.390000
6781.390000
6781.390000
6781.390000
6781.390000
6781.390000
6781.390000
6781.390000
6781.390000
6781.390000
6781.390000
6781.390000
6781.390000
6781.390000
6781.390000
6781.390000
6781.390000
6781.390000
6781.390000
6781.390000
6781.390000
6781.390000
805.417939
1486.979077
0.000000
0.000000
0.000000
0.000000
0.000000
0.000000
0.000000
0.000000
0.000000
0.000000
0.000000
0.000000
0.000000
0.000000
0.000000
0.000000
6781.390000
6781.390000
6781.390000
6781.390000
6781.390000
6781.390000
6781.390000
6781.390000
6781.390000
6781.390000
6781.390000
6781.390000
6781.390000
6781.390000
6781.390000
6781.390000
6781.390000
6781.390000
6781.390000
6781.390000
6781.390000
6781.390000
6781.390000
6781.390000
6781.390000
6781.390000
6781.390000
6781.390000
6781.390000
6781.390000
0.000000
0.000000
0.000000
0.000000
0.000000
0.000000
0.000000
0.000000
0.000000
0.000000
0.000000
0.000000
0.000000
0.000000
0.000000
6781.390000
6781.390000
6781.390000
6781.390000
6781.390000
6781.390000
6781.390000
6781.390000
6781.390000
6781.390000
6781.390000
6781.390000
6781.390000
6781.390000
6781.390000
6781.390000
6781.390000
6781.390000
6781.390000
6781.390000
6781.390000
6781.390000
6781.390000
6781.390000
6781.390000
6781.390000
6781.390000
6781.390000
6781.390000
6781.390000
6781.390000
5385.169689
6781.390000
0.000000
0.000000
0.000000
0.000000
0.000000
0.000000
0.000000
0.000000
0.000000
0.000000
0.000000
0.000000
0.000000
0.000000
1211.164750
6781.390000
6781.390000
6781.390000
6781.390000
6781.390000
6781.390000
6781.390000
6781.390000
6781.390000
6781.390000
6781.390000
6781.390000
6781.390000
6781.390000
6781.390000
6781.390000
6781.390000
6781.390000
6781.390000
6781.390000
6781.390000
6781.390000
6781.390000
6781.390000
6781.390000
6781.390000
6781.390000
6781.390000
6781.390000
6781.390000
6781.390000
6781.390000
6781.390000
6781.390000
6781.390000
6781.390000
6781.390000
4603.176180
0.000000
0.000000
0.000000
0.000000
0.000000
0.000000
0.000000
0.000000
0.000000
0.000000
0.000000
0.000000
0.000000
6781.390000
6781.390000
6781.390000
6781.390000
6781.390000
6781.390000
6781.390000
6781.390000
6781.390000
6781.390000
6781.390000
6781.390000
6781.390000
6781.390000
6781.390000
6781.390000
6781.390000
6781.390000
6781.390000
6781.390000
6781.390000
6781.390000
6781.390000
6781.390000
6781.390000
6781.390000
6781.390000
6781.390000
6781.390000
6781.390000
0.000000
0.000000
0.000000
0.000000
0.000000
0.000000
0.000000
0.000000
0.000000
0.000000
0.000000
540.408797
0.000000
0.000000
6659.882942
0.000000
0.000000
0.000000
6781.390000
6781.390000
6781.390000
6781.390000
6781.390000
6781.390000
6781.390000
6781.390000
6781.390000
6781.390000
6781.390000
6781.390000
6781.390000
6781.390000
6781.390000
6781.390000
6781.390000
6781.390000
6781.390000
6781.390000
6781.390000
6781.390000
6781.390000
6781.390000
6781.390000
6781.390000
6781.390000
6781.390000
3319.923466
5963.612077
0.000000
0.000000
5066.235381
6640.741196
6781.390000
2844.340127
2590.559093
1268.904388
4105.294016
4551.523990
3851.579546
4883.642995
6702.158218
6781.390000
6781.390000
5962.186971
6781.390000
6781.390000
6781.390000
6781.390000
6781.390000
6781.390000
6781.390000
6781.390000
6781.390000
6781.390000
6781.390000
6781.390000
6781.390000
6781.390000
6781.390000
6781.390000
6781.390000
6781.390000
6781.390000
6781.390000
6781.390000
6781.390000
6781.390000
6781.390000
6781.390000
6781.390000
6781.390000
6781.390000
6781.390000
6781.390000
6781.390000
6781.390000
0.000000
0.000000
0.000000
0.000000
0.000000
0.000000
0.000000
0.000000
0.000000
0.000000
0.000000
0.000000
0.000000
0.000000
0.000000
6781.390000
6781.390000
6781.390000
6781.390000
6781.390000
6781.390000
6781.390000
6781.390000
6781.390000
6781.390000
6781.390000
6781.390000
6781.390000
6781.390000
6781.390000
6781.390000
6781.390000
6781.390000
6781.390000
6781.390000
6781.390000
6781.390000
6781.390000
6781.390000
6781.390000
6781.390000
6781.390000
6781.390000
6781.390000
6781.390000
6781.390000
6781.390000
6781.390000
0.000000
0.000000
0.000000
0.000000
0.000000
0.000000
0.000000
0.000000
0.000000
0.000000
1782.451338
1365.419929
0.000000
0.000000
0.000000
0.000000
2964.851584
3313.186506
6781.390000
6781.390000
6781.390000
6781.390000
6781.390000
6781.390000
6781.390000
6781.390000
6781.390000
6781.390000
6781.390000
6781.390000
6781.390000
6781.390000
6781.390000
6781.390000
6781.390000
6781.390000
6781.390000
6781.390000
6781.390000
6781.390000
6781.390000
6781.390000
6781.390000
6781.390000
6781.390000
6781.390000
6781.390000
6781.390000
0.000000
0.000000
880.669638
1965.280511
6387.356083
6100.792484
4548.890834
5235.877648
6781.390000
6781.390000
6781.390000
6781.390000
6781.390000
6781.390000
6781.390000
6781.390000
6781.390000
6781.390000
6781.390000
6781.390000
6781.390000
6781.390000
6781.390000
6781.390000
6781.390000
6781.390000
6781.390000
6781.390000
6781.390000
6781.390000
6781.390000
6781.390000
6781.390000
6781.390000
6781.390000
6781.390000
6781.390000
6781.390000
6781.390000
6781.390000
6781.390000
6781.390000
6781.390000
6781.390000
6781.390000
6781.390000
6781.390000
6781.390000
0.000000
0.000000
0.000000
0.000000
0.000000
0.000000
0.000000
0.000000
0.000000
0.000000
0.000000
0.000000
0.000000
0.000000
0.000000
6781.390000
6781.390000
6781.390000
6781.390000
6781.390000
6781.390000
6781.390000
6781.390000
6781.390000
6781.390000
6781.390000
6781.390000
6781.390000
6781.390000
6781.390000
6781.390000
6781.390000
6781.390000
6781.390000
6781.390000
6781.390000
6781.390000
6781.390000
6781.390000
6781.390000
6781.390000
6781.390000
6781.390000
6781.390000
6781.390000
6781.390000
0.000000
0.000000
0.000000
0.000000
0.000000
0.000000
0.000000
0.000000
0.000000
0.000000
0.000000
0.000000
0.000000
0.000000
0.000000
0.000000
1159.519600
6781.390000
6781.390000
6781.390000
6781.390000
6781.390000
6781.390000
6781.390000
6781.390000
6781.390000
6781.390000
6781.390000
6781.390000
6781.390000
6781.390000
6781.390000
6781.390000
6781.390000
6781.390000
6781.390000
6781.390000
6781.390000
6781.390000
6781.390000
6781.390000
6781.390000
6781.390000
6781.390000
6781.390000
6781.390000
6781.390000
6781.390000
5710.293723
6781.390000
0.000000
0.000000
0.000000
0.000000
0.000000
0.000000
0.000000
0.000000
0.000000
0.000000
0.000000
0.000000
0.000000
0.000000
1390.992914
6567.047858
6781.390000
6781.390000
6781.390000
6781.390000
6781.390000
6781.390000
6781.390000
6781.390000
6781.390000
6781.390000
6781.390000
6781.390000
6781.390000
6781.390000
6781.390000
6781.390000
6781.390000
6781.390000
6781.390000
6781.390000
6781.390000
6781.390000
6781.390000
6781.390000
6781.390000
6781.390000
6781.390000
6781.390000
6781.390000
6781.390000
6781.390000
6781.390000
3411.273646
4856.816457
5571.947060
2136.134460
6781.390000
6781.390000
0.000000
0.000000
0.000000
0.000000
0.000000
0.000000
0.000000
0.000000
2890.535305
0.000000
3987.557920
6121.042625
6781.390000
6781.390000
6781.390000
6781.390000
6781.390000
6781.390000
6781.390000
6781.390000
6781.390000
6781.390000
6781.390000
6781.390000
6781.390000
6781.390000
6781.390000
6781.390000
6781.390000
6781.390000
6781.390000
6781.390000
6781.390000
6781.390000
6781.390000
6781.390000
6781.390000
6781.390000
6781.390000
6781.390000
6781.390000
6781.390000
6781.390000
6781.390000
5213.216907
6296.222746
6781.390000
6781.390000
6781.390000
6781.390000
6781.390000
6781.390000
6781.390000
6781.390000
6781.390000
6781.390000
6781.390000
6781.390000
6781.390000
6781.390000
6781.390000
6781.390000
6781.390000
6781.390000
6781.390000
6781.390000
6781.390000
6781.390000
6781.390000
6781.390000
6781.390000
6781.390000
6781.390000
6781.390000
6781.390000
6781.390000
6781.390000
6781.390000
6781.390000
6781.390000
6781.390000
6781.390000
6781.390000
6781.390000
6781.390000
6781.390000
6781.390000
6781.390000
6781.390000
6781.390000
6781.390000
6781.390000
6781.390000
6781.390000
6781.390000
6781.390000
5736.025582
6781.390000
510.529772
431.880867
6781.390000
6781.390000
6781.390000
6781.390000
6781.390000
6781.390000
6781.390000
6781.390000
6781.390000
6781.390000
6781.390000
6781.390000
6781.390000
6781.390000
6781.390000
6781.390000
6781.390000
6781.390000
6781.390000
6781.390000
6781.390000
6781.390000
6781.390000
6781.390000
6781.390000
6781.390000
6781.390000
6781.390000
6781.390000
6781.390000
6781.390000
6781.390000
6781.390000
6781.390000
6781.390000
6781.390000
6781.390000
6781.390000
0.000000
0.000000
0.000000
0.000000
0.000000
0.000000
0.000000
0.000000
0.000000
0.000000
0.000000
0.000000
0.000000
0.000000
0.000000
0.000000
0.000000
0.000000
6781.390000
6781.390000
6781.390000
6781.390000
6781.390000
6781.390000
6781.390000
6781.390000
6781.390000
6781.390000
6781.390000
6781.390000
6781.390000
6781.390000
6781.390000
6781.390000
6781.390000
6781.390000
6781.390000
6781.390000
6781.390000
6781.390000
6781.390000
6781.390000
6781.390000
6781.390000
6781.390000
6781.390000
0.000000
243.409836
0.000000
0.000000
0.000000
0.000000
0.000000
0.000000
0.000000
0.000000
0.000000
0.000000
0.000000
0.000000
0.000000
0.000000
106.027711
0.000000
0.000000
0.000000
6781.390000
6781.390000
6781.390000
6781.390000
6781.390000
6781.390000
6781.390000
6781.390000
6781.390000
6781.390000
6781.390000
6781.390000
6781.390000
6781.390000
6781.390000
6781.390000
6781.390000
6781.390000
6781.390000
6781.390000
6781.390000
6781.390000
6781.390000
6781.390000
6781.390000
6781.390000
6781.390000
6781.390000
0.000000
0.000000
0.000000
0.000000
0.000000
0.000000
0.000000
0.000000
0.000000
0.000000
0.000000
0.000000
0.000000
0.000000
0.000000
0.000000
0.000000
4127.334987
6781.390000
6781.390000
6781.390000
6781.390000
6781.390000
6781.390000
6781.390000
6781.390000
6781.390000
6781.390000
6781.390000
6781.390000
6781.390000
6781.390000
6781.390000
6781.390000
6781.390000
6781.390000
6781.390000
6781.390000
6781.390000
6781.390000
6781.390000
6781.390000
6781.390000
6781.390000
6781.390000
6781.390000
6781.390000
6781.390000
0.000000
0.000000
0.000000
0.000000
0.000000
0.000000
0.000000
0.000000
0.000000
0.000000
0.000000
0.000000
0.000000
0.000000
1318.724488
3243.167319
0.000000
0.000000
6781.390000
6781.390000
6781.390000
6781.390000
6781.390000
6781.390000
6781.390000
6781.390000
6781.390000
6781.390000
6781.390000
6781.390000
6781.390000
6781.390000
6781.390000
6781.390000
6781.390000
6781.390000
6781.390000
6781.390000
6781.390000
6781.390000
6781.390000
6781.390000
6781.390000
6781.390000
6781.390000
6781.390000
6781.390000
6781.390000
6781.390000
6781.390000
6781.390000
6781.390000
6781.390000
6781.390000
6781.390000
6781.390000
6781.390000
6781.390000
6781.390000
6781.390000
6781.390000
6781.390000
6781.390000
6781.390000
6781.390000
6781.390000
6781.390000
6781.390000
6781.390000
6781.390000
6781.390000
6781.390000
6781.390000
6781.390000
6781.390000
6781.390000
6781.390000
6781.390000
6781.390000
6781.390000
6781.390000
6781.390000
6781.390000
6781.390000
6781.390000
6781.390000
6781.390000
6781.390000
6781.390000
6781.390000
6781.390000
6781.390000
6781.390000
6781.390000
6781.390000
6781.390000
0.000000
0.000000
0.000000
0.000000
0.000000
0.000000
0.000000
0.000000
3542.681837
5267.309071
5792.070063
5756.012825
6781.390000
6425.231900
6781.390000
6781.390000
6781.390000
6781.390000
6781.390000
6781.390000
6781.390000
6781.390000
6781.390000
6781.390000
6781.390000
6781.390000
6781.390000
6781.390000
6781.390000
6781.390000
6781.390000
6781.390000
6781.390000
6781.390000
6781.390000
6781.390000
6781.390000
6781.390000
6781.390000
6781.390000
6781.390000
6781.390000
6781.390000
6781.390000
6781.390000
6781.390000
6781.390000
6781.390000
0.000000
0.000000
0.000000
0.000000
0.000000
0.000000
0.000000
0.000000
0.000000
0.000000
0.000000
0.000000
2982.012588
2630.406762
4377.584446
5519.219091
6575.222585
6781.390000
6781.390000
6781.390000
6781.390000
6781.390000
6781.390000
6781.390000
6781.390000
6781.390000
6781.390000
6781.390000
6781.390000
6781.390000
6781.390000
6781.390000
6781.390000
6781.390000
6781.390000
6781.390000
6781.390000
6781.390000
6781.390000
6781.390000
6781.390000
6781.390000
6781.390000
6781.390000
6781.390000
6781.390000
6781.390000
6781.390000
0.000000
0.000000
0.000000
0.000000
0.000000
0.000000
0.000000
0.000000
0.000000
0.000000
0.000000
0.000000
0.000000
261.492358
3597.775842
5819.297133
6781.390000
6781.390000
6781.390000
6781.390000
6781.390000
6781.390000
6781.390000
6781.390000
6781.390000
6781.390000
6781.390000
6781.390000
6781.390000
6781.390000
6781.390000
6781.390000
6781.390000
6781.390000
6781.390000
6781.390000
6781.390000
6781.390000
6781.390000
6781.390000
6781.390000
6781.390000
6781.390000
6781.390000
6781.390000
6781.390000
6781.390000
6781.390000
4744.972694
6781.390000
1390.389232
3705.069621
2982.392194
887.424984
0.000000
0.000000
0.000000
0.000000
2869.617031
3685.705529
2913.793740
3910.220636
6781.390000
6781.390000
6781.390000
6781.390000
6781.390000
6781.390000
6781.390000
6781.390000
6781.390000
6781.390000
6781.390000
6781.390000
6781.390000
6781.390000
6781.390000
6781.390000
6781.390000
6781.390000
6781.390000
6781.390000
6781.390000
6781.390000
6781.390000
6781.390000
6781.390000
6781.390000
6781.390000
6781.390000
6781.390000
6781.390000
6781.390000
6781.390000
6781.390000
6781.390000
0.000000
0.000000
0.000000
116.932654
0.000000
0.000000
0.000000
0.000000
0.000000
0.000000
0.000000
0.000000
6781.390000
6781.390000
6781.390000
6781.390000
6781.390000
6781.390000
6781.390000
6781.390000
6781.390000
6781.390000
6781.390000
6781.390000
6781.390000
6781.390000
6781.390000
6781.390000
6781.390000
6781.390000
6781.390000
6781.390000
6781.390000
6781.390000
6781.390000
6781.390000
6781.390000
6781.390000
6781.390000
6781.390000
6781.390000
6781.390000
6781.390000
6781.390000
6781.390000
6781.390000
6781.390000
6781.390000
6781.390000
6781.390000
6781.390000
6781.390000
0.000000
0.000000
6781.390000
6633.728838
1125.666410
1068.029203
44.196951
997.120738
3285.520966
3980.019886
4600.192325
6756.238552
6781.390000
6781.390000
6781.390000
6781.390000
6781.390000
6781.390000
6781.390000
6781.390000
6781.390000
6781.390000
6781.390000
6781.390000
6781.390000
6781.390000
6781.390000
6781.390000
6781.390000
6781.390000
6781.390000
6781.390000
6781.390000
6781.390000
6781.390000
6781.390000
6781.390000
6781.390000
6781.390000
6781.390000
6781.390000
6781.390000
6781.390000
6781.390000
2147.082146
5421.174591
0.000000
0.000000
0.000000
0.000000
6781.390000
4691.863461
1756.756929
1691.330465
3992.979693
4771.615631
2405.733549
2837.902998
2214.120682
4091.038445
6781.390000
6084.293091
6781.390000
6781.390000
6781.390000
6781.390000
6781.390000
6781.390000
6781.390000
6781.390000
6781.390000
6781.390000
6781.390000
6781.390000
6781.390000
6781.390000
6781.390000
6781.390000
6781.390000
6781.390000
6781.390000
6781.390000
6781.390000
6781.390000
6781.390000
6781.390000
6781.390000
6781.390000
6781.390000
6781.390000
6781.390000
6781.390000
0.000000
0.000000
0.000000
0.000000
0.000000
0.000000
2042.965447
3888.585580
5290.722179
6781.390000
6781.390000
6781.390000
5653.043353
5093.976516
5443.726025
6281.623310
6781.390000
1897.585588
6029.822280
6781.390000
6781.390000
6781.390000
6781.390000
6781.390000
6781.390000
6781.390000
6781.390000
6781.390000
6781.390000
6781.390000
6781.390000
6781.390000
6781.390000
6781.390000
6781.390000
6781.390000
6781.390000
6781.390000
6781.390000
6781.390000
6781.390000
6781.390000
6781.390000
6781.390000
6781.390000
6781.390000
6781.390000
6781.390000
6781.390000
6781.390000
6781.390000
6781.390000
6781.390000
6781.390000
6781.390000
6781.390000
6781.390000
6781.390000
6781.390000
6781.390000
6781.390000
6781.390000
6781.390000
6781.390000
6781.390000
6781.390000
6781.390000
6781.390000
6781.390000
6781.390000
6781.390000
6781.390000
6781.390000
6781.390000
6781.390000
6781.390000
6781.390000
6781.390000
6781.390000
6781.390000
6781.390000
6781.390000
6781.390000
6781.390000
6781.390000
6781.390000
6781.390000
6781.390000
6781.390000
6781.390000
6781.390000
6781.390000
6781.390000
6781.390000
6781.390000
6781.390000
6781.390000
6781.390000
6781.390000
6781.390000
6781.390000
6781.390000
6781.390000
6781.390000
6781.390000
6781.390000
6781.390000
6781.390000
6781.390000
6781.390000
6781.390000
6781.390000
6781.390000
6781.390000
6781.390000
6781.390000
6781.390000
6781.390000
6781.390000
6781.390000
6781.390000
6781.390000
6781.390000
6781.390000
6781.390000
6781.390000
6781.390000
6781.390000
6781.390000
6781.390000
6781.390000
6781.390000
6781.390000
6781.390000
6781.390000
6781.390000
6781.390000
6781.390000
6781.390000
6781.390000
6781.390000
6781.390000
6781.390000
6781.390000
6781.390000
6781.390000
6781.390000
6781.390000
6781.390000
6781.390000
6781.390000
6781.390000
6781.390000
6781.390000
6781.390000
6781.390000
6781.390000
6781.390000
6781.390000
6781.390000
6781.390000
6781.390000
6781.390000
6781.390000
6781.390000
6781.390000
6781.390000
6781.390000
6781.390000
6781.390000
6781.390000
6781.390000
6781.390000
6781.390000
6781.390000
6781.390000
6781.390000
6781.390000
6781.390000
6781.390000
6781.390000
6781.390000
6781.390000
6781.390000
6781.390000
6781.390000
6781.390000
6781.390000
6781.390000
6781.390000
6781.390000
6781.390000
6781.390000
6781.390000
6781.390000
6781.390000
6781.390000
6781.390000
6781.390000
6781.390000
6781.390000
6781.390000
6781.390000
6781.390000
6781.390000
6781.390000
6781.390000
6781.390000
6781.390000
6781.390000
6781.390000
6781.390000
6781.390000
6781.390000
6781.390000
6781.390000
6781.390000
6781.390000
6781.390000
6781.390000
6781.390000
6781.390000
6781.390000
6781.390000
6781.390000
6781.390000
6781.390000
6781.390000
6781.390000
6781.390000
6781.390000
6781.390000
6781.390000
6781.390000
6781.390000
6781.390000
6781.390000
6781.390000
6781.390000
6781.390000
6407.735458
6781.390000
2493.609215
4380.638063
6756.052907
4361.944574
6781.390000
6781.390000
6781.390000
6781.390000
6488.588815
6781.390000
6781.390000
6781.390000
6781.390000
6781.390000
6781.390000
6781.390000
6781.390000
6781.390000
6781.390000
6781.390000
6781.390000
6781.390000
6781.390000
6781.390000
6781.390000
6781.390000
6781.390000
6781.390000
6781.390000
6781.390000
6781.390000
6781.390000
6781.390000
6781.390000
6781.390000
6781.390000
6781.390000
6781.390000
6781.390000
6781.390000
6781.390000
6781.390000
6781.390000
6781.390000
6781.390000
6781.390000
6781.390000
6781.390000
0.000000
0.000000
0.000000
0.000000
0.000000
0.000000
1322.582125
1254.549763
6781.390000
6781.390000
6781.390000
6781.390000
6781.390000
6781.390000
6781.390000
6781.390000
6781.390000
6781.390000
6781.390000
6781.390000
6781.390000
6781.390000
6781.390000
6781.390000
6781.390000
6781.390000
6781.390000
6781.390000
6781.390000
6781.390000
6781.390000
6781.390000
6781.390000
6781.390000
6781.390000
6781.390000
6781.390000
6781.390000
6781.390000
6781.390000
6781.390000
6781.390000
6781.390000
6781.390000
6781.390000
6781.390000
0.000000
0.000000
0.000000
0.000000
0.000000
0.000000
0.000000
0.000000
0.000000
0.000000
0.000000
0.000000
0.000000
0.000000
3774.720910
4732.245817
4733.745902
6781.390000
6781.390000
6781.390000
6781.390000
6781.390000
6781.390000
6781.390000
6781.390000
6781.390000
6781.390000
6781.390000
6781.390000
6781.390000
6781.390000
6781.390000
6781.390000
6781.390000
6781.390000
6781.390000
6781.390000
6781.390000
6781.390000
6781.390000
6781.390000
6781.390000
6781.390000
6781.390000
6781.390000
6781.390000
6781.390000
6781.390000
0.000000
0.000000
0.000000
0.000000
0.000000
0.000000
0.000000
0.000000
0.000000
0.000000
0.000000
0.000000
6781.390000
6781.390000
6781.390000
6781.390000
6781.390000
6781.390000
1422.101392
5259.450942
6781.390000
6781.390000
6781.390000
6781.390000
6781.390000
6781.390000
6781.390000
6781.390000
6781.390000
6781.390000
6781.390000
6781.390000
6781.390000
6781.390000
6781.390000
6781.390000
6781.390000
6781.390000
6781.390000
6781.390000
6781.390000
6781.390000
6781.390000
6781.390000
6781.390000
6781.390000
6781.390000
6781.390000
4704.969225
6781.390000
274.173268
2184.333566
2496.910454
152.950891
0.000000
0.000000
0.000000
0.000000
0.000000
0.000000
0.000000
0.000000
0.000000
0.000000
2789.257256
4202.864888
6781.390000
6781.390000
6781.390000
6781.390000
6781.390000
6781.390000
6781.390000
6781.390000
6781.390000
6781.390000
6781.390000
6781.390000
6781.390000
6781.390000
6781.390000
6781.390000
6781.390000
6781.390000
6781.390000
6781.390000
6781.390000
6781.390000
6781.390000
6781.390000
6781.390000
6781.390000
6781.390000
6781.390000
6781.390000
6781.390000
4574.846900
6781.390000
0.000000
0.000000
0.000000
0.000000
0.000000
0.000000
0.000000
0.000000
0.000000
0.000000
6781.390000
6781.390000
6781.390000
6781.390000
6781.390000
6781.390000
6781.390000
6781.390000
6781.390000
6781.390000
6781.390000
6781.390000
6781.390000
6781.390000
6781.390000
6781.390000
6781.390000
6781.390000
6781.390000
6781.390000
6781.390000
6781.390000
6781.390000
6781.390000
6781.390000
6781.390000
6781.390000
6781.390000
6781.390000
6781.390000
6781.390000
6781.390000
6781.390000
6781.390000
6781.390000
6781.390000
0.000000
2899.471296
0.000000
0.000000
0.000000
0.000000
0.000000
0.000000
0.000000
0.000000
0.000000
6.514391
6394.851401
6781.390000
6781.390000
6781.390000
6781.390000
6781.390000
6781.390000
6781.390000
6781.390000
6781.390000
6781.390000
6781.390000
6781.390000
6781.390000
6781.390000
6781.390000
6781.390000
6781.390000
6781.390000
6781.390000
6781.390000
6781.390000
6781.390000
6781.390000
6781.390000
6781.390000
6781.390000
6781.390000
6781.390000
6781.390000
6781.390000
6781.390000
6781.390000
6781.390000
6781.390000
6781.390000
3553.373399
6497.082449
1480.434221
3548.678251
6781.390000
6781.390000
6781.390000
5576.899933
3814.381125
4145.413187
5988.772348
6735.244481
6781.390000
6781.390000
6781.390000
6781.390000
6781.390000
6781.390000
6781.390000
6781.390000
6781.390000
6781.390000
6781.390000
6781.390000
6781.390000
6781.390000
6781.390000
6781.390000
6781.390000
6781.390000
6781.390000
6781.390000
6781.390000
6781.390000
6781.390000
6781.390000
6781.390000
6781.390000
6781.390000
6781.390000
6781.390000
6781.390000
6781.390000
6781.390000
6781.390000
6781.390000
6781.390000
6781.390000
6781.390000
6781.390000
6781.390000
6781.390000
6781.390000
6781.390000
6781.390000
6781.390000
5813.574664
6269.181747
6113.291641
6781.390000
6781.390000
6781.390000
6781.390000
6781.390000
6781.390000
6781.390000
6781.390000
6781.390000
6781.390000
6781.390000
6781.390000
6781.390000
6781.390000
6781.390000
6781.390000
6781.390000
6781.390000
6781.390000
6781.390000
6781.390000
6781.390000
6781.390000
6781.390000
6781.390000
6781.390000
6781.390000
6781.390000
6781.390000
6781.390000
6781.390000
6781.390000
6781.390000
6781.390000
6781.390000
6781.390000
6781.390000
6781.390000
6781.390000
5823.172249
6781.390000
6260.950664
6781.390000
0.000000
1697.960214
1630.929870
3706.268982
0.000000
0.000000
3230.360968
2796.989261
6781.390000
6781.390000
6771.320382
5068.333266
6781.390000
6781.390000
6781.390000
6781.390000
6781.390000
6781.390000
6781.390000
6781.390000
6781.390000
6781.390000
6781.390000
6781.390000
6781.390000
6781.390000
6781.390000
6781.390000
6781.390000
6781.390000
6781.390000
6781.390000
6781.390000
6781.390000
6781.390000
6781.390000
6781.390000
6781.390000
6781.390000
6781.390000
6781.390000
6781.390000
6781.390000
6781.390000
6781.390000
6781.390000
6781.390000
6781.390000
6781.390000
6781.390000
6781.390000
6781.390000
6781.390000
6781.390000
6781.390000
6781.390000
6781.390000
6781.390000
6781.390000
6781.390000
6781.390000
6781.390000
6781.390000
6781.390000
6781.390000
6781.390000
6781.390000
6781.390000
6781.390000
6781.390000
6781.390000
6781.390000
6781.390000
6781.390000
6781.390000
6781.390000
6781.390000
6781.390000
6781.390000
6781.390000
6781.390000
6781.390000
6781.390000
6781.390000
6781.390000
6781.390000
6781.390000
6781.390000
6781.390000
6781.390000
6781.390000
6781.390000
3921.355481
6222.252983
1439.918845
0.000000
0.000000
0.000000
2876.563808
3185.932663
0.000000
0.000000
652.322028
1206.707789
6781.390000
6781.390000
6781.390000
6781.390000
6781.390000
6781.390000
6781.390000
6781.390000
6781.390000
6781.390000
6781.390000
6781.390000
6781.390000
6781.390000
6781.390000
6781.390000
6781.390000
6781.390000
6781.390000
6781.390000
6781.390000
6781.390000
6781.390000
6781.390000
6781.390000
6781.390000
6781.390000
6781.390000
6781.390000
6781.390000
6781.390000
6781.390000
6781.390000
6781.390000
6781.390000
6781.390000
6781.390000
6781.390000
6781.390000
6781.390000
6781.390000
6781.390000
6781.390000
6781.390000
6781.390000
6781.390000
6781.390000
6781.390000
6781.390000
6781.390000
6781.390000
6781.390000
6781.390000
6781.390000
6781.390000
6781.390000
6781.390000
6781.390000
6781.390000
6781.390000
6781.390000
6781.390000
6781.390000
6781.390000
6781.390000
6781.390000
6781.390000
6781.390000
6781.390000
6781.390000
6781.390000
6781.390000
6781.390000
6781.390000
6781.390000
6781.390000
6781.390000
6781.390000
6781.390000
6781.390000
6781.390000
6781.390000
6781.390000
6781.390000
6781.390000
6781.390000
6781.390000
6781.390000
6781.390000
6781.390000
6781.390000
6781.390000
6781.390000
6781.390000
6781.390000
6781.390000
6781.390000
6781.390000
6781.390000
6781.390000
6781.390000
6781.390000
6781.390000
6781.390000
6781.390000
6781.390000
6781.390000
6781.390000
6781.390000
6781.390000
6781.390000
6781.390000
6781.390000
6781.390000
6781.390000
6781.390000
6781.390000
6781.390000
6781.390000
6781.390000
6781.390000
6781.390000
6781.390000
6781.390000
6781.390000
6781.390000
6781.390000
6781.390000
6781.390000
6781.390000
6781.390000
6781.390000
6781.390000
6781.390000
6781.390000
6781.390000
6781.390000
6781.390000
6781.390000
6781.390000
6781.390000
6781.390000
6781.390000
6781.390000
6781.390000
6781.390000
6781.390000
6781.390000
6781.390000
6781.390000
6781.390000
6781.390000
6781.390000
6781.390000
6781.390000
6781.390000
6781.390000
6781.390000
6781.390000
6781.390000
6781.390000
6781.390000
6781.390000
6781.390000
6781.390000
6781.390000
6781.390000
6781.390000
6781.390000
6781.390000
6781.390000
6781.390000
6781.390000
6781.390000
6781.390000
6781.390000
6781.390000
6781.390000
6781.390000
6781.390000
6781.390000
6781.390000
6781.390000
6781.390000
6781.390000
6781.390000
6781.390000
6781.390000
6781.390000
6781.390000
6781.390000
6781.390000
6781.390000
6781.390000
6781.390000
6781.390000
6781.390000
6781.390000
6781.390000
6781.390000
6781.390000
6781.390000
6781.390000
6781.390000
6781.390000
6781.390000
6781.390000
6781.390000
6781.390000
6781.390000
6781.390000
6781.390000
6781.390000
6781.390000
6781.390000
6781.390000
6781.390000
6781.390000
6781.390000
6781.390000
6781.390000
6781.390000
6781.390000
6781.390000
6781.390000
6781.390000
6781.390000
6781.390000
6781.390000
6781.390000
6781.390000
6781.390000
6781.390000
6781.390000
6781.390000
6781.390000
6781.390000
6781.390000
6781.390000
6781.390000
6781.390000
6781.390000
6781.390000
6781.390000
6781.390000
6781.390000
6781.390000
6781.390000
6781.390000
6781.390000
6781.390000
6781.390000
6781.390000
6781.390000
6781.390000
6781.390000
6781.390000
6781.390000
6781.390000
6781.390000
6781.390000
6781.390000
6781.390000
6781.390000
6781.390000
6781.390000
6781.390000
6781.390000
6781.390000
6781.390000
6781.390000
6781.390000
6781.390000
6781.390000
6781.390000
6781.390000
6781.390000
6781.390000
6781.390000
6781.390000
6781.390000
6781.390000
6781.390000
6781.390000
6781.390000
6781.390000
6781.390000
6781.390000
6781.390000
6781.390000
6781.390000
6781.390000
6781.390000
6781.390000
6781.390000
6781.390000
6781.390000
6781.390000
6781.390000
6781.390000
6781.390000
6781.390000
6781.390000
6781.390000
6781.390000
6781.390000
6781.390000
6781.390000
6781.390000
6781.390000
6781.390000
6781.390000
6781.390000
6781.390000
6781.390000
6781.390000
6781.390000
6781.390000
6781.390000
6781.390000
6781.390000
6781.390000
6781.390000
6781.390000
6781.390000
6781.390000
6781.390000
6781.390000
6781.390000
6781.390000
6781.390000
6781.390000
6781.390000
6781.390000
6781.390000
6781.390000
6781.390000
6781.390000
6781.390000
6781.390000
6781.390000
6781.390000
6781.390000
6781.390000
6781.390000
6781.390000
6781.390000
6781.390000
6781.390000
6781.390000
6781.390000
6781.390000
6781.390000
6781.390000
6781.390000
6781.390000
6781.390000
6781.390000
6781.390000
6781.390000
6781.390000
6781.390000
6781.390000
6781.390000
6781.390000
6781.390000
6781.390000
6781.390000
6781.390000
6781.390000
6781.390000
6781.390000
6781.390000
6781.390000
6781.390000
6781.390000
6781.390000
6781.390000
6781.390000
6781.390000
6781.390000
6781.390000
0.000000
0.000000
6766.394123
6781.390000
6781.390000
6781.390000
6781.390000
6781.390000
6781.390000
6781.390000
6781.390000
6781.390000
6781.390000
6781.390000
6781.390000
6781.390000
6781.390000
6781.390000
6781.390000
6781.390000
6781.390000
6781.390000
6781.390000
6781.390000
6781.390000
6781.390000
6781.390000
6781.390000
6781.390000
6781.390000
6781.390000
6781.390000
6781.390000
6781.390000
6781.390000
6781.390000
6781.390000
6781.390000
6781.390000
6781.390000
6781.390000
6781.390000
6781.390000
6781.390000
1500.160592
1642.497754
0.000000
0.000000
2367.715875
3043.025044
6781.390000
6781.390000
6781.390000
6781.390000
6781.390000
6781.390000
6781.390000
6781.390000
6781.390000
6781.390000
6781.390000
6781.390000
6781.390000
6781.390000
6781.390000
6781.390000
6781.390000
6781.390000
6781.390000
6781.390000
6781.390000
6781.390000
6781.390000
6781.390000
6781.390000
6781.390000
6781.390000
6781.390000
6781.390000
6781.390000
6781.390000
6781.390000
6781.390000
6781.390000
6781.390000
6781.390000
6781.390000
6781.390000
6781.390000
6781.390000
0.000000
0.000000
0.000000
0.000000
0.000000
0.000000
4895.477007
5631.030149
6781.390000
6781.390000
6781.390000
6781.390000
6781.390000
6781.390000
6781.390000
6781.390000
6781.390000
6781.390000
6781.390000
6781.390000
6781.390000
6781.390000
6781.390000
6781.390000
6781.390000
6781.390000
6781.390000
6781.390000
6781.390000
6781.390000
6781.390000
6781.390000
6781.390000
6781.390000
6781.390000
6781.390000
6781.390000
6781.390000
6781.390000
6781.390000
6781.390000
6781.390000
2232.026948
5964.058654
6154.477862
6781.390000
6781.390000
6781.390000
6781.390000
6781.390000
6781.390000
6781.390000
6781.390000
6781.390000
6781.390000
6781.390000
6781.390000
6781.390000
6781.390000
6781.390000
6781.390000
6781.390000
6781.390000
6781.390000
6781.390000
6781.390000
6781.390000
6781.390000
6781.390000
6781.390000
6781.390000
6781.390000
6781.390000
6781.390000
6781.390000
6781.390000
6781.390000
6781.390000
6781.390000
6781.390000
6781.390000
6781.390000
6781.390000
6781.390000
6781.390000
6781.390000
6781.390000
6781.390000
6781.390000
6781.390000
6781.390000
6781.390000
1248.147911
2682.187074
6781.390000
6781.390000
6781.390000
6781.390000
6781.390000
6781.390000
6781.390000
6781.390000
6781.390000
6781.390000
6781.390000
6781.390000
6781.390000
6781.390000
6781.390000
6781.390000
6781.390000
6781.390000
6781.390000
6781.390000
6781.390000
6781.390000
6781.390000
6781.390000
6781.390000
6781.390000
6781.390000
6781.390000
6781.390000
6781.390000
6781.390000
6781.390000
6781.390000
6781.390000
6781.390000
6781.390000
6781.390000
6781.390000
6781.390000
6781.390000
6781.390000
6781.390000
6781.390000
6781.390000
6781.390000
6781.390000
6781.390000
6781.390000
0.000000
0.000000
0.000000
1612.619125
3039.812894
5094.846849
6781.390000
6781.390000
6781.390000
6781.390000
6781.390000
6781.390000
6781.390000
6781.390000
6781.390000
6781.390000
6781.390000
6781.390000
6781.390000
6781.390000
6781.390000
6781.390000
6781.390000
6781.390000
6781.390000
6781.390000
6781.390000
6781.390000
6781.390000
6781.390000
6781.390000
6781.390000
6781.390000
6781.390000
6781.390000
6781.390000
6781.390000
6781.390000
6781.390000
6781.390000
6781.390000
6781.390000
6781.390000
6781.390000
6781.390000
6781.390000
6781.390000
6781.390000
6781.390000
6781.390000
6781.390000
6781.390000
6781.390000
6781.390000
6781.390000
6781.390000
6781.390000
6781.390000
6781.390000
6781.390000
6781.390000
6781.390000
6781.390000
6781.390000
6781.390000
6781.390000
6781.390000
6781.390000
6781.390000
6781.390000
6781.390000
6781.390000
6781.390000
6781.390000
6781.390000
6781.390000
6781.390000
6781.390000
6781.390000
6781.390000
6781.390000
6781.390000
6781.390000
6781.390000
6781.390000
6781.390000
6781.390000
6781.390000
6781.390000
6781.390000
6781.390000
6781.390000
6781.390000
6781.390000
6781.390000
6781.390000
6781.390000
6781.390000
6781.390000
5847.873409
6781.390000
6781.390000
6781.390000
6781.390000
6781.390000
6781.390000
6781.390000
6781.390000
6781.390000
6781.390000
6781.390000
6781.390000
6781.390000
6781.390000
6781.390000
6781.390000
6781.390000
6781.390000
6781.390000
6781.390000
6781.390000
6781.390000
6781.390000
6781.390000
6781.390000
6781.390000
6781.390000
6781.390000
6781.390000
6781.390000
6781.390000
6781.390000
6781.390000
6781.390000
6781.390000
6781.390000
6781.390000
6781.390000
6781.390000
6781.390000
0.000000
0.000000
0.000000
0.000000
0.000000
0.000000
0.000000
0.000000
0.000000
0.000000
4619.267703
5488.155005
6781.390000
6781.390000
6781.390000
6781.390000
6781.390000
6781.390000
6781.390000
6781.390000
6781.390000
6781.390000
6781.390000
6781.390000
6781.390000
6781.390000
6781.390000
6781.390000
6781.390000
6781.390000
6781.390000
6781.390000
6781.390000
6781.390000
6781.390000
6781.390000
6781.390000
6781.390000
6781.390000
6781.390000
6781.390000
6781.390000
6781.390000
6781.390000
6781.390000
6781.390000
6781.390000
6781.390000
3272.765422
6394.153695
0.000000
2011.462611
5500.904188
3336.095980
0.000000
0.000000
1274.226801
1617.826399
2458.688326
3360.892296
6781.390000
6781.390000
6781.390000
6781.390000
6781.390000
6781.390000
6781.390000
6781.390000
6781.390000
6781.390000
6781.390000
6781.390000
6781.390000
6781.390000
6781.390000
6781.390000
6781.390000
6781.390000
6781.390000
6781.390000
6781.390000
6781.390000
6781.390000
6781.390000
6781.390000
6781.390000
6781.390000
6781.390000
6781.390000
6781.390000
6781.390000
6781.390000
6781.390000
6781.390000
6781.390000
6781.390000
6781.390000
6781.390000
6781.390000
6781.390000
6781.390000
6781.390000
6781.390000
6781.390000
6781.390000
6781.390000
6781.390000
6781.390000
6781.390000
6781.390000
6781.390000
6781.390000
6781.390000
6781.390000
6781.390000
6781.390000
6781.390000
6781.390000
6781.390000
6781.390000
6781.390000
6781.390000
6781.390000
6781.390000
6781.390000
6781.390000
6781.390000
6781.390000
6781.390000
6781.390000
6781.390000
6781.390000
6781.390000
6781.390000
6781.390000
6781.390000
6781.390000
6781.390000
6781.390000
6781.390000
6781.390000
6781.390000
6781.390000
6781.390000
6781.390000
6781.390000
6781.390000
6781.390000
6781.390000
6781.390000
6781.390000
6781.390000
6781.390000
6781.390000
6781.390000
6781.390000
6781.390000
6781.390000
6781.390000
6781.390000
6781.390000
6781.390000
6781.390000
6781.390000
6781.390000
6781.390000
6781.390000
6781.390000
6781.390000
6781.390000
6781.390000
6781.390000
6781.390000
6781.390000
6781.390000
6781.390000
6781.390000
6781.390000
6781.390000
6781.390000
6781.390000
6781.390000
6781.390000
6781.390000
6781.390000
6781.390000
6781.390000
6781.390000
6781.390000
6781.390000
6781.390000
6781.390000
0.000000
0.000000
0.000000
0.000000
0.000000
0.000000
0.000000
0.000000
0.000000
0.000000
5466.383483
5522.751161
6781.390000
6781.390000
6781.390000
6781.390000
6781.390000
6781.390000
6781.390000
6781.390000
6781.390000
6781.390000
6781.390000
6781.390000
6781.390000
6781.390000
6781.390000
6781.390000
6781.390000
6781.390000
6781.390000
6781.390000
6781.390000
6781.390000
6781.390000
6781.390000
6781.390000
6781.390000
6781.390000
6781.390000
6781.390000
6781.390000
6781.390000
6781.390000
6781.390000
6781.390000
6781.390000
6781.390000
0.000000
0.000000
0.000000
0.000000
0.000000
0.000000
0.000000
0.000000
6011.880126
6280.908571
6781.390000
6781.390000
6781.390000
6781.390000
6781.390000
6781.390000
6781.390000
6781.390000
6781.390000
6781.390000
6781.390000
6781.390000
6781.390000
6781.390000
6781.390000
6781.390000
6781.390000
6781.390000
6781.390000
6781.390000
6781.390000
6781.390000
6781.390000
6781.390000
6781.390000
6781.390000
6781.390000
6781.390000
6781.390000
6781.390000
6781.390000
6781.390000
6781.390000
6781.390000
6781.390000
6781.390000
6781.390000
6781.390000
6781.390000
6781.390000
6781.390000
6781.390000
6781.390000
6781.390000
6781.390000
6781.390000
6781.390000
6781.390000
6781.390000
6781.390000
6781.390000
6781.390000
6781.390000
6781.390000
6781.390000
6781.390000
6781.390000
6781.390000
6781.390000
6781.390000
6781.390000
6781.390000
6781.390000
6781.390000
6781.390000
6781.390000
6781.390000
6781.390000
6781.390000
6781.390000
6781.390000
6781.390000
6781.390000
6781.390000
6781.390000
6781.390000
6781.390000
6781.390000
6781.390000
6781.390000
6781.390000
6781.390000
6781.390000
6781.390000
6781.390000
6781.390000
6781.390000
6781.390000
6781.390000
6781.390000
6781.390000
6781.390000
6781.390000
6781.390000
6781.390000
6781.390000
3387.078616
4403.413427
6781.390000
6781.390000
6781.390000
6781.390000
6781.390000
6781.390000
6781.390000
6781.390000
6781.390000
6781.390000
6781.390000
6781.390000
6781.390000
6781.390000
6781.390000
6781.390000
6781.390000
6781.390000
6781.390000
6781.390000
6781.390000
6781.390000
6781.390000
6781.390000
6781.390000
6781.390000
6781.390000
6781.390000
6781.390000
6781.390000
6781.390000
6781.390000
6781.390000
6781.390000
6781.390000
6781.390000
6781.390000
6781.390000
6781.390000
6781.390000
6781.390000
6781.390000
6781.390000
6781.390000
6357.073848
6704.226239
0.000000
0.000000
0.000000
0.000000
0.000000
1113.189157
5756.852339
6781.390000
6781.390000
6781.390000
6781.390000
6781.390000
6781.390000
6781.390000
6781.390000
6781.390000
6781.390000
6781.390000
6781.390000
6781.390000
6781.390000
6781.390000
6781.390000
6781.390000
6781.390000
6781.390000
6781.390000
6781.390000
6781.390000
6781.390000
6781.390000
6781.390000
6781.390000
6781.390000
6781.390000
6781.390000
4248.323432
6781.390000
0.000000
0.000000
0.000000
0.000000
0.000000
0.000000
0.000000
0.000000
0.000000
0.000000
0.000000
0.000000
0.000000
0.000000
0.000000
0.000000
636.936412
0.000000
0.000000
0.000000
3888.585538
5867.315407
6781.390000
6781.390000
6781.390000
6781.390000
6781.390000
6781.390000
6781.390000
6781.390000
6781.390000
6781.390000
6781.390000
6781.390000
6781.390000
6781.390000
6781.390000
6781.390000
6781.390000
6781.390000
6781.390000
6781.390000
6781.390000
6781.390000
6781.390000
6781.390000
6781.390000
6781.390000
0.000000
0.000000
0.000000
0.000000
0.000000
0.000000
0.000000
0.000000
350.938350
2034.146077
6781.390000
6781.390000
6781.390000
6781.390000
6781.390000
6781.390000
6781.390000
6439.733823
6781.390000
6781.390000
6781.390000
6781.390000
6781.390000
6781.390000
6781.390000
6781.390000
6781.390000
6781.390000
6781.390000
6781.390000
6781.390000
6781.390000
6781.390000
6781.390000
6781.390000
6781.390000
6781.390000
6781.390000
6781.390000
6781.390000
6781.390000
6781.390000
6781.390000
6781.390000
6781.390000
6781.390000
6781.390000
6781.390000
0.000000
0.000000
0.000000
0.000000
0.000000
0.000000
0.000000
0.000000
5841.196950
6781.390000
6781.390000
6781.390000
6781.390000
6781.390000
6781.390000
6781.390000
6781.390000
6781.390000
6781.390000
6781.390000
6781.390000
6781.390000
6781.390000
6781.390000
6781.390000
6781.390000
6781.390000
6781.390000
6781.390000
6781.390000
6781.390000
6781.390000
6781.390000
6781.390000
6781.390000
6781.390000
6781.390000
6781.390000
6781.390000
6781.390000
6781.390000
6781.390000
6781.390000
6781.390000
6781.390000
6781.390000
6781.390000
6781.390000
5326.260554
6781.390000
3297.686443
5882.801450
4096.369588
2508.832660
2195.909639
440.141400
6781.390000
6781.390000
5537.337897
6443.138416
3990.144332
4464.549647
6781.390000
6781.390000
6781.390000
6781.390000
6781.390000
6781.390000
6781.390000
6781.390000
6781.390000
6781.390000
6781.390000
6781.390000
6781.390000
6781.390000
6781.390000
6781.390000
6781.390000
6781.390000
6781.390000
6781.390000
6781.390000
6781.390000
6781.390000
6781.390000
6781.390000
6781.390000
6781.390000
6781.390000
6781.390000
6781.390000
6781.390000
6781.390000
6781.390000
6781.390000
6781.390000
6781.390000
6781.390000
6781.390000
6781.390000
6781.390000
6781.390000
6781.390000
6781.390000
6781.390000
6781.390000
6781.390000
6781.390000
6781.390000
6781.390000
6781.390000
6781.390000
6781.390000
6781.390000
6781.390000
6781.390000
6781.390000
6781.390000
6781.390000
6781.390000
6781.390000
6781.390000
6781.390000
6781.390000
6781.390000
6781.390000
6781.390000
6781.390000
6781.390000
6781.390000
6781.390000
6781.390000
6781.390000
6781.390000
6781.390000
6781.390000
6781.390000
6781.390000
6781.390000
6781.390000
6781.390000
6781.390000
6781.390000
6781.390000
6781.390000
6781.390000
6781.390000
6781.390000
6781.390000
6781.390000
6781.390000
6781.390000
6781.390000
6781.390000
6781.390000
6781.390000
6781.390000
6781.390000
6781.390000
6781.390000
6781.390000
6781.390000
6781.390000
6781.390000
6781.390000
6781.390000
6781.390000
6781.390000
6781.390000
6781.390000
6781.390000
6781.390000
6781.390000
6781.390000
6781.390000
6781.390000
6781.390000
6781.390000
6781.390000
6781.390000
6781.390000
6781.390000
6781.390000
6781.390000
6781.390000
6781.390000
6781.390000
6781.390000
6781.390000
6781.390000
6781.390000
6781.390000
6781.390000
6781.390000
6781.390000
6781.390000
6781.390000
6781.390000
6781.390000
6781.390000
6781.390000
6781.390000
6781.390000
6781.390000
6781.390000
6781.390000
6781.390000
6781.390000
6781.390000
6781.390000
6781.390000
6781.390000
6781.390000
6781.390000
6781.390000
6781.390000
6781.390000
6781.390000
6781.390000
6781.390000
6781.390000
6781.390000
6781.390000
6781.390000
6781.390000
6781.390000
6781.390000
6781.390000
6781.390000
6781.390000
6781.390000
6781.390000
6781.390000
6781.390000
6781.390000
6781.390000
6781.390000
6781.390000
6781.390000
6781.390000
6781.390000
6781.390000
6781.390000
6781.390000
6781.390000
6781.390000
6781.390000
6781.390000
6781.390000
6781.390000
6781.390000
6781.390000
6781.390000
6781.390000
6781.390000
6781.390000
6781.390000
6781.390000
6781.390000
6781.390000
6781.390000
6781.390000
6781.390000
6781.390000
6781.390000
6781.390000
6781.390000
6781.390000
6781.390000
6781.390000
6781.390000
6781.390000
6781.390000
6781.390000
6781.390000
6781.390000
6781.390000
6781.390000
6781.390000
6781.390000
6781.390000
6781.390000
6781.390000
6781.390000
6781.390000
6781.390000
6781.390000
6781.390000
6781.390000
741.627015
2067.009189
0.000000
1756.021290
3611.752938
5185.759742
6781.390000
6781.390000
6781.390000
6781.390000
6781.390000
6781.390000
6781.390000
6781.390000
6781.390000
6781.390000
6781.390000
6781.390000
6781.390000
6781.390000
6781.390000
6781.390000
6781.390000
6781.390000
6781.390000
6781.390000
6781.390000
6781.390000
6781.390000
6781.390000
6781.390000
6781.390000
6781.390000
6781.390000
6781.390000
6781.390000
6781.390000
6781.390000
6781.390000
6781.390000
6781.390000
6781.390000
6781.390000
6781.390000
6781.390000
6781.390000
3800.164652
4631.596063
0.000000
0.000000
0.000000
0.000000
3774.474820
5626.197517
6781.390000
6781.390000
6781.390000
6781.390000
6781.390000
6781.390000
6781.390000
6781.390000
6781.390000
6781.390000
6781.390000
6781.390000
6781.390000
6781.390000
6781.390000
6781.390000
6781.390000
6781.390000
6781.390000
6781.390000
6781.390000
6781.390000
6781.390000
6781.390000
6781.390000
6781.390000
6781.390000
6781.390000
6781.390000
6781.390000
6781.390000
6781.390000
6781.390000
6781.390000
6781.390000
6781.390000
6781.390000
6781.390000
6781.390000
6781.390000
6781.390000
6781.390000
2656.439166
5152.644122
5658.468658
3849.748934
1551.899172
0.000000
6781.390000
6781.390000
6781.390000
6781.390000
6781.390000
6781.390000
6781.390000
6781.390000
6781.390000
6781.390000
6781.390000
6781.390000
6781.390000
6781.390000
6781.390000
6781.390000
6781.390000
6781.390000
6781.390000
6781.390000
6781.390000
6781.390000
6781.390000
6781.390000
6781.390000
6781.390000
6781.390000
6781.390000
6781.390000
6781.390000
6781.390000
6781.390000
6781.390000
6781.390000
6781.390000
6781.390000
6781.390000
6781.390000
6781.390000
6781.390000
6781.390000
6781.390000
0.000000
409.721608
0.000000
0.000000
0.000000
0.000000
6781.390000
6781.390000
5791.830427
6277.140971
6781.390000
6781.390000
6781.390000
6781.390000
6781.390000
6781.390000
6781.390000
6781.390000
6781.390000
6781.390000
6781.390000
6781.390000
6781.390000
6781.390000
6781.390000
6781.390000
6781.390000
6781.390000
6781.390000
6781.390000
6781.390000
6781.390000
6781.390000
6781.390000
6781.390000
6781.390000
6781.390000
6781.390000
6781.390000
6781.390000
6781.390000
6781.390000
6781.390000
6781.390000
6781.390000
6781.390000
2440.241073
5343.364502
0.000000
1814.677139
216.764748
0.000000
0.000000
0.000000
3920.561205
3993.838995
6781.390000
6781.390000
6781.390000
6781.390000
6781.390000
6781.390000
6781.390000
6781.390000
6781.390000
6781.390000
6781.390000
6781.390000
6781.390000
6781.390000
6781.390000
6781.390000
6781.390000
6781.390000
6781.390000
6781.390000
6781.390000
6781.390000
6781.390000
6781.390000
6781.390000
6781.390000
6781.390000
6781.390000
6781.390000
6781.390000
6781.390000
6781.390000
6781.390000
6781.390000
6781.390000
6781.390000
6781.390000
6781.390000
0.000000
0.000000
0.000000
0.000000
0.000000
0.000000
0.000000
0.000000
0.000000
0.000000
0.000000
0.000000
0.000000
0.000000
6781.390000
6781.390000
6781.390000
6781.390000
6781.390000
6781.390000
6781.390000
6781.390000
6781.390000
6781.390000
6781.390000
6781.390000
6781.390000
6781.390000
6781.390000
6781.390000
6781.390000
6781.390000
6781.390000
6781.390000
6781.390000
6781.390000
6781.390000
6781.390000
6781.390000
6781.390000
6781.390000
6781.390000
6781.390000
6781.390000
6781.390000
6781.390000
6781.390000
6781.390000
0.000000
0.000000
0.000000
0.000000
0.000000
0.000000
0.000000
0.000000
0.000000
0.000000
0.000000
0.000000
0.000000
0.000000
6781.390000
6781.390000
6781.390000
6781.390000
6781.390000
6781.390000
6781.390000
6781.390000
6781.390000
6781.390000
6781.390000
6781.390000
6781.390000
6781.390000
6781.390000
6781.390000
6781.390000
6781.390000
6781.390000
6781.390000
6781.390000
6781.390000
6781.390000
6781.390000
6781.390000
6781.390000
6781.390000
6781.390000
6781.390000
6781.390000
6781.390000
6781.390000
6781.390000
6781.390000
1236.010872
2232.944640
0.000000
0.000000
0.000000
0.000000
3181.271332
5044.283063
6781.390000
6781.390000
6781.390000
6781.390000
6781.390000
6781.390000
6781.390000
6781.390000
6781.390000
6781.390000
6781.390000
6781.390000
6781.390000
6781.390000
6781.390000
6781.390000
6781.390000
6781.390000
6781.390000
6781.390000
6781.390000
6781.390000
6781.390000
6781.390000
6781.390000
6781.390000
6781.390000
6781.390000
6781.390000
6781.390000
6781.390000
6781.390000
6781.390000
6781.390000
6781.390000
6781.390000
6781.390000
6781.390000
6781.390000
6781.390000
0.000000
0.000000
0.000000
0.000000
0.000000
0.000000
0.000000
0.000000
0.000000
0.000000
0.000000
0.000000
0.000000
0.000000
0.000000
0.000000
4793.189266
6781.390000
6781.390000
6781.390000
6781.390000
6781.390000
6781.390000
6781.390000
6781.390000
6781.390000
6781.390000
6781.390000
6781.390000
6781.390000
6781.390000
6781.390000
6781.390000
6781.390000
6781.390000
6781.390000
6781.390000
6781.390000
6781.390000
6781.390000
6781.390000
6781.390000
6781.390000
6781.390000
6781.390000
6781.390000
6781.390000
6781.390000
6348.026336
6781.390000
0.000000
0.000000
0.000000
0.000000
0.000000
0.000000
0.000000
0.000000
2642.054608
3521.325601
6781.390000
6781.390000
6781.390000
6781.390000
6781.390000
0.000000
6781.390000
6781.390000
6781.390000
6781.390000
6781.390000
6781.390000
6781.390000
6781.390000
6781.390000
6781.390000
6781.390000
6781.390000
6781.390000
6781.390000
6781.390000
6781.390000
6781.390000
6781.390000
6781.390000
6781.390000
6781.390000
6781.390000
6781.390000
6781.390000
6781.390000
6781.390000
6781.390000
6781.390000
6781.390000
6781.390000
6781.390000
6781.390000
6781.390000
6781.390000
6781.390000
6781.390000
6781.390000
6781.390000
6781.390000
6781.390000
6781.390000
6781.390000
6781.390000
6781.390000
6781.390000
6781.390000
6781.390000
6781.390000
6781.390000
6781.390000
6781.390000
6781.390000
6781.390000
6781.390000
6781.390000
6781.390000
6781.390000
6781.390000
6781.390000
6781.390000
6781.390000
6781.390000
6781.390000
6781.390000
6781.390000
6781.390000
6781.390000
6781.390000
6781.390000
6781.390000
6781.390000
6781.390000
6781.390000
6781.390000
6781.390000
6781.390000
6781.390000
6781.390000
6781.390000
6781.390000
6781.390000
6781.390000
6781.390000
6781.390000
6781.390000
6781.390000
6781.390000
6781.390000
6781.390000
6781.390000
6781.390000
6781.390000
6781.390000
6781.390000
6781.390000
6781.390000
6781.390000
6781.390000
6781.390000
6781.390000
6781.390000
6781.390000
6781.390000
6781.390000
6781.390000
6781.390000
6781.390000
6781.390000
6781.390000
6781.390000
6781.390000
6781.390000
6781.390000
6781.390000
6781.390000
6781.390000
6781.390000
6781.390000
6781.390000
6781.390000
6781.390000
6781.390000
6781.390000
6781.390000
6781.390000
6781.390000
6781.390000
6781.390000
6781.390000
6781.390000
757.388288
2958.202060
6781.390000
6781.390000
6781.390000
6781.390000
6781.390000
6781.390000
6781.390000
6781.390000
6781.390000
6781.390000
6781.390000
6781.390000
6781.390000
6781.390000
6781.390000
6781.390000
6781.390000
6781.390000
6781.390000
6781.390000
6781.390000
6781.390000
6781.390000
6781.390000
6781.390000
6781.390000
6781.390000
6781.390000
6781.390000
6781.390000
6781.390000
6781.390000
6781.390000
6781.390000
6781.390000
6781.390000
6781.390000
6781.390000
6781.390000
6781.390000
6781.390000
6781.390000
6781.390000
6781.390000
6781.390000
6781.390000
6781.390000
6781.390000
6781.390000
6781.390000
6781.390000
6781.390000
6781.390000
6781.390000
6781.390000
6781.390000
6781.390000
6781.390000
6781.390000
6781.390000
6781.390000
6781.390000
6781.390000
6781.390000
6781.390000
6781.390000
6781.390000
6781.390000
6781.390000
6781.390000
6781.390000
6781.390000
6781.390000
6781.390000
6781.390000
6781.390000
6781.390000
6781.390000
6781.390000
6781.390000
6781.390000
6781.390000
6781.390000
6781.390000
6781.390000
6781.390000
6781.390000
6781.390000
6781.390000
6781.390000
6781.390000
6781.390000
4821.725107
6146.874904
102.184725
2180.991016
3878.718767
5853.715292
6781.390000
6781.390000
6781.390000
6781.390000
6781.390000
6781.390000
6781.390000
6781.390000
6781.390000
6781.390000
6781.390000
6781.390000
6781.390000
6781.390000
6781.390000
6781.390000
6781.390000
6781.390000
6781.390000
6781.390000
6781.390000
6781.390000
6781.390000
6781.390000
6781.390000
6781.390000
6781.390000
6781.390000
6781.390000
6781.390000
6781.390000
6781.390000
6781.390000
6781.390000
6781.390000
6781.390000
6781.390000
6781.390000
6781.390000
6781.390000
6781.390000
6781.390000
0.000000
0.000000
0.000000
0.000000
0.000000
0.000000
0.000000
414.326461
3668.724902
3859.493272
6781.390000
6781.390000
6781.390000
6781.390000
6781.390000
6781.390000
6781.390000
6781.390000
6781.390000
6781.390000
6781.390000
6781.390000
6781.390000
6781.390000
6781.390000
6781.390000
6781.390000
6781.390000
6781.390000
6781.390000
6781.390000
6781.390000
6781.390000
6781.390000
6781.390000
6781.390000
6781.390000
6781.390000
6781.390000
6781.390000
6781.390000
6781.390000
6781.390000
6781.390000
6781.390000
6781.390000
6781.390000
6781.390000
6781.390000
6781.390000
6781.390000
6781.390000
6781.390000
4968.474436
6781.390000
6781.390000
6781.390000
6781.390000
6781.390000
6781.390000
6781.390000
6781.390000
6781.390000
6781.390000
6781.390000
6781.390000
6781.390000
6781.390000
6781.390000
6781.390000
6781.390000
6781.390000
6781.390000
6781.390000
6781.390000
6781.390000
6781.390000
6781.390000
6781.390000
6781.390000
6781.390000
6781.390000
6781.390000
6781.390000
6781.390000
6781.390000
6781.390000
6781.390000
6781.390000
6781.390000
6781.390000
6781.390000
6781.390000
6781.390000
6781.390000
6781.390000
6781.390000
6781.390000
6781.390000
6781.390000
6781.390000
6781.390000
6781.390000
6781.390000
6781.390000
6781.390000
6781.390000
6781.390000
6781.390000
6781.390000
6781.390000
6781.390000
6781.390000
6781.390000
6781.390000
6781.390000
6781.390000
6781.390000
6781.390000
6781.390000
6781.390000
6781.390000
6781.390000
6781.390000
6781.390000
6781.390000
6781.390000
6781.390000
6781.390000
6781.390000
6781.390000
6781.390000
6781.390000
6781.390000
6781.390000
6781.390000
6781.390000
6781.390000
6781.390000
6781.390000
6781.390000
6781.390000
6781.390000
6781.390000
0.000000
0.000000
0.000000
0.000000
0.000000
0.000000
0.000000
706.081808
5062.018821
5562.816782
6781.390000
6781.390000
6781.390000
0.000000
0.000000
0.000000
0.000000
0.000000
3327.983259
6319.021362
6781.390000
6781.390000
6781.390000
6781.390000
6781.390000
6781.390000
6781.390000
6781.390000
6781.390000
6781.390000
6781.390000
6781.390000
6781.390000
6781.390000
6781.390000
6781.390000
0.000000
0.000000
0.000000
0.000000
3108.252613
3325.249933
6781.390000
6781.390000
6781.390000
6781.390000
6781.390000
6781.390000
2968.657763
5477.913649
0.000000
0.000000
0.000000
0.000000
0.000000
0.000000
0.000000
0.000000
0.000000
0.000000
0.000000
0.000000
0.000000
0.000000
6781.390000
6781.390000
6781.390000
6781.390000
6781.390000
6781.390000
6781.390000
6781.390000
6781.390000
6781.390000
6781.390000
6781.390000
6781.390000
6781.390000
6781.390000
6781.390000
6781.390000
6781.390000
6781.390000
6781.390000
6781.390000
6781.390000
6781.390000
6781.390000
6781.390000
6781.390000
6781.390000
6781.390000
6781.390000
6781.390000
6781.390000
6781.390000
6781.390000
6781.390000
6781.390000
6781.390000
6287.317433
4638.152783
3472.559989
3727.613117
3487.676496
4466.617671
499.276290
1327.064871
1538.781753
3411.888376
4894.433224
0.000000
6781.390000
6781.390000
6781.390000
6781.390000
6781.390000
6781.390000
6781.390000
6781.390000
6781.390000
6781.390000
6781.390000
6781.390000
6781.390000
6781.390000
6781.390000
6781.390000
6781.390000
6781.390000
6781.390000
6781.390000
6781.390000
6781.390000
6781.390000
6781.390000
6781.390000
6781.390000
6781.390000
6781.390000
6781.390000
6781.390000
738.970062
1838.228684
0.000000
0.000000
0.000000
0.000000
0.000000
0.000000
0.000000
0.000000
0.000000
0.000000
0.000000
0.000000
0.000000
0.000000
0.000000
6781.390000
4881.287185
6781.390000
6781.390000
6781.390000
6781.390000
6781.390000
6781.390000
6781.390000
6781.390000
6781.390000
6781.390000
6781.390000
6781.390000
6781.390000
6781.390000
6781.390000
6781.390000
6781.390000
6781.390000
6781.390000
6781.390000
6781.390000
6781.390000
6781.390000
6781.390000
6781.390000
6781.390000
6781.390000
6781.390000
6781.390000
6781.390000
6781.390000
2997.594013
4173.088283
0.000000
242.436757
5949.187047
6781.390000
6781.390000
6781.390000
6781.390000
6781.390000
6781.390000
6781.390000
3392.513121
4198.628856
2786.678744
0.000000
0.000000
2812.482896
6174.073068
6781.390000
6781.390000
6781.390000
6781.390000
6781.390000
6781.390000
6781.390000
6781.390000
6781.390000
6781.390000
6781.390000
6781.390000
6781.390000
6781.390000
6781.390000
6781.390000
6781.390000
6781.390000
6781.390000
6781.390000
6781.390000
6781.390000
6781.390000
6781.390000
6781.390000
6781.390000
6781.390000
6781.390000
6781.390000
5668.137071
6781.390000
2153.177191
387.204897
0.000000
0.000000
0.000000
0.000000
0.000000
0.000000
0.000000
0.000000
481.314133
2334.058888
6781.390000
6781.390000
6781.390000
6781.390000
6781.390000
6781.390000
6781.390000
6781.390000
6781.390000
6781.390000
6781.390000
6781.390000
6781.390000
6781.390000
6781.390000
6781.390000
6781.390000
6781.390000
6781.390000
6781.390000
6781.390000
6781.390000
6781.390000
6781.390000
6781.390000
6781.390000
6781.390000
6781.390000
6781.390000
6781.390000
6781.390000
6781.390000
6781.390000
6781.390000
6781.390000
6781.390000
6781.390000
6781.390000
6781.390000
6781.390000
6781.390000
6781.390000
6781.390000
6781.390000
6781.390000
6781.390000
6781.390000
6781.390000
6781.390000
2742.250142
6781.390000
6781.390000
6781.390000
6781.390000
6781.390000
6781.390000
6781.390000
6781.390000
6781.390000
6781.390000
6781.390000
6781.390000
6781.390000
6781.390000
6781.390000
6781.390000
6781.390000
6781.390000
6781.390000
6781.390000
6781.390000
6781.390000
6781.390000
6781.390000
6781.390000
6781.390000
6781.390000
6781.390000
6781.390000
6781.390000
6781.390000
6781.390000
0.000000
0.000000
0.000000
0.000000
0.000000
0.000000
0.000000
0.000000
0.000000
0.000000
0.000000
0.000000
0.000000
0.000000
0.000000
6781.390000
6781.390000
6781.390000
6781.390000
6781.390000
6781.390000
6781.390000
6781.390000
6781.390000
6781.390000
6781.390000
6781.390000
6781.390000
6781.390000
6781.390000
6781.390000
6781.390000
6781.390000
6781.390000
6781.390000
6781.390000
6781.390000
6781.390000
6781.390000
6781.390000
6781.390000
6781.390000
6781.390000
6781.390000
6781.390000
6781.390000
6781.390000
6781.390000
6781.390000
6781.390000
6781.390000
6781.390000
123.834301
0.000000
2283.289274
2637.676763
2887.608588
3528.955003
6781.390000
6781.390000
6781.390000
6781.390000
6781.390000
6781.390000
6781.390000
6781.390000
6781.390000
6781.390000
6781.390000
6781.390000
6781.390000
6781.390000
6781.390000
6781.390000
6781.390000
6781.390000
6781.390000
6781.390000
6781.390000
6781.390000
6781.390000
6781.390000
6781.390000
6781.390000
6781.390000
6781.390000
6781.390000
6781.390000
6781.390000
6781.390000
6781.390000
6781.390000
6781.390000
6781.390000
6781.390000
6781.390000
1947.153003
4293.611596
6781.390000
6781.390000
6781.390000
6781.390000
6781.390000
6781.390000
6781.390000
6781.390000
6781.390000
6781.390000
6781.390000
6781.390000
6781.390000
6781.390000
6781.390000
6781.390000
6781.390000
6781.390000
6781.390000
6781.390000
6781.390000
6781.390000
6781.390000
6781.390000
6781.390000
6781.390000
6781.390000
6781.390000
6781.390000
6781.390000
6781.390000
6781.390000
6781.390000
6781.390000
6781.390000
6781.390000
6781.390000
6781.390000
6781.390000
6781.390000
6781.390000
6781.390000
6781.390000
6781.390000
2715.734126
3523.879592
0.000000
0.000000
0.000000
0.000000
0.000000
0.000000
0.000000
1180.801436
6204.601880
6287.379158
6781.390000
6781.390000
6781.390000
6781.390000
6781.390000
6781.390000
6781.390000
6781.390000
6781.390000
6781.390000
6781.390000
6781.390000
6781.390000
6781.390000
6781.390000
6781.390000
6781.390000
6781.390000
6781.390000
6781.390000
6781.390000
6781.390000
6781.390000
6781.390000
6781.390000
6781.390000
6781.390000
6781.390000
6781.390000
6781.390000
6781.390000
6781.390000
6781.390000
6781.390000
6781.390000
6781.390000
4266.705755
4958.710481
0.000000
0.000000
0.000000
0.000000
0.000000
0.000000
6781.390000
6781.390000
6781.390000
6781.390000
6781.390000
6781.390000
6781.390000
6781.390000
6781.390000
6781.390000
6781.390000
6781.390000
6781.390000
6781.390000
6781.390000
6781.390000
6781.390000
6781.390000
6781.390000
6781.390000
6781.390000
6781.390000
6781.390000
6781.390000
6781.390000
6781.390000
6781.390000
6781.390000
6781.390000
6781.390000
6781.390000
6781.390000
6781.390000
6781.390000
6781.390000
6781.390000
6781.390000
6781.390000
6781.390000
6781.390000
6781.390000
6781.390000
1857.810479
4334.797283
1178.010683
0.000000
0.000000
0.000000
0.000000
0.000000
2327.911841
3078.656574
6781.390000
6781.390000
6781.390000
6781.390000
6781.390000
6781.390000
6781.390000
6781.390000
6781.390000
6781.390000
6781.390000
6781.390000
6781.390000
6781.390000
6781.390000
6781.390000
6781.390000
6781.390000
6781.390000
6781.390000
6781.390000
6781.390000
6781.390000
6781.390000
6781.390000
6781.390000
6781.390000
6781.390000
6781.390000
6781.390000
6781.390000
6781.390000
6781.390000
6781.390000
6781.390000
6781.390000
6781.390000
6781.390000
1840.231168
4507.658708
6302.968506
4759.837530
5240.394288
3851.814637
0.000000
0.000000
1803.067752
2850.048728
6781.390000
6781.390000
6781.390000
6781.390000
6781.390000
6781.390000
6781.390000
6781.390000
6781.390000
6781.390000
6781.390000
6781.390000
6781.390000
6781.390000
6781.390000
6781.390000
6781.390000
6781.390000
6781.390000
6781.390000
6781.390000
6781.390000
6781.390000
6781.390000
6781.390000
6781.390000
6781.390000
6781.390000
6781.390000
6781.390000
6781.390000
6781.390000
6781.390000
6781.390000
6781.390000
6781.390000
6781.390000
6781.390000
0.000000
0.000000
0.000000
0.000000
0.000000
0.000000
0.000000
0.000000
0.000000
0.000000
4618.370798
5540.623911
6781.390000
6781.390000
6781.390000
6781.390000
6781.390000
6781.390000
6781.390000
6781.390000
6781.390000
6781.390000
6781.390000
6781.390000
6781.390000
6781.390000
6781.390000
6781.390000
6781.390000
6781.390000
6781.390000
6781.390000
6781.390000
6781.390000
6781.390000
6781.390000
6781.390000
6781.390000
6781.390000
6781.390000
6781.390000
6781.390000
6781.390000
6781.390000
6781.390000
6781.390000
6781.390000
6781.390000
4283.533900
6781.390000
6320.076861
4832.220662
951.040399
0.000000
2702.761636
3330.984114
6057.990186
6781.390000
6759.295669
6781.390000
6781.390000
6781.390000
6781.390000
6781.390000
6781.390000
6781.390000
6781.390000
6781.390000
6781.390000
6781.390000
6781.390000
6781.390000
6781.390000
6781.390000
6781.390000
6781.390000
6781.390000
6781.390000
6781.390000
6781.390000
6781.390000
6781.390000
6781.390000
6781.390000
6781.390000
6781.390000
6781.390000
6781.390000
6781.390000
6781.390000
6781.390000
6781.390000
6781.390000
6781.390000
6781.390000
6781.390000
0.000000
2567.531569
0.000000
0.000000
0.000000
0.000000
0.000000
0.000000
0.000000
0.000000
3134.476812
3869.976824
5165.409546
6781.390000
6781.390000
6781.390000
6781.390000
6781.390000
6781.390000
6781.390000
6781.390000
6781.390000
6781.390000
6781.390000
6781.390000
6781.390000
6781.390000
6781.390000
6781.390000
6781.390000
6781.390000
6781.390000
6781.390000
6781.390000
6781.390000
6781.390000
6781.390000
6781.390000
6781.390000
6781.390000
6781.390000
6781.390000
6781.390000
6781.390000
6781.390000
6781.390000
6781.390000
6781.390000
0.000000
0.000000
0.000000
1885.004523
6781.390000
6781.390000
6781.390000
6781.390000
6781.390000
6781.390000
6781.390000
6781.390000
6781.390000
6781.390000
6781.390000
6781.390000
6781.390000
6781.390000
6781.390000
6781.390000
6781.390000
6781.390000
6781.390000
6781.390000
6781.390000
6781.390000
6781.390000
6781.390000
6781.390000
6781.390000
6781.390000
6781.390000
6781.390000
6781.390000
6781.390000
6781.390000
6781.390000
6781.390000
6781.390000
6781.390000
6781.390000
6781.390000
6781.390000
6781.390000
6781.390000
6781.390000
6781.390000
6781.390000
5960.844903
6781.390000
2623.221603
4823.567856
6614.606260
6781.390000
6781.390000
6781.390000
6781.390000
6781.390000
6781.390000
6781.390000
6781.390000
6781.390000
6781.390000
6781.390000
6781.390000
6781.390000
6781.390000
6781.390000
6781.390000
6781.390000
6781.390000
6781.390000
6781.390000
6781.390000
6781.390000
6781.390000
6781.390000
6781.390000
6781.390000
6781.390000
6781.390000
6781.390000
6781.390000
6781.390000
6781.390000
6781.390000
6781.390000
6781.390000
6781.390000
6781.390000
6781.390000
6781.390000
6781.390000
6781.390000
6781.390000
6781.390000
6781.390000
6781.390000
6781.390000
6781.390000
6781.390000
6781.390000
6781.390000
6781.390000
6781.390000
6781.390000
6781.390000
6781.390000
6781.390000
6781.390000
6781.390000
6781.390000
6781.390000
6781.390000
6781.390000
6781.390000
6781.390000
6781.390000
6781.390000
6781.390000
6781.390000
6781.390000
6781.390000
6781.390000
6781.390000
6781.390000
6781.390000
6781.390000
6781.390000
6781.390000
6781.390000
6781.390000
6781.390000
6781.390000
6781.390000
6781.390000
6781.390000
6781.390000
6781.390000
6781.390000
6781.390000
6781.390000
6781.390000
6781.390000
6781.390000
6781.390000
6781.390000
6781.390000
6781.390000
6781.390000
6781.390000
6781.390000
6781.390000
6781.390000
6781.390000
6781.390000
6781.390000
6781.390000
6781.390000
6781.390000
6781.390000
6781.390000
6781.390000
6781.390000
6781.390000
6781.390000
6781.390000
6781.390000
6781.390000
6781.390000
6781.390000
6781.390000
6781.390000
6781.390000
6781.390000
6781.390000
6781.390000
6781.390000
6781.390000
6781.390000
6781.390000
6781.390000
6781.390000
6781.390000
6781.390000
6781.390000
6781.390000
6781.390000
6781.390000
6781.390000
6781.390000
6781.390000
6781.390000
6781.390000
6781.390000
6781.390000
6781.390000
6781.390000
6781.390000
6781.390000
6781.390000
6781.390000
6781.390000
6781.390000
6781.390000
6781.390000
6781.390000
6781.390000
6781.390000
6781.390000
6781.390000
6781.390000
6781.390000
6781.390000
6781.390000
6781.390000
6781.390000
6781.390000
6781.390000
6781.390000
6781.390000
6781.390000
6781.390000
6781.390000
6781.390000
6781.390000
6781.390000
6781.390000
6781.390000
6781.390000
6781.390000
6781.390000
6781.390000
6781.390000
6781.390000
6781.390000
6781.390000
6781.390000
6781.390000
6781.390000
6781.390000
6781.390000
6781.390000
6781.390000
6781.390000
6781.390000
6781.390000
6781.390000
6781.390000
6781.390000
6781.390000
6781.390000
6781.390000
6781.390000
6781.390000
6781.390000
6781.390000
6781.390000
6781.390000
6781.390000
6781.390000
6781.390000
6781.390000
6781.390000
6781.390000
6781.390000
6781.390000
6781.390000
6781.390000
6781.390000
6781.390000
6781.390000
6781.390000
6781.390000
6781.390000
6781.390000
6781.390000
6781.390000
6781.390000
6781.390000
6781.390000
6781.390000
6781.390000
6781.390000
6781.390000
6781.390000
6781.390000
6781.390000
6781.390000
6781.390000
6781.390000
6781.390000
6781.390000
6781.390000
6781.390000
6781.390000
6781.390000
6781.390000
6781.390000
6781.390000
6781.390000
6781.390000
6781.390000
6781.390000
6781.390000
6781.390000
6781.390000
6781.390000
6781.390000
6781.390000
6781.390000
6781.390000
6781.390000
6781.390000
6781.390000
6781.390000
6781.390000
6781.390000
6781.390000
6781.390000
6781.390000
6781.390000
6781.390000
6781.390000
6781.390000
6781.390000
6781.390000
6781.390000
6781.390000
6781.390000
6781.390000
6781.390000
6781.390000
6781.390000
6781.390000
6781.390000
6781.390000
6781.390000
6781.390000
6781.390000
6781.390000
6781.390000
6781.390000
6781.390000
6781.390000
6781.390000
6781.390000
6781.390000
4659.466954
5264.792428
6781.390000
0.000000
0.000000
0.000000
3577.178348
6548.973559
6781.390000
6781.390000
6781.390000
6781.390000
6781.390000
6781.390000
6781.390000
6781.390000
6781.390000
6781.390000
6781.390000
6781.390000
6781.390000
6781.390000
6781.390000
6781.390000
6781.390000
6781.390000
6781.390000
6781.390000
6781.390000
6781.390000
6781.390000
6781.390000
6781.390000
6781.390000
4818.216041
5617.418122
0.000000
0.000000
0.000000
0.000000
0.000000
0.000000
0.000000
0.000000
0.000000
0.000000
0.000000
0.000000
0.000000
0.000000
0.000000
6152.878213
6781.390000
6781.390000
6781.390000
6781.390000
6781.390000
6781.390000
6781.390000
6781.390000
6781.390000
6781.390000
6781.390000
6781.390000
6781.390000
6781.390000
6781.390000
6781.390000
6781.390000
6781.390000
6781.390000
6781.390000
6781.390000
6781.390000
6781.390000
6781.390000
6781.390000
6781.390000
6781.390000
6781.390000
6781.390000
6781.390000
0.000000
0.000000
0.000000
0.000000
0.000000
0.000000
0.000000
0.000000
0.000000
0.000000
0.000000
0.000000
0.000000
0.000000
0.000000
0.000000
0.000000
0.000000
0.000000
0.000000
2056.474936
5473.585411
6781.390000
6781.390000
6781.390000
6781.390000
6781.390000
6781.390000
6781.390000
6781.390000
6781.390000
6781.390000
6781.390000
6781.390000
6781.390000
6781.390000
6781.390000
6781.390000
6781.390000
6781.390000
6781.390000
6781.390000
6781.390000
6781.390000
6781.390000
6781.390000
6781.390000
6781.390000
6781.390000
6781.390000
891.153068
3583.248844
0.000000
0.000000
0.000000
0.000000
0.000000
0.000000
0.000000
0.000000
0.000000
0.000000
0.000000
0.000000
4058.862554
6781.390000
6781.390000
6781.390000
6781.390000
6781.390000
6781.390000
6781.390000
6781.390000
6781.390000
6781.390000
6781.390000
6781.390000
6781.390000
6781.390000
6781.390000
6781.390000
6781.390000
6781.390000
6781.390000
6781.390000
6781.390000
6781.390000
6781.390000
6781.390000
6781.390000
6781.390000
6781.390000
6781.390000
6781.390000
6781.390000
6781.390000
3867.580274
6781.390000
0.000000
0.000000
0.000000
0.000000
0.000000
0.000000
0.000000
0.000000
0.000000
0.000000
0.000000
0.000000
0.000000
0.000000
2472.239053
5533.338845
6781.390000
6781.390000
6781.390000
6781.390000
6781.390000
6781.390000
6781.390000
6781.390000
6781.390000
6781.390000
6781.390000
6781.390000
6781.390000
6781.390000
6781.390000
6781.390000
6781.390000
6781.390000
6781.390000
6781.390000
6781.390000
6781.390000
6781.390000
6781.390000
6781.390000
6781.390000
6781.390000
6781.390000
6781.390000
6781.390000
6781.390000
6781.390000
0.000000
0.000000
0.000000
0.000000
0.000000
0.000000
0.000000
0.000000
0.000000
0.000000
0.000000
0.000000
290.165865
2462.108677
0.000000
1757.342057
6781.390000
6781.390000
6781.390000
6781.390000
6781.390000
6781.390000
6781.390000
6781.390000
6781.390000
6781.390000
6781.390000
6781.390000
6781.390000
6781.390000
6781.390000
6781.390000
6781.390000
6781.390000
6781.390000
6781.390000
6781.390000
6781.390000
6781.390000
6781.390000
6781.390000
6781.390000
6781.390000
6781.390000
6781.390000
6781.390000
6781.390000
6781.390000
6781.390000
6781.390000
6781.390000
5080.019797
0.000000
0.000000
0.000000
0.000000
0.000000
355.265490
0.000000
520.894199
680.601804
2749.483084
6781.390000
6781.390000
6781.390000
6781.390000
6781.390000
6781.390000
6781.390000
6781.390000
6781.390000
6781.390000
6781.390000
6781.390000
6781.390000
6781.390000
6781.390000
6781.390000
6781.390000
6781.390000
6781.390000
6781.390000
6781.390000
6781.390000
6781.390000
6781.390000
6781.390000
6781.390000
6781.390000
6781.390000
6781.390000
6781.390000
6781.390000
6781.390000
6781.390000
6781.390000
0.000000
0.000000
0.000000
0.000000
0.000000
0.000000
0.000000
0.000000
0.000000
0.000000
0.000000
0.000000
0.000000
0.000000
0.000000
0.000000
0.000000
919.555929
5162.458798
6781.390000
6781.390000
6781.390000
6781.390000
6781.390000
6781.390000
6781.390000
6781.390000
6781.390000
6781.390000
6781.390000
6781.390000
6781.390000
6781.390000
6781.390000
6781.390000
6781.390000
6781.390000
6781.390000
6781.390000
6781.390000
6781.390000
6781.390000
6781.390000
6781.390000
6781.390000
6781.390000
6781.390000
6781.390000
0.000000
0.000000
0.000000
0.000000
0.000000
0.000000
0.000000
0.000000
0.000000
0.000000
922.012596
756.106296
0.000000
0.000000
0.000000
722.545672
6781.390000
6781.390000
6781.390000
6781.390000
6781.390000
6781.390000
6781.390000
6781.390000
6781.390000
6781.390000
6781.390000
6781.390000
6781.390000
6781.390000
6781.390000
6781.390000
6781.390000
6781.390000
6781.390000
6781.390000
6781.390000
6781.390000
6781.390000
6781.390000
6781.390000
6781.390000
6781.390000
6781.390000
6781.390000
6781.390000
6781.390000
6781.390000
0.000000
134.320749
0.000000
0.000000
1824.555895
34.142148
0.000000
0.000000
2209.638118
2937.644763
0.000000
747.411768
4530.322852
6409.046776
6781.390000
6781.390000
6781.390000
6781.390000
6781.390000
6781.390000
6781.390000
6781.390000
6781.390000
6781.390000
6781.390000
6781.390000
6781.390000
6781.390000
6781.390000
6781.390000
6781.390000
6781.390000
6781.390000
6781.390000
6781.390000
6781.390000
6781.390000
6781.390000
6781.390000
6781.390000
6781.390000
6781.390000
6781.390000
6781.390000
6781.390000
6781.390000
6781.390000
6781.390000
5749.551129
6781.390000
0.000000
0.000000
0.000000
0.000000
0.000000
0.000000
0.000000
0.000000
0.000000
0.000000
6244.246391
6781.390000
4633.450059
5674.679066
6781.390000
6781.390000
6781.390000
6781.390000
6781.390000
6781.390000
6781.390000
6781.390000
6781.390000
6781.390000
6781.390000
6781.390000
6781.390000
6781.390000
6781.390000
6781.390000
6781.390000
6781.390000
6781.390000
6781.390000
6781.390000
6781.390000
6781.390000
6781.390000
6781.390000
6781.390000
6781.390000
6781.390000
6781.390000
6781.390000
6781.390000
6781.390000
0.000000
0.000000
0.000000
0.000000
0.000000
0.000000
0.000000
0.000000
2894.056814
3618.551187
4349.266874
5083.780046
6781.390000
6781.390000
6781.390000
6781.390000
6781.390000
6781.390000
6781.390000
6781.390000
6781.390000
6781.390000
6781.390000
6781.390000
6781.390000
6781.390000
6781.390000
6781.390000
6781.390000
6781.390000
6781.390000
6781.390000
6781.390000
6781.390000
6781.390000
6781.390000
6781.390000
6781.390000
6781.390000
6781.390000
6781.390000
6781.390000
6781.390000
6781.390000
6781.390000
6781.390000
6781.390000
6781.390000
6781.390000
6781.390000
6781.390000
6781.390000
6781.390000
6781.390000
6781.390000
6781.390000
6781.390000
6781.390000
6781.390000
6781.390000
6781.390000
6781.390000
6781.390000
6781.390000
6781.390000
6781.390000
6781.390000
6781.390000
6781.390000
6781.390000
6781.390000
6781.390000
6781.390000
6781.390000
6781.390000
6781.390000
6781.390000
6781.390000
6781.390000
6781.390000
6781.390000
6781.390000
6781.390000
6781.390000
6781.390000
6781.390000
6781.390000
6781.390000
6781.390000
6781.390000
6781.390000
6781.390000
6781.390000
6781.390000
6781.390000
6781.390000
6781.390000
6781.390000
6781.390000
6781.390000
0.000000
0.000000
0.000000
0.000000
5457.880817
6333.625665
6781.390000
6781.390000
6781.390000
6781.390000
6781.390000
6781.390000
6781.390000
6781.390000
6781.390000
6781.390000
6781.390000
6781.390000
6781.390000
6781.390000
6781.390000
6781.390000
6781.390000
6781.390000
6781.390000
6781.390000
6781.390000
6781.390000
6781.390000
6781.390000
6781.390000
6781.390000
6781.390000
6781.390000
6781.390000
6781.390000
6781.390000
6781.390000
6781.390000
6781.390000
6781.390000
6781.390000
6781.390000
6781.390000
0.000000
0.000000
0.000000
0.000000
0.000000
0.000000
0.000000
0.000000
0.000000
0.000000
0.000000
0.000000
0.000000
799.764477
5720.742759
6781.390000
6781.390000
6781.390000
6781.390000
6781.390000
6781.390000
6781.390000
6781.390000
6781.390000
6781.390000
6781.390000
6781.390000
6781.390000
6781.390000
6781.390000
6781.390000
6781.390000
6781.390000
6781.390000
6781.390000
6781.390000
6781.390000
6781.390000
6781.390000
6781.390000
6781.390000
6781.390000
6781.390000
6781.390000
6781.390000
6781.390000
2948.070708
3773.185477
0.000000
0.000000
0.000000
0.000000
0.000000
0.000000
0.000000
0.000000
0.000000
0.000000
0.000000
0.000000
5646.237608
6374.968782
6781.390000
5992.835208
4087.479563
6781.390000
6781.390000
6781.390000
6781.390000
6781.390000
6781.390000
6781.390000
6781.390000
6781.390000
6781.390000
6781.390000
6781.390000
6781.390000
6781.390000
6781.390000
6781.390000
6781.390000
6781.390000
6781.390000
6781.390000
6781.390000
6781.390000
6781.390000
6781.390000
6781.390000
6781.390000
6781.390000
6781.390000
6781.390000
6781.390000
6781.390000
6781.390000
6781.390000
6781.390000
6781.390000
6781.390000
6336.023594
6781.390000
6781.390000
6781.390000
6781.390000
6781.390000
6781.390000
6781.390000
6781.390000
6781.390000
6781.390000
6781.390000
6781.390000
6781.390000
6781.390000
6781.390000
6781.390000
6781.390000
6781.390000
6781.390000
6781.390000
6781.390000
6781.390000
6781.390000
6781.390000
6781.390000
6781.390000
6781.390000
6781.390000
6781.390000
6781.390000
6781.390000
6781.390000
6781.390000
6781.390000
6781.390000
6781.390000
6781.390000
6781.390000
6781.390000
6781.390000
6781.390000
6781.390000
6781.390000
6781.390000
6781.390000
6781.390000
6781.390000
6607.195094
6781.390000
6781.390000
6781.390000
6781.390000
6781.390000
6781.390000
6781.390000
6781.390000
6781.390000
6781.390000
6781.390000
6781.390000
6781.390000
6781.390000
6781.390000
6781.390000
6781.390000
6781.390000
6781.390000
6781.390000
6781.390000
6781.390000
6781.390000
6781.390000
6781.390000
6781.390000
6781.390000
6781.390000
6781.390000
6781.390000
6781.390000
6781.390000
6781.390000
6781.390000
6781.390000
6781.390000
6781.390000
6781.390000
6781.390000
6781.390000
6781.390000
6781.390000
6781.390000
6781.390000
6781.390000
6781.390000
6781.390000
6781.390000
6781.390000
6781.390000
6781.390000
6781.390000
6781.390000
6781.390000
6781.390000
6781.390000
6781.390000
6781.390000
6781.390000
6781.390000
6781.390000
6781.390000
6781.390000
6781.390000
6781.390000
6781.390000
6781.390000
6781.390000
6781.390000
6781.390000
6781.390000
6781.390000
6781.390000
6781.390000
6781.390000
6781.390000
6781.390000
6781.390000
6781.390000
6781.390000
6781.390000
6781.390000
6781.390000
6781.390000
6781.390000
6781.390000
6781.390000
6781.390000
6781.390000
6781.390000
6781.390000
6781.390000
6781.390000
6781.390000
6781.390000
6781.390000
6781.390000
6781.390000
6781.390000
6781.390000
6781.390000
6781.390000
6781.390000
6781.390000
6781.390000
6781.390000
6781.390000
6781.390000
6781.390000
6781.390000
6781.390000
6781.390000
6781.390000
6781.390000
6781.390000
6781.390000
6781.390000
6781.390000
6781.390000
6781.390000
6781.390000
6781.390000
6781.390000
6781.390000
6781.390000
6781.390000
6781.390000
6781.390000
6781.390000
6781.390000
6781.390000
6781.390000
6781.390000
6781.390000
6781.390000
6781.390000
6781.390000
6781.390000
6781.390000
6781.390000
6781.390000
6781.390000
6781.390000
6781.390000
6781.390000
6781.390000
6781.390000
6781.390000
6781.390000
6781.390000
6781.390000
6781.390000
6781.390000
6781.390000
6781.390000
6781.390000
6781.390000
6781.390000
6781.390000
6781.390000
6781.390000
6781.390000
6781.390000
6781.390000
6781.390000
6781.390000
6781.390000
6781.390000
6781.390000
6781.390000
6781.390000
6781.390000
6781.390000
6781.390000
6781.390000
6781.390000
6781.390000
6781.390000
6781.390000
6781.390000
6781.390000
6781.390000
6781.390000
6781.390000
6781.390000
6781.390000
6781.390000
6781.390000
0.000000
1286.883849
6781.390000
6781.390000
6781.390000
6781.390000
6781.390000
6781.390000
6781.390000
6781.390000
6781.390000
6781.390000
6781.390000
6781.390000
6781.390000
6781.390000
6781.390000
6781.390000
6781.390000
6781.390000
6781.390000
6781.390000
6781.390000
6781.390000
6781.390000
6781.390000
6781.390000
6781.390000
6781.390000
6781.390000
6781.390000
6781.390000
6781.390000
6781.390000
6781.390000
6781.390000
6781.390000
6781.390000
6781.390000
6781.390000
6781.390000
6781.390000
6781.390000
6781.390000
6781.390000
6781.390000
6781.390000
6781.390000
6781.390000
6781.390000
6781.390000
6781.390000
6781.390000
6781.390000
6781.390000
6781.390000
6781.390000
6781.390000
6781.390000
6781.390000
6781.390000
6781.390000
6781.390000
6781.390000
6781.390000
6781.390000
6781.390000
6781.390000
6781.390000
6781.390000
6781.390000
6781.390000
6781.390000
6781.390000
6781.390000
6781.390000
6781.390000
6781.390000
6781.390000
6781.390000
6781.390000
6781.390000
6781.390000
6781.390000
6781.390000
6781.390000
6781.390000
6781.390000
6781.390000
6781.390000
6781.390000
6781.390000
6781.390000
6781.390000
6781.390000
6781.390000
6781.390000
6781.390000
6781.390000
6781.390000
6781.390000
6781.390000
6781.390000
6781.390000
6781.390000
6781.390000
6781.390000
6781.390000
6781.390000
6781.390000
6781.390000
6781.390000
6781.390000
6781.390000
6781.390000
6781.390000
6781.390000
6781.390000
6781.390000
6781.390000
6781.390000
6781.390000
6781.390000
6781.390000
6781.390000
6781.390000
6781.390000
6781.390000
6781.390000
6781.390000
6781.390000
6781.390000
6781.390000
6781.390000
6781.390000
6781.390000
6781.390000
6781.390000
6781.390000
6781.390000
6781.390000
6781.390000
6781.390000
6781.390000
6781.390000
6781.390000
6781.390000
6781.390000
6781.390000
6781.390000
6781.390000
6781.390000
6781.390000
6781.390000
6781.390000
6781.390000
6781.390000
6781.390000
6781.390000
6781.390000
6781.390000
6781.390000
6781.390000
6781.390000
6781.390000
6781.390000
6781.390000
6781.390000
6781.390000
6781.390000
6781.390000
6781.390000
6781.390000
6781.390000
6781.390000
6781.390000
6781.390000
6781.390000
6781.390000
6781.390000
6781.390000
6781.390000
6781.390000
6781.390000
6781.390000
6781.390000
6781.390000
6781.390000
6781.390000
6781.390000
6781.390000
6781.390000
6781.390000
6781.390000
6781.390000
6781.390000
6781.390000
6781.390000
6781.390000
6781.390000
6781.390000
6781.390000
6781.390000
6781.390000
6781.390000
6781.390000
6781.390000
6781.390000
6781.390000
6781.390000
6781.390000
6781.390000
6781.390000
6781.390000
6781.390000
6781.390000
6781.390000
6781.390000
6781.390000
6781.390000
6781.390000
6781.390000
6781.390000
6781.390000
6781.390000
6781.390000
6781.390000
6781.390000
6781.390000
6781.390000
6781.390000
6781.390000
6781.390000
6781.390000
6781.390000
6781.390000
6781.390000
6781.390000
6781.390000
6781.390000
6781.390000
6781.390000
6781.390000
6781.390000
6781.390000
6781.390000
6781.390000
6781.390000
6781.390000
6781.390000
6781.390000
6781.390000
6781.390000
6781.390000
6781.390000
6781.390000
6781.390000
6781.390000
6781.390000
6781.390000
6781.390000
6781.390000
6781.390000
6781.390000
6781.390000
6781.390000
6781.390000
6781.390000
6781.390000
6781.390000
6781.390000
6781.390000
6781.390000
6781.390000
6781.390000
6781.390000
6781.390000
6781.390000
6781.390000
6781.390000
6781.390000
6781.390000
6781.390000
6781.390000
6781.390000
6781.390000
6781.390000
6781.390000
6781.390000
6781.390000
6781.390000
6781.390000
6781.390000
6781.390000
6781.390000
6781.390000
6781.390000
6781.390000
6781.390000
6781.390000
6781.390000
6781.390000
6781.390000
6781.390000
6781.390000
6781.390000
6781.390000
6781.390000
6781.390000
6781.390000
6781.390000
6781.390000
6781.390000
6781.390000
6781.390000
6781.390000
6781.390000
6781.390000
6781.390000
6781.390000
6781.390000
6781.390000
6781.390000
6781.390000
6781.390000
6781.390000
6781.390000
6781.390000
6781.390000
6781.390000
6781.390000
6781.390000
6781.390000
6781.390000
6781.390000
6781.390000
6781.390000
6781.390000
6781.390000
6781.390000
6781.390000
6781.390000
6781.390000
6781.390000
6781.390000
6781.390000
6781.390000
6781.390000
6781.390000
6781.390000
6781.390000
6781.390000
6781.390000
6781.390000
6781.390000
6781.390000
6781.390000
6781.390000
6781.390000
6781.390000
6781.390000
6781.390000
6781.390000
6781.390000
6781.390000
6781.390000
6781.390000
6781.390000
6781.390000
6781.390000
6781.390000
6781.390000
6781.390000
6781.390000
6781.390000
6781.390000
6781.390000
6781.390000
6781.390000
6781.390000
6781.390000
6781.390000
0.000000
0.000000
0.000000
0.000000
0.000000
0.000000
0.000000
0.000000
0.000000
0.000000
310.524005
0.000000
5976.640556
6759.658285
6781.390000
6781.390000
6781.390000
6781.390000
6781.390000
6781.390000
6781.390000
6781.390000
6781.390000
6781.390000
6781.390000
6781.390000
6781.390000
6781.390000
6781.390000
6781.390000
6781.390000
6781.390000
6781.390000
6781.390000
6781.390000
6781.390000
6781.390000
6781.390000
6781.390000
6781.390000
6781.390000
6781.390000
6781.390000
6781.390000
6781.390000
6781.390000
6781.390000
6781.390000
0.000000
351.702524
0.000000
0.000000
0.000000
0.000000
0.000000
0.000000
108.536865
814.573497
6781.390000
6781.390000
6781.390000
6781.390000
6781.390000
6781.390000
6781.390000
6781.390000
6781.390000
6781.390000
6781.390000
6781.390000
6781.390000
6781.390000
6781.390000
6781.390000
6781.390000
6781.390000
6781.390000
6781.390000
6781.390000
6781.390000
6781.390000
6781.390000
6781.390000
6781.390000
6781.390000
6781.390000
6781.390000
6781.390000
6781.390000
6781.390000
6781.390000
6781.390000
6781.390000
6781.390000
6781.390000
6781.390000
0.000000
1707.370502
0.000000
0.000000
0.000000
0.000000
0.000000
0.000000
2767.365555
3644.971853
6781.390000
6781.390000
6781.390000
6781.390000
6781.390000
6781.390000
6781.390000
6781.390000
6781.390000
6781.390000
6781.390000
6781.390000
6781.390000
6781.390000
6781.390000
6781.390000
6781.390000
6781.390000
6781.390000
6781.390000
6781.390000
6781.390000
6781.390000
6781.390000
6781.390000
6781.390000
6781.390000
6781.390000
6781.390000
6781.390000
6781.390000
6781.390000
6781.390000
6781.390000
6781.390000
6781.390000
6781.390000
6781.390000
0.000000
0.000000
0.000000
0.000000
0.000000
0.000000
5347.317075
5602.769863
3335.466745
4107.609060
6781.390000
6781.390000
6781.390000
6781.390000
6781.390000
6781.390000
6781.390000
6781.390000
6781.390000
6781.390000
6781.390000
6781.390000
6781.390000
6781.390000
6781.390000
6781.390000
6781.390000
6781.390000
6781.390000
6781.390000
6781.390000
6781.390000
6781.390000
6781.390000
6781.390000
6781.390000
6781.390000
6781.390000
6781.390000
6781.390000
6781.390000
6781.390000
6781.390000
6781.390000
6781.390000
6781.390000
6781.390000
6781.390000
6781.390000
6781.390000
6781.390000
6781.390000
6781.390000
6781.390000
6781.390000
6781.390000
6781.390000
6781.390000
6781.390000
6781.390000
6781.390000
6781.390000
6781.390000
6781.390000
6781.390000
6781.390000
6781.390000
6781.390000
6781.390000
6781.390000
6781.390000
6781.390000
6781.390000
6781.390000
6781.390000
6781.390000
6781.390000
6781.390000
6781.390000
6781.390000
6781.390000
6781.390000
6781.390000
6781.390000
6781.390000
6781.390000
6781.390000
6781.390000
6781.390000
6781.390000
6781.390000
6781.390000
6781.390000
6781.390000
6781.390000
6781.390000
6781.390000
6781.390000
6781.390000
6781.390000
6781.390000
6781.390000
6781.390000
6781.390000
6781.390000
6781.390000
6781.390000
6781.390000
6781.390000
6781.390000
6781.390000
6781.390000
6781.390000
6781.390000
6781.390000
6781.390000
6781.390000
6781.390000
6781.390000
6781.390000
6781.390000
6781.390000
6781.390000
6781.390000
6781.390000
6781.390000
6781.390000
6781.390000
6781.390000
6781.390000
6781.390000
6781.390000
6781.390000
6781.390000
6781.390000
6781.390000
6781.390000
6781.390000
6781.390000
6781.390000
6781.390000
6781.390000
6781.390000
6781.390000
6781.390000
6781.390000
6781.390000
6781.390000
6781.390000
6781.390000
6781.390000
6781.390000
6781.390000
6781.390000
6781.390000
6781.390000
6781.390000
6781.390000
6781.390000
6781.390000
6781.390000
6781.390000
6781.390000
6781.390000
6781.390000
6781.390000
6781.390000
6781.390000
6781.390000
6781.390000
6781.390000
6781.390000
6781.390000
6781.390000
6781.390000
6781.390000
6781.390000
6781.390000
6781.390000
6781.390000
6781.390000
6781.390000
6781.390000
6781.390000
6781.390000
6781.390000
6781.390000
6781.390000
6781.390000
6781.390000
6781.390000
6781.390000
726.116012
2101.016195
0.000000
0.000000
0.000000
0.000000
0.000000
1054.133614
5567.237980
5457.629549
6781.390000
6781.390000
6781.390000
6781.390000
6781.390000
6781.390000
6781.390000
6781.390000
6781.390000
6781.390000
6781.390000
6781.390000
6781.390000
6781.390000
6781.390000
6781.390000
6781.390000
6781.390000
6781.390000
6781.390000
6781.390000
6781.390000
6781.390000
6781.390000
6781.390000
6781.390000
6781.390000
6781.390000
6781.390000
6781.390000
6781.390000
6781.390000
6781.390000
6781.390000
6781.390000
6781.390000
6781.390000
6781.390000
6781.390000
6781.390000
4017.748615
1810.242614
0.000000
0.000000
0.000000
0.000000
3653.748102
4427.770248
6781.390000
6781.390000
6781.390000
6781.390000
6781.390000
6781.390000
6781.390000
6781.390000
6781.390000
6781.390000
6781.390000
6781.390000
6781.390000
6781.390000
6781.390000
6781.390000
6781.390000
6781.390000
6781.390000
6781.390000
6781.390000
6781.390000
6781.390000
6781.390000
6781.390000
6781.390000
6781.390000
6781.390000
6781.390000
6781.390000
6781.390000
6781.390000
6781.390000
6781.390000
6781.390000
6781.390000
6781.390000
6781.390000
6781.390000
6781.390000
2901.776654
453.094253
0.000000
0.000000
0.000000
0.000000
0.000000
0.000000
1710.156069
2439.231968
6781.390000
6781.390000
6781.390000
6781.390000
6781.390000
6781.390000
6781.390000
6781.390000
6781.390000
6781.390000
6781.390000
6781.390000
6781.390000
6781.390000
6781.390000
6781.390000
6781.390000
6781.390000
6781.390000
6781.390000
6781.390000
6781.390000
6781.390000
6781.390000
6781.390000
6781.390000
6781.390000
6781.390000
6781.390000
6781.390000
6781.390000
6781.390000
6781.390000
6781.390000
6781.390000
6781.390000
0.000000
943.201526
0.000000
0.000000
0.000000
0.000000
0.000000
0.000000
3000.584624
3927.217157
6781.390000
6781.390000
6781.390000
6781.390000
6781.390000
6781.390000
6781.390000
6781.390000
6781.390000
6781.390000
6781.390000
6781.390000
6781.390000
6781.390000
6781.390000
6781.390000
6781.390000
6781.390000
6781.390000
6781.390000
6781.390000
6781.390000
6781.390000
6781.390000
6781.390000
6781.390000
6781.390000
6781.390000
6781.390000
6781.390000
6781.390000
6781.390000
6781.390000
6781.390000
6781.390000
6781.390000
6781.390000
6781.390000
6781.390000
6781.390000
6781.390000
6307.047407
0.000000
0.000000
0.000000
0.000000
2650.679365
3241.482346
6781.390000
6781.390000
6781.390000
6781.390000
6781.390000
6781.390000
6781.390000
6781.390000
6781.390000
6781.390000
6781.390000
6781.390000
6781.390000
6781.390000
6781.390000
6781.390000
6781.390000
6781.390000
6781.390000
6781.390000
6781.390000
6781.390000
6781.390000
6781.390000
6781.390000
6781.390000
6781.390000
6781.390000
6781.390000
6781.390000
6781.390000
6781.390000
6781.390000
6781.390000
6781.390000
6781.390000
6781.390000
6781.390000
6781.390000
6781.390000
2683.358199
280.826394
0.000000
0.000000
0.000000
0.000000
0.000000
0.000000
6259.424029
6781.390000
0.000000
515.171386
2504.274889
6781.390000
6781.390000
6781.390000
6781.390000
6781.390000
6781.390000
6781.390000
6781.390000
6781.390000
6781.390000
6781.390000
6781.390000
6781.390000
6781.390000
6781.390000
6781.390000
6781.390000
6781.390000
6781.390000
6781.390000
6781.390000
6781.390000
6781.390000
6781.390000
6781.390000
6781.390000
6781.390000
6781.390000
6781.390000
6781.390000
6781.390000
6781.390000
6781.390000
0.000000
0.000000
0.000000
0.000000
0.000000
0.000000
0.000000
0.000000
0.000000
0.000000
6781.390000
6781.390000
6781.390000
6781.390000
6781.390000
6781.390000
6153.748876
6781.390000
6781.390000
6781.390000
6781.390000
6781.390000
6781.390000
6781.390000
6781.390000
6781.390000
6781.390000
6781.390000
6781.390000
6781.390000
6781.390000
6781.390000
6781.390000
6781.390000
6781.390000
6781.390000
6781.390000
6781.390000
6781.390000
6781.390000
6781.390000
6781.390000
6781.390000
6781.390000
6781.390000
6781.390000
6781.390000
6781.390000
0.000000
0.000000
0.000000
0.000000
0.000000
0.000000
0.000000
0.000000
0.000000
0.000000
1657.497420
1241.760729
0.000000
0.000000
2264.159553
6781.390000
6781.390000
6781.390000
6781.390000
6781.390000
6781.390000
6781.390000
6781.390000
6781.390000
6781.390000
6781.390000
6781.390000
6781.390000
6781.390000
6781.390000
6781.390000
6781.390000
6781.390000
6781.390000
6781.390000
6781.390000
6781.390000
6781.390000
6781.390000
6781.390000
6781.390000
6781.390000
6781.390000
6781.390000
6781.390000
6781.390000
6781.390000
6781.390000
0.000000
1341.395989
0.000000
0.000000
0.000000
0.000000
0.000000
0.000000
424.299638
857.128523
0.000000
0.000000
0.000000
885.645000
6589.622736
2373.043965
6781.390000
6781.390000
6781.390000
6781.390000
6781.390000
6781.390000
6781.390000
6781.390000
6781.390000
6781.390000
6781.390000
6781.390000
6781.390000
6781.390000
6781.390000
6781.390000
6781.390000
6781.390000
6781.390000
6781.390000
6781.390000
6781.390000
6781.390000
6781.390000
6781.390000
6781.390000
6781.390000
6781.390000
6781.390000
6781.390000
6781.390000
6781.390000
6781.390000
6781.390000
2994.570595
935.137766
0.000000
0.000000
0.000000
0.000000
0.000000
0.000000
0.000000
282.675272
563.115986
2340.576115
2096.730176
6781.390000
6781.390000
6781.390000
6781.390000
6781.390000
6781.390000
6781.390000
6781.390000
6781.390000
6781.390000
6781.390000
6781.390000
6781.390000
6781.390000
6781.390000
6781.390000
6781.390000
6781.390000
6781.390000
6781.390000
6781.390000
6781.390000
6781.390000
6781.390000
6781.390000
6781.390000
6781.390000
6781.390000
6781.390000
6781.390000
6781.390000
6781.390000
6781.390000
0.000000
0.000000
0.000000
0.000000
0.000000
0.000000
0.000000
0.000000
0.000000
338.796277
6603.233169
6781.390000
6781.390000
6781.390000
6781.390000
3611.494655
6412.155811
6781.390000
6781.390000
6781.390000
6781.390000
6781.390000
6781.390000
6781.390000
6781.390000
6781.390000
6781.390000
6781.390000
6781.390000
6781.390000
6781.390000
6781.390000
6781.390000
6781.390000
6781.390000
6781.390000
6781.390000
6781.390000
6781.390000
6781.390000
6781.390000
6781.390000
6781.390000
6781.390000
6781.390000
6781.390000
6781.390000
6781.390000
6781.390000
6781.390000
5097.359205
2649.313838
2704.274177
646.994355
2336.232290
2196.370353
6781.390000
6781.390000
6781.390000
6781.390000
6781.390000
6781.390000
6781.390000
6781.390000
6781.390000
6781.390000
6781.390000
6781.390000
6781.390000
6781.390000
6781.390000
6781.390000
6781.390000
6781.390000
6781.390000
6781.390000
6781.390000
6781.390000
6781.390000
6781.390000
6781.390000
6781.390000
6781.390000
6781.390000
6781.390000
6781.390000
6781.390000
6781.390000
6781.390000
6781.390000
6781.390000
6781.390000
6781.390000
6781.390000
6781.390000
6781.390000
6781.390000
6781.390000
6781.390000
6781.390000
6781.390000
6781.390000
6781.390000
6781.390000
6781.390000
6781.390000
6781.390000
6781.390000
6781.390000
6781.390000
6781.390000
6781.390000
6781.390000
6781.390000
6781.390000
6781.390000
6781.390000
6781.390000
6781.390000
6781.390000
6781.390000
6781.390000
6781.390000
6781.390000
6781.390000
6781.390000
6781.390000
6781.390000
6781.390000
6781.390000
6781.390000
6781.390000
6781.390000
6781.390000
6781.390000
6781.390000
6781.390000
6781.390000
6781.390000
6781.390000
6781.390000
6781.390000
6781.390000
6781.390000
6781.390000
6781.390000
0.000000
1189.532765
0.000000
1859.685932
4990.096669
6781.390000
2943.258260
3067.266703
6781.390000
6429.063824
563.273156
946.211914
6781.390000
6781.390000
6781.390000
6781.390000
6781.390000
6781.390000
6781.390000
6781.390000
6781.390000
6781.390000
6781.390000
6781.390000
6781.390000
6781.390000
6781.390000
6781.390000
6781.390000
6781.390000
6781.390000
6781.390000
6781.390000
6781.390000
6781.390000
6781.390000
6781.390000
6781.390000
6781.390000
6781.390000
6781.390000
6781.390000
6781.390000
6781.390000
6781.390000
6781.390000
6781.390000
6781.390000
2322.402922
4181.169477
6781.390000
6781.390000
0.000000
10.500159
6781.390000
6781.390000
6781.390000
6781.390000
6781.390000
6781.390000
6781.390000
6781.390000
6781.390000
6781.390000
6781.390000
6781.390000
6781.390000
6781.390000
6781.390000
6781.390000
6781.390000
6781.390000
6781.390000
6781.390000
6781.390000
6781.390000
6781.390000
6781.390000
6781.390000
6781.390000
6781.390000
6781.390000
6781.390000
6781.390000
6781.390000
6781.390000
6781.390000
6781.390000
6781.390000
6781.390000
6781.390000
6781.390000
6781.390000
6781.390000
6781.390000
6781.390000
5252.338589
2890.589791
0.000000
0.000000
0.000000
0.000000
5407.715922
6286.230304
4101.617096
4744.956421
6781.390000
6781.390000
6781.390000
5639.231154
6781.390000
6781.390000
6781.390000
6781.390000
6781.390000
6781.390000
6781.390000
6781.390000
6781.390000
6781.390000
6781.390000
6781.390000
6781.390000
6781.390000
6781.390000
6781.390000
6781.390000
6781.390000
6781.390000
6781.390000
6781.390000
6781.390000
6781.390000
6781.390000
6781.390000
6781.390000
6781.390000
6781.390000
6781.390000
6781.390000
6781.390000
6781.390000
6781.390000
6781.390000
6781.390000
6781.390000
1437.415849
0.000000
0.000000
0.000000
6781.390000
6781.390000
6781.390000
6781.390000
6781.390000
6781.390000
6781.390000
6781.390000
6781.390000
6781.390000
6781.390000
6781.390000
6781.390000
6781.390000
6781.390000
6781.390000
6781.390000
6781.390000
6781.390000
6781.390000
6781.390000
6781.390000
6781.390000
6781.390000
6781.390000
6781.390000
6781.390000
6781.390000
6781.390000
6781.390000
6781.390000
6781.390000
6781.390000
6781.390000
6781.390000
6781.390000
6781.390000
6781.390000
6781.390000
6781.390000
6781.390000
6781.390000
6781.390000
4979.817181
0.000000
0.000000
0.000000
0.000000
0.000000
0.000000
6781.390000
6781.390000
6781.390000
6781.390000
6781.390000
6781.390000
6781.390000
6781.390000
6781.390000
6781.390000
6781.390000
6781.390000
6781.390000
6781.390000
6781.390000
6781.390000
6781.390000
6781.390000
6781.390000
6781.390000
6781.390000
6781.390000
6781.390000
6781.390000
6781.390000
6781.390000
6781.390000
6781.390000
6781.390000
6781.390000
6781.390000
6781.390000
6781.390000
6781.390000
6781.390000
6781.390000
6781.390000
6781.390000
6781.390000
6781.390000
6781.390000
6781.390000
6781.390000
6781.390000
6781.390000
6781.390000
6781.390000
6781.390000
6781.390000
6781.390000
6781.390000
6781.390000
6781.390000
6781.390000
6781.390000
6781.390000
6781.390000
6781.390000
6781.390000
6781.390000
6781.390000
6781.390000
6781.390000
6781.390000
6781.390000
6781.390000
6781.390000
6781.390000
6781.390000
6781.390000
6781.390000
6781.390000
6781.390000
6781.390000
6781.390000
6781.390000
6781.390000
6781.390000
6781.390000
6781.390000
6781.390000
6781.390000
6781.390000
6781.390000
6781.390000
6781.390000
6781.390000
6781.390000
6781.390000
6781.390000
0.000000
0.000000
0.000000
0.000000
2416.259991
3112.180875
6781.390000
6781.390000
6781.390000
6781.390000
6781.390000
6781.390000
6781.390000
6781.390000
6781.390000
6781.390000
6781.390000
6781.390000
6781.390000
6781.390000
6781.390000
6781.390000
6781.390000
6781.390000
6781.390000
6781.390000
6781.390000
6781.390000
6781.390000
6781.390000
6781.390000
6781.390000
6781.390000
6781.390000
6781.390000
6781.390000
6781.390000
6781.390000
6781.390000
6781.390000
6781.390000
6781.390000
6781.390000
6781.390000
0.000000
0.000000
0.000000
0.000000
0.000000
0.000000
0.000000
0.000000
2341.578526
2275.537620
6781.390000
6781.390000
6781.390000
6781.390000
6781.390000
6781.390000
6781.390000
6781.390000
6781.390000
6781.390000
6781.390000
6781.390000
6781.390000
6781.390000
6781.390000
6781.390000
6781.390000
6781.390000
6781.390000
6781.390000
6781.390000
6781.390000
6781.390000
6781.390000
6781.390000
6781.390000
6781.390000
6781.390000
6781.390000
6781.390000
6781.390000
6781.390000
6781.390000
6781.390000
6781.390000
6781.390000
6781.390000
6781.390000
6781.390000
6781.390000
2617.606268
4638.113147
4185.055400
6287.533526
733.507582
2246.368020
5682.780797
5689.960262
6781.390000
6781.390000
6781.390000
6781.390000
6781.390000
6781.390000
6781.390000
6781.390000
6781.390000
6781.390000
6781.390000
6781.390000
6781.390000
6781.390000
6781.390000
6781.390000
6781.390000
6781.390000
6781.390000
6781.390000
6781.390000
6781.390000
6781.390000
6781.390000
6781.390000
6781.390000
6781.390000
6781.390000
6781.390000
6781.390000
6781.390000
6781.390000
6781.390000
6781.390000
6781.390000
6781.390000
6781.390000
6781.390000
6781.390000
6781.390000
6781.390000
6781.390000
6781.390000
6781.390000
6781.390000
6781.390000
6781.390000
6781.390000
6781.390000
6781.390000
6781.390000
6781.390000
6781.390000
6781.390000
6781.390000
6781.390000
6781.390000
6781.390000
6781.390000
6781.390000
6781.390000
6781.390000
6781.390000
6781.390000
6781.390000
6781.390000
6781.390000
6781.390000
6781.390000
6781.390000
6781.390000
6781.390000
6781.390000
6781.390000
6781.390000
6781.390000
6781.390000
6781.390000
6781.390000
6781.390000
6781.390000
6781.390000
6781.390000
6781.390000
6781.390000
6781.390000
6781.390000
6781.390000
6781.390000
6781.390000
6781.390000
6781.390000
6781.390000
6781.390000
6781.390000
6781.390000
6781.390000
6781.390000
6781.390000
6781.390000
6781.390000
6781.390000
6781.390000
6781.390000
6781.390000
6781.390000
6781.390000
6781.390000
6781.390000
6781.390000
6781.390000
6781.390000
6781.390000
6781.390000
6781.390000
6781.390000
6781.390000
6781.390000
6781.390000
6781.390000
6781.390000
6781.390000
6781.390000
6781.390000
6781.390000
6781.390000
6781.390000
6781.390000
6781.390000
6781.390000
6781.390000
6781.390000
6781.390000
6781.390000
6781.390000
6781.390000
6781.390000
6781.390000
6781.390000
6781.390000
6781.390000
6781.390000
6781.390000
6781.390000
6781.390000
6781.390000
6781.390000
6781.390000
6781.390000
6781.390000
6781.390000
6781.390000
6781.390000
6781.390000
6781.390000
6781.390000
6781.390000
6781.390000
6781.390000
6781.390000
6781.390000
6781.390000
6781.390000
6781.390000
6781.390000
6781.390000
6781.390000
6781.390000
6781.390000
6781.390000
6781.390000
6781.390000
6781.390000
6781.390000
6781.390000
6781.390000
6781.390000
6781.390000
6781.390000
6781.390000
6781.390000
6781.390000
6781.390000
6781.390000
6781.390000
6781.390000
6781.390000
6781.390000
6781.390000
6781.390000
6781.390000
6781.390000
6781.390000
6781.390000
6781.390000
6781.390000
6781.390000
6781.390000
6781.390000
6781.390000
6781.390000
6781.390000
6781.390000
6781.390000
6781.390000
6781.390000
6781.390000
6781.390000
6781.390000
6781.390000
6781.390000
6781.390000
6781.390000
6781.390000
6781.390000
6781.390000
6781.390000
6781.390000
6781.390000
6781.390000
6781.390000
6781.390000
6781.390000
6781.390000
6781.390000
6781.390000
6781.390000
6781.390000
6781.390000
6781.390000
6781.390000
6781.390000
6781.390000
6781.390000
6781.390000
6781.390000
6781.390000
6781.390000
6781.390000
6781.390000
6781.390000
6781.390000
6781.390000
6781.390000
6781.390000
6781.390000
6781.390000
6781.390000
6781.390000
6781.390000
6781.390000
6781.390000
6781.390000
6781.390000
6781.390000
6781.390000
6781.390000
6781.390000
6781.390000
6781.390000
6781.390000
6781.390000
6781.390000
6781.390000
6781.390000
6781.390000
6781.390000
6781.390000
6781.390000
6781.390000
6781.390000
6781.390000
6781.390000
6781.390000
6781.390000
6781.390000
6781.390000
6781.390000
6781.390000
6781.390000
6781.390000
6781.390000
6781.390000
6781.390000
6781.390000
6781.390000
6781.390000
6781.390000
6781.390000
6781.390000
6781.390000
6781.390000
6781.390000
6781.390000
6781.390000
6781.390000
6781.390000
6781.390000
6781.390000
6781.390000
6781.390000
6781.390000
6781.390000
6781.390000
6781.390000
6781.390000
6781.390000
6781.390000
6781.390000
6781.390000
6781.390000
6781.390000
6781.390000
6781.390000
6781.390000
6781.390000
6781.390000
6781.390000
6781.390000
6781.390000
6781.390000
6781.390000
6781.390000
6781.390000
6781.390000
6781.390000
6781.390000
6781.390000
6781.390000
6781.390000
6781.390000
6781.390000
6781.390000
6781.390000
6781.390000
6781.390000
6781.390000
6781.390000
6781.390000
6781.390000
6781.390000
6781.390000
6781.390000
6781.390000
6781.390000
6781.390000
6781.390000
6781.390000
6781.390000
6781.390000
6781.390000
6781.390000
6781.390000
6781.390000
6781.390000
6781.390000
6781.390000
6781.390000
6781.390000
6781.390000
6781.390000
6781.390000
6781.390000
6781.390000
6781.390000
6781.390000
6781.390000
6781.390000
6781.390000
6781.390000
6781.390000
6781.390000
6781.390000
6781.390000
6781.390000
6781.390000
6781.390000
6781.390000
6781.390000
6781.390000
6781.390000
6781.390000
6781.390000
6781.390000
6781.390000
6781.390000
6781.390000
6781.390000
6781.390000
6781.390000
6781.390000
6781.390000
6781.390000
6781.390000
6781.390000
6781.390000
6781.390000
6781.390000
6781.390000
6781.390000
6781.390000
6781.390000
6781.390000
6781.390000
6781.390000
6781.390000
6781.390000
6781.390000
6781.390000
6781.390000
6781.390000
6781.390000
6781.390000
6781.390000
6781.390000
6781.390000
6781.390000
6781.390000
6781.390000
6781.390000
6781.390000
6781.390000
6781.390000
6781.390000
6781.390000
6781.390000
6781.390000
6781.390000
6781.390000
6781.390000
6781.390000
6781.390000
6781.390000
6781.390000
6781.390000
6781.390000
6781.390000
6781.390000
6781.390000
6781.390000
6781.390000
6781.390000
6781.390000
6781.390000
6781.390000
6781.390000
6781.390000
6781.390000
6781.390000
6781.390000
6781.390000
6781.390000
6781.390000
6781.390000
6781.390000
6781.390000
6781.390000
6781.390000
6781.390000
6781.390000
6781.390000
6781.390000
6781.390000
6781.390000
6781.390000
6781.390000
6781.390000
6781.390000
6781.390000
6781.390000
6781.390000
6781.390000
6781.390000
6781.390000
6781.390000
6781.390000
6781.390000
6781.390000
6781.390000
6781.390000
6781.390000
6781.390000
6781.390000
6781.390000
6781.390000
6781.390000
6781.390000
6781.390000
6781.390000
6781.390000
6781.390000
6781.390000
6781.390000
6781.390000
6781.390000
6781.390000
6781.390000
6781.390000
6781.390000
6781.390000
6781.390000
6781.390000
6781.390000
6781.390000
6781.390000
6781.390000
6781.390000
6781.390000
6781.390000
6781.390000
6781.390000
6781.390000
6781.390000
6781.390000
6781.390000
6781.390000
6781.390000
6781.390000
6781.390000
6781.390000
6781.390000
6781.390000
6781.390000
6781.390000
6781.390000
6781.390000
6781.390000
6781.390000
6781.390000
6781.390000
6781.390000
6781.390000
6781.390000
6781.390000
6781.390000
6781.390000
6781.390000
6781.390000
6781.390000
6781.390000
6781.390000
6781.390000
6781.390000
6781.390000
6781.390000
6781.390000
6781.390000
6781.390000
6781.390000
6781.390000
6781.390000
6781.390000
6781.390000
6781.390000
6781.390000
6781.390000
6781.390000
6781.390000
6781.390000
6781.390000
6781.390000
6781.390000
6781.390000
6781.390000
6781.390000
6781.390000
6781.390000
6781.390000
6781.390000
6781.390000
6781.390000
6781.390000
6781.390000
6781.390000
6781.390000
6781.390000
6781.390000
6781.390000
6781.390000
6781.390000
6781.390000
6781.390000
6781.390000
6781.390000
6781.390000
6781.390000
6781.390000
6781.390000
6781.390000
6781.390000
6781.390000
6781.390000
6781.390000
6781.390000
6781.390000
6781.390000
6781.390000
6781.390000
6781.390000
6781.390000
6781.390000
6781.390000
6781.390000
6781.390000
6781.390000
6781.390000
6781.390000
6781.390000
6781.390000
6781.390000
6781.390000
6781.390000
6781.390000
6781.390000
6781.390000
6781.390000
6781.390000
6781.390000
6781.390000
6781.390000
6781.390000
6781.390000
6781.390000
6781.390000
6781.390000
6781.390000
6781.390000
6781.390000
6781.390000
6781.390000
6781.390000
6781.390000
6781.390000
6781.390000
6781.390000
6781.390000
6781.390000
6781.390000
6781.390000
6781.390000
6781.390000
6781.390000
6781.390000
6781.390000
6781.390000
6781.390000
6781.390000
6781.390000
6781.390000
6781.390000
6781.390000
6781.390000
6781.390000
6781.390000
6781.390000
6781.390000
6781.390000
6781.390000
6781.390000
6781.390000
6781.390000
6781.390000
6781.390000
6781.390000
8.351557
1784.431294
6781.390000
6781.390000
6781.390000
6781.390000
6781.390000
6781.390000
6781.390000
6781.390000
6781.390000
6781.390000
6781.390000
6781.390000
6781.390000
6781.390000
6781.390000
6781.390000
6781.390000
6781.390000
6781.390000
6781.390000
6781.390000
6781.390000
6781.390000
6781.390000
6781.390000
6781.390000
6781.390000
6781.390000
6781.390000
6781.390000
6781.390000
6781.390000
6781.390000
6781.390000
6781.390000
6781.390000
6781.390000
6781.390000
6781.390000
6781.390000
6781.390000
6781.390000
6781.390000
6781.390000
6781.390000
6781.390000
6781.390000
6781.390000
6781.390000
6781.390000
6781.390000
6781.390000
6547.939001
6781.390000
6781.390000
6781.390000
6781.390000
6781.390000
6781.390000
6781.390000
6781.390000
6781.390000
6781.390000
6781.390000
6781.390000
6781.390000
6781.390000
6781.390000
6781.390000
6781.390000
6781.390000
6781.390000
6781.390000
6781.390000
6781.390000
6781.390000
6781.390000
6781.390000
6781.390000
6781.390000
6781.390000
6781.390000
6781.390000
6781.390000
6781.390000
6781.390000
6781.390000
6781.390000
6781.390000
6781.390000
6781.390000
6781.390000
6781.390000
6781.390000
6781.390000
6781.390000
6781.390000
6781.390000
6781.390000
6781.390000
6781.390000
6781.390000
6781.390000
6781.390000
6781.390000
6781.390000
6781.390000
6781.390000
6781.390000
6781.390000
6781.390000
6781.390000
6781.390000
6781.390000
6781.390000
6781.390000
6781.390000
6781.390000
6781.390000
6781.390000
6781.390000
6781.390000
6781.390000
6781.390000
6781.390000
6781.390000
6781.390000
6781.390000
6781.390000
6781.390000
6781.390000
6781.390000
6781.390000
6781.390000
6781.390000
6781.390000
6781.390000
6781.390000
6781.390000
6781.390000
6781.390000
6781.390000
6781.390000
6781.390000
6781.390000
6781.390000
6781.390000
6781.390000
6781.390000
6781.390000
6781.390000
6781.390000
6781.390000
6781.390000
6781.390000
6781.390000
6781.390000
6781.390000
6781.390000
6781.390000
6781.390000
6781.390000
6781.390000
6781.390000
6781.390000
6781.390000
6781.390000
6781.390000
6781.390000
6781.390000
6781.390000
6781.390000
6781.390000
6781.390000
6781.390000
6781.390000
6781.390000
6781.390000
6781.390000
6781.390000
6781.390000
6781.390000
6781.390000
6781.390000
6781.390000
6781.390000
6781.390000
6781.390000
6781.390000
6781.390000
6781.390000
6781.390000
6781.390000
6781.390000
6781.390000
6781.390000
6781.390000
6781.390000
6781.390000
6781.390000
6781.390000
6781.390000
6781.390000
6781.390000
6781.390000
6781.390000
6781.390000
6781.390000
6781.390000
6781.390000
6781.390000
6781.390000
6781.390000
6781.390000
6781.390000
6781.390000
6781.390000
6781.390000
6781.390000
6781.390000
6781.390000
6781.390000
6781.390000
6781.390000
6781.390000
6781.390000
6781.390000
6781.390000
6781.390000
6781.390000
6781.390000
6781.390000
6781.390000
6781.390000
6781.390000
6781.390000
6781.390000
6781.390000
6781.390000
6781.390000
6781.390000
6781.390000
6781.390000
6153.536717
6781.390000
6781.390000
6781.390000
6781.390000
6781.390000
6781.390000
6781.390000
6781.390000
6781.390000
6781.390000
6781.390000
6781.390000
6781.390000
6781.390000
6781.390000
6781.390000
6781.390000
6781.390000
6781.390000
6781.390000
6781.390000
6781.390000
6781.390000
6781.390000
6781.390000
6781.390000
6781.390000
6781.390000
6781.390000
6781.390000
6781.390000
6781.390000
6781.390000
6781.390000
6781.390000
6781.390000
6781.390000
6781.390000
6781.390000
6781.390000
6781.390000
6781.390000
876.745102
2365.955705
2475.015051
4664.154870
0.000000
0.000000
380.320897
2396.771563
6781.390000
6781.390000
6781.390000
6781.390000
6781.390000
6781.390000
6781.390000
6781.390000
6781.390000
6781.390000
6781.390000
6781.390000
6781.390000
6781.390000
6781.390000
6781.390000
6781.390000
6781.390000
6781.390000
6781.390000
6781.390000
6781.390000
6781.390000
6781.390000
6781.390000
6781.390000
6781.390000
6781.390000
6781.390000
6781.390000
6781.390000
6781.390000
6781.390000
6781.390000
6781.390000
6781.390000
6781.390000
6781.390000
6781.390000
6781.390000
6781.390000
6781.390000
6781.390000
6781.390000
6781.390000
6781.390000
6781.390000
6781.390000
6781.390000
6781.390000
6781.390000
6781.390000
6781.390000
6781.390000
6781.390000
6781.390000
6781.390000
6781.390000
6781.390000
6781.390000
6781.390000
6781.390000
6781.390000
6781.390000
6781.390000
6781.390000
6781.390000
6781.390000
6781.390000
6781.390000
6781.390000
6781.390000
6781.390000
6781.390000
6781.390000
6781.390000
6781.390000
6781.390000
6781.390000
6781.390000
6781.390000
6781.390000
6781.390000
6781.390000
6781.390000
6781.390000
6781.390000
6781.390000
5955.386238
6781.390000
3312.740019
0.000000
0.000000
0.000000
0.000000
0.000000
6320.313104
6781.390000
1438.331876
1743.489110
6781.390000
6781.390000
6781.390000
6781.390000
6781.390000
6781.390000
6781.390000
6781.390000
6781.390000
6781.390000
6781.390000
6781.390000
6781.390000
6781.390000
6781.390000
6781.390000
6781.390000
6781.390000
6781.390000
6781.390000
6781.390000
6781.390000
6781.390000
6781.390000
6781.390000
6781.390000
6781.390000
6781.390000
6781.390000
6781.390000
6781.390000
6781.390000
6781.390000
6781.390000
6781.390000
6781.390000
6039.561887
6781.390000
6781.390000
6781.390000
6781.390000
6781.390000
6781.390000
6781.390000
6781.390000
6781.390000
6781.390000
6781.390000
6781.390000
6781.390000
6781.390000
6781.390000
6781.390000
6781.390000
6781.390000
6781.390000
6781.390000
6781.390000
6781.390000
6781.390000
6781.390000
6781.390000
6781.390000
6781.390000
6781.390000
6781.390000
6781.390000
6781.390000
6781.390000
6781.390000
6781.390000
6781.390000
6781.390000
6781.390000
6781.390000
6781.390000
6781.390000
6781.390000
6781.390000
6781.390000
6781.390000
6781.390000
6781.390000
6781.390000
6781.390000
6781.390000
6781.390000
6781.390000
6781.390000
6781.390000
6781.390000
6781.390000
6781.390000
6781.390000
6781.390000
6781.390000
6781.390000
6781.390000
6781.390000
6781.390000
6781.390000
6781.390000
6781.390000
6781.390000
6781.390000
6781.390000
6781.390000
6781.390000
6781.390000
6781.390000
6781.390000
6781.390000
6781.390000
6781.390000
6781.390000
6781.390000
6781.390000
6781.390000
6781.390000
6781.390000
6781.390000
6781.390000
6781.390000
6781.390000
6781.390000
6781.390000
6781.390000
6781.390000
6781.390000
6781.390000
6781.390000
6781.390000
6781.390000
6781.390000
6781.390000
6781.390000
6781.390000
6781.390000
6781.390000
6781.390000
6781.390000
6781.390000
6781.390000
6781.390000
6781.390000
6781.390000
6781.390000
6781.390000
6781.390000
6781.390000
6781.390000
6781.390000
6781.390000
6781.390000
6781.390000
6781.390000
6781.390000
6781.390000
6781.390000
6781.390000
6781.390000
6781.390000
6781.390000
6781.390000
6781.390000
6781.390000
6781.390000
6781.390000
6781.390000
6781.390000
6781.390000
6781.390000
6781.390000
6781.390000
6781.390000
6781.390000
6781.390000
6781.390000
6781.390000
6781.390000
2969.296111
3310.117180
643.545219
2176.676489
0.000000
674.839876
0.000000
0.000000
0.000000
0.000000
0.000000
0.000000
0.000000
6781.390000
6781.390000
6781.390000
6781.390000
6781.390000
6781.390000
6781.390000
6781.390000
6781.390000
6781.390000
6781.390000
6781.390000
6781.390000
6781.390000
6781.390000
6781.390000
6781.390000
6781.390000
6781.390000
6781.390000
6781.390000
6781.390000
6781.390000
6781.390000
6781.390000
6781.390000
6781.390000
6781.390000
6781.390000
6781.390000
6781.390000
6781.390000
6781.390000
6781.390000
6781.390000
3902.443948
4595.444180
4593.931878
5861.243427
6781.390000
6781.390000
6781.390000
6781.390000
6781.390000
6781.390000
6781.390000
6781.390000
6781.390000
143.221231
5594.053509
5817.283639
6781.390000
6781.390000
6781.390000
6781.390000
6781.390000
6781.390000
6781.390000
6781.390000
6781.390000
6781.390000
6781.390000
6781.390000
6781.390000
6781.390000
6781.390000
6781.390000
6781.390000
6781.390000
6781.390000
6781.390000
6781.390000
6781.390000
6781.390000
6781.390000
6781.390000
6781.390000
6781.390000
6781.390000
6781.390000
6781.390000
6781.390000
6781.390000
6781.390000
6781.390000
4226.892376
5773.843835
0.000000
0.000000
0.000000
1081.177473
0.000000
0.000000
0.000000
0.000000
0.000000
3085.423488
6781.390000
6781.390000
6781.390000
6781.390000
6781.390000
6781.390000
6781.390000
6781.390000
6781.390000
6781.390000
6781.390000
6781.390000
6781.390000
6781.390000
6781.390000
6781.390000
6781.390000
6781.390000
6781.390000
6781.390000
6781.390000
6781.390000
6781.390000
6781.390000
6781.390000
6781.390000
6781.390000
6781.390000
6781.390000
6781.390000
6781.390000
6781.390000
6781.390000
6781.390000
6533.007082
6781.390000
4366.765628
5680.759793
6781.390000
6781.390000
6781.390000
6781.390000
6781.390000
6781.390000
0.000000
0.000000
0.000000
0.000000
0.000000
0.000000
6781.390000
6781.390000
6781.390000
6781.390000
6781.390000
6781.390000
6781.390000
6781.390000
6781.390000
6781.390000
6781.390000
6781.390000
6781.390000
6781.390000
6781.390000
6781.390000
6781.390000
6781.390000
6781.390000
6781.390000
6781.390000
6781.390000
6781.390000
6781.390000
6781.390000
6781.390000
6781.390000
6781.390000
6781.390000
6781.390000
6781.390000
6781.390000
6781.390000
6781.390000
6781.390000
0.000000
0.000000
0.000000
0.000000
0.000000
0.000000
0.000000
0.000000
0.000000
0.000000
4209.611793
6781.390000
6781.390000
6781.390000
6781.390000
6781.390000
6781.390000
6781.390000
6781.390000
6781.390000
6781.390000
6781.390000
6781.390000
6781.390000
6781.390000
6781.390000
6781.390000
6781.390000
6781.390000
6781.390000
6781.390000
6781.390000
6781.390000
6781.390000
6781.390000
6781.390000
6781.390000
6781.390000
6781.390000
6781.390000
6781.390000
6781.390000
6781.390000
6781.390000
6781.390000
6781.390000
6781.390000
6781.390000
6781.390000
0.000000
0.000000
2520.955324
2961.579234
1610.062935
2636.158646
4863.364374
5542.601123
6781.390000
822.998037
6781.390000
6781.390000
6781.390000
6781.390000
6781.390000
6781.390000
6781.390000
6781.390000
6781.390000
6781.390000
6781.390000
6781.390000
6781.390000
6781.390000
6781.390000
6781.390000
6781.390000
6781.390000
6781.390000
6781.390000
6781.390000
6781.390000
6781.390000
6781.390000
6781.390000
6781.390000
6781.390000
6781.390000
6781.390000
6781.390000
6781.390000
6781.390000
6781.390000
4225.440703
0.000000
0.000000
0.000000
0.000000
0.000000
0.000000
0.000000
0.000000
0.000000
0.000000
0.000000
0.000000
5226.173739
6781.390000
6781.390000
6781.390000
6781.390000
6781.390000
6781.390000
6781.390000
6781.390000
6781.390000
6781.390000
6781.390000
6781.390000
6781.390000
6781.390000
6781.390000
6781.390000
6781.390000
6781.390000
6781.390000
6781.390000
6781.390000
6781.390000
6781.390000
6781.390000
6781.390000
6781.390000
6781.390000
6781.390000
6781.390000
6781.390000
6781.390000
6781.390000
6781.390000
6781.390000
6781.390000
6781.390000
6781.390000
6781.390000
6781.390000
6781.390000
6781.390000
6781.390000
6781.390000
4665.105884
4303.929028
6781.390000
6781.390000
6781.390000
5719.405146
6781.390000
6781.390000
6781.390000
6781.390000
6781.390000
6781.390000
6781.390000
6781.390000
6781.390000
6781.390000
6781.390000
6781.390000
6781.390000
6781.390000
6781.390000
6781.390000
6781.390000
6781.390000
6781.390000
6781.390000
6781.390000
6781.390000
6781.390000
6781.390000
6781.390000
6781.390000
6781.390000
6781.390000
6781.390000
6781.390000
6781.390000
6781.390000
6781.390000
6781.390000
6781.390000
6781.390000
6781.390000
6781.390000
6781.390000
6781.390000
6781.390000
6781.390000
6781.390000
6659.417069
6781.390000
6781.390000
6781.390000
6781.390000
6781.390000
6781.390000
6781.390000
6781.390000
6781.390000
6781.390000
6781.390000
6781.390000
6781.390000
6781.390000
6781.390000
6781.390000
6781.390000
6781.390000
6781.390000
6781.390000
6781.390000
6781.390000
6781.390000
6781.390000
6781.390000
6781.390000
6781.390000
6781.390000
6781.390000
6781.390000
6781.390000
6781.390000
6781.390000
6781.390000
6781.390000
6781.390000
6781.390000
6781.390000
6781.390000
6781.390000
6781.390000
6781.390000
6781.390000
6781.390000
6781.390000
6781.390000
6781.390000
6781.390000
6781.390000
6781.390000
6781.390000
6781.390000
6781.390000
6781.390000
6781.390000
6781.390000
6781.390000
6781.390000
6781.390000
6781.390000
6781.390000
6781.390000
6781.390000
6781.390000
6781.390000
6781.390000
6781.390000
6781.390000
6781.390000
6781.390000
6781.390000
6781.390000
6781.390000
6781.390000
6781.390000
6781.390000
6781.390000
6781.390000
6781.390000
6781.390000
6781.390000
6781.390000
6781.390000
6781.390000
6781.390000
6781.390000
3781.572843
6425.501207
6781.390000
6781.390000
0.000000
0.000000
0.000000
0.000000
0.000000
0.000000
0.000000
469.039334
6781.390000
6781.390000
6781.390000
6781.390000
6781.390000
6781.390000
6781.390000
6781.390000
6781.390000
6781.390000
6781.390000
6781.390000
6781.390000
6781.390000
6781.390000
6781.390000
6781.390000
6781.390000
6781.390000
6781.390000
6781.390000
6781.390000
6781.390000
6781.390000
6781.390000
6781.390000
6781.390000
6781.390000
6781.390000
6781.390000
6781.390000
6781.390000
6781.390000
6781.390000
3205.401795
6191.709718
1341.550948
3526.075758
0.000000
0.000000
0.000000
0.000000
0.000000
0.000000
4601.355798
5680.408616
6724.390809
6781.390000
6781.390000
6781.390000
6781.390000
6781.390000
6781.390000
6781.390000
6781.390000
6781.390000
6781.390000
6781.390000
6781.390000
6781.390000
6781.390000
6781.390000
6781.390000
6781.390000
6781.390000
6781.390000
6781.390000
6781.390000
6781.390000
6781.390000
6781.390000
6781.390000
6781.390000
6781.390000
6781.390000
6781.390000
6781.390000
6781.390000
6781.390000
6781.390000
6781.390000
6781.390000
6781.390000
6781.390000
6781.390000
6781.390000
6781.390000
6781.390000
6781.390000
6781.390000
6781.390000
6781.390000
6781.390000
6781.390000
6781.390000
6781.390000
6781.390000
6781.390000
6781.390000
6781.390000
6781.390000
6781.390000
6781.390000
6781.390000
6781.390000
6781.390000
6781.390000
6781.390000
6781.390000
6781.390000
6781.390000
6781.390000
6781.390000
6781.390000
6781.390000
6781.390000
6781.390000
6781.390000
6781.390000
6781.390000
6781.390000
6781.390000
6781.390000
6781.390000
6781.390000
6781.390000
6781.390000
6781.390000
6781.390000
6781.390000
6781.390000
6781.390000
6781.390000
6781.390000
6781.390000
6781.390000
6781.390000
6781.390000
6781.390000
6781.390000
6781.390000
6781.390000
6781.390000
6781.390000
6781.390000
6781.390000
6781.390000
6781.390000
6781.390000
6781.390000
6781.390000
6781.390000
6781.390000
6781.390000
6781.390000
6781.390000
6781.390000
6781.390000
6781.390000
6781.390000
6781.390000
6781.390000
6781.390000
6781.390000
6781.390000
6781.390000
6781.390000
6781.390000
6781.390000
6781.390000
6781.390000
6781.390000
6781.390000
6781.390000
6781.390000
6781.390000
6781.390000
6781.390000
6781.390000
6781.390000
6781.390000
6781.390000
6781.390000
6781.390000
6781.390000
6781.390000
6781.390000
6781.390000
6781.390000
6781.390000
6781.390000
6781.390000
6781.390000
6781.390000
6781.390000
6781.390000
6781.390000
6781.390000
6781.390000
6781.390000
6781.390000
6781.390000
6781.390000
6781.390000
6781.390000
6781.390000
6781.390000
6781.390000
6781.390000
6781.390000
6781.390000
6781.390000
6781.390000
6781.390000
6781.390000
6781.390000
6781.390000
6781.390000
6781.390000
6781.390000
6781.390000
6781.390000
6781.390000
6781.390000
6781.390000
6781.390000
6781.390000
6781.390000
5752.439628
6781.390000
4158.435146
5553.824417
0.000000
60.354324
6781.390000
6781.390000
6781.390000
6781.390000
6781.390000
6781.390000
6781.390000
6781.390000
6781.390000
6781.390000
6781.390000
6781.390000
6781.390000
6781.390000
6781.390000
6781.390000
6781.390000
6781.390000
6781.390000
6781.390000
6781.390000
6781.390000
6781.390000
6781.390000
6781.390000
6781.390000
6781.390000
6781.390000
6781.390000
6781.390000
6781.390000
6781.390000
6781.390000
6781.390000
6781.390000
6781.390000
6781.390000
6781.390000
6781.390000
6781.390000
6781.390000
6781.390000
3419.139835
3793.214533
0.000000
0.000000
5754.908419
6641.295491
6781.390000
6781.390000
6781.390000
6781.390000
6781.390000
6781.390000
6781.390000
6781.390000
6781.390000
6781.390000
6781.390000
6781.390000
6781.390000
6781.390000
6781.390000
6781.390000
6781.390000
6781.390000
6781.390000
6781.390000
6781.390000
6781.390000
6781.390000
6781.390000
6781.390000
6781.390000
6781.390000
6781.390000
6781.390000
6781.390000
6781.390000
6781.390000
6781.390000
6781.390000
6781.390000
6781.390000
6781.390000
6781.390000
6781.390000
6781.390000
6781.390000
6781.390000
0.000000
436.493984
0.000000
0.000000
1643.433052
833.236753
0.000000
0.000000
5311.300927
5673.651956
6781.390000
6781.390000
6781.390000
6781.390000
6781.390000
6781.390000
6781.390000
6781.390000
6781.390000
6781.390000
6781.390000
6781.390000
6781.390000
6781.390000
6781.390000
6781.390000
6781.390000
6781.390000
6781.390000
6781.390000
6781.390000
6781.390000
6781.390000
6781.390000
6781.390000
6781.390000
6781.390000
6781.390000
6781.390000
6781.390000
6781.390000
6781.390000
6781.390000
6781.390000
6781.390000
6781.390000
6781.390000
6781.390000
6781.390000
6781.390000
6781.390000
6781.390000
6781.390000
6781.390000
6781.390000
6781.390000
6781.390000
6781.390000
6781.390000
6781.390000
6781.390000
6781.390000
6781.390000
6781.390000
6781.390000
6781.390000
6781.390000
6781.390000
6781.390000
6781.390000
6781.390000
6781.390000
6781.390000
6781.390000
6781.390000
6781.390000
6781.390000
6781.390000
6781.390000
6781.390000
6781.390000
6781.390000
6781.390000
6781.390000
6781.390000
6781.390000
6781.390000
6781.390000
6781.390000
6781.390000
6781.390000
6781.390000
6781.390000
6781.390000
6781.390000
6781.390000
6781.390000
6781.390000
6781.390000
6781.390000
6781.390000
6781.390000
6781.390000
6781.390000
6781.390000
6781.390000
6781.390000
6781.390000
6781.390000
6781.390000
6781.390000
6781.390000
6781.390000
6781.390000
6781.390000
6781.390000
6781.390000
6781.390000
6781.390000
6781.390000
6781.390000
6781.390000
6781.390000
6781.390000
6781.390000
6781.390000
6781.390000
6781.390000
6781.390000
6781.390000
6781.390000
6781.390000
6781.390000
6781.390000
6781.390000
6781.390000
6781.390000
6781.390000
6781.390000
6781.390000
6781.390000
6781.390000
6781.390000
6781.390000
6781.390000
6781.390000
6781.390000
6781.390000
6781.390000
6781.390000
6781.390000
6781.390000
6781.390000
6781.390000
6781.390000
6781.390000
6781.390000
6781.390000
6781.390000
6781.390000
6781.390000
6781.390000
6781.390000
6781.390000
6781.390000
6781.390000
6781.390000
6781.390000
6781.390000
6781.390000
6781.390000
6781.390000
6781.390000
6781.390000
6781.390000
6781.390000
6781.390000
6781.390000
6781.390000
6781.390000
6781.390000
6781.390000
6781.390000
6781.390000
6781.390000
6781.390000
6781.390000
6781.390000
6781.390000
6781.390000
6781.390000
6781.390000
6781.390000
6781.390000
6781.390000
5819.334671
0.000000
0.000000
0.000000
0.000000
204.949050
1022.969682
6781.390000
6781.390000
6781.390000
6781.390000
6781.390000
6781.390000
6781.390000
6781.390000
6781.390000
6781.390000
6781.390000
6781.390000
6781.390000
6781.390000
6781.390000
6781.390000
6781.390000
6781.390000
6781.390000
6781.390000
6781.390000
6781.390000
6781.390000
6781.390000
6781.390000
6781.390000
6781.390000
6781.390000
6781.390000
6781.390000
6781.390000
6781.390000
6781.390000
6781.390000
6781.390000
6781.390000
6781.390000
6781.390000
0.000000
0.000000
0.000000
460.333469
0.000000
0.000000
6781.390000
6781.390000
6781.390000
6781.390000
882.719638
726.699405
6781.390000
6781.390000
6781.390000
6781.390000
6781.390000
6781.390000
6781.390000
6781.390000
6781.390000
6781.390000
6781.390000
6781.390000
6781.390000
6781.390000
6781.390000
6781.390000
6781.390000
6781.390000
6781.390000
6781.390000
6781.390000
6781.390000
6781.390000
6781.390000
6781.390000
6781.390000
6781.390000
6781.390000
6781.390000
6781.390000
6781.390000
6781.390000
6781.390000
6781.390000
6781.390000
6781.390000
176.667076
1298.712237
3981.424383
5767.791748
6781.390000
6781.390000
6781.390000
6781.390000
6781.390000
6781.390000
6781.390000
6781.390000
6781.390000
6781.390000
6781.390000
6781.390000
6781.390000
6781.390000
6781.390000
6781.390000
6781.390000
6781.390000
6781.390000
6781.390000
6781.390000
6781.390000
6781.390000
6781.390000
6781.390000
6781.390000
6781.390000
6781.390000
6781.390000
6781.390000
6781.390000
6781.390000
6781.390000
6781.390000
6781.390000
6781.390000
6781.390000
6781.390000
6781.390000
6781.390000
6781.390000
6781.390000
6781.390000
6781.390000
6781.390000
6781.390000
6781.390000
5910.274066
4532.975175
3105.309855
767.372837
1247.512731
4597.352282
5485.331676
6781.390000
6781.390000
6781.390000
6781.390000
6781.390000
6781.390000
6781.390000
6781.390000
6781.390000
6781.390000
6781.390000
6781.390000
6781.390000
6781.390000
6781.390000
6781.390000
6781.390000
6781.390000
6781.390000
6781.390000
6781.390000
6781.390000
6781.390000
6781.390000
6781.390000
6781.390000
6781.390000
6781.390000
6781.390000
6781.390000
6781.390000
6781.390000
6781.390000
6781.390000
6781.390000
6781.390000
6781.390000
6781.390000
6781.390000
6781.390000
4419.877568
0.000000
0.000000
0.000000
0.000000
0.000000
494.553717
1543.471898
4302.733741
5063.531222
6781.390000
6781.390000
6781.390000
6781.390000
6781.390000
6781.390000
6781.390000
6781.390000
6781.390000
6781.390000
6781.390000
6781.390000
6781.390000
6781.390000
6781.390000
6781.390000
6781.390000
6781.390000
6781.390000
6781.390000
6781.390000
6781.390000
6781.390000
6781.390000
6781.390000
6781.390000
6781.390000
6781.390000
6781.390000
6781.390000
6781.390000
6781.390000
6781.390000
6781.390000
6781.390000
6781.390000
6781.390000
6781.390000
0.000000
0.000000
0.000000
0.000000
0.000000
0.000000
0.000000
0.000000
6781.390000
6781.390000
6781.390000
6781.390000
6781.390000
6781.390000
6781.390000
6781.390000
6781.390000
6781.390000
6781.390000
6781.390000
6781.390000
6781.390000
6781.390000
6781.390000
6781.390000
6781.390000
6781.390000
6781.390000
6781.390000
6781.390000
6781.390000
6781.390000
6781.390000
6781.390000
6781.390000
6781.390000
6781.390000
6781.390000
6781.390000
6781.390000
6781.390000
6781.390000
6781.390000
6781.390000
6781.390000
6781.390000
0.000000
608.932534
0.000000
0.000000
0.000000
0.000000
0.000000
0.000000
0.000000
0.000000
0.000000
0.000000
0.000000
6781.390000
6781.390000
6781.390000
6781.390000
6781.390000
6781.390000
6781.390000
6781.390000
6781.390000
6781.390000
6781.390000
6781.390000
6781.390000
6781.390000
6781.390000
6781.390000
6781.390000
6781.390000
6781.390000
6781.390000
6781.390000
6781.390000
6781.390000
6781.390000
6781.390000
6781.390000
6781.390000
6781.390000
6781.390000
6781.390000
6781.390000
6781.390000
6781.390000
6781.390000
6781.390000
0.000000
0.000000
0.000000
0.000000
0.000000
0.000000
0.000000
0.000000
0.000000
0.000000
0.000000
0.000000
4295.374432
6781.390000
6781.390000
6781.390000
6781.390000
6781.390000
6781.390000
6781.390000
6781.390000
6781.390000
6781.390000
6781.390000
6781.390000
6781.390000
6781.390000
6781.390000
6781.390000
6781.390000
6781.390000
6781.390000
6781.390000
6781.390000
6781.390000
6781.390000
6781.390000
6781.390000
6781.390000
6781.390000
6781.390000
6781.390000
6781.390000
6781.390000
6781.390000
6781.390000
2242.113997
3238.891782
0.000000
0.000000
0.000000
0.000000
0.000000
0.000000
0.000000
0.000000
0.000000
0.000000
0.000000
0.000000
0.000000
6781.390000
6781.390000
6781.390000
6781.390000
6781.390000
6781.390000
6781.390000
6781.390000
6781.390000
6781.390000
6781.390000
6781.390000
6781.390000
6781.390000
6781.390000
6781.390000
6781.390000
6781.390000
6781.390000
6781.390000
6781.390000
6781.390000
6781.390000
6781.390000
6781.390000
6781.390000
6781.390000
6781.390000
6781.390000
6781.390000
6781.390000
6781.390000
6781.390000
6781.390000
6781.390000
0.000000
0.000000
0.000000
0.000000
0.000000
0.000000
6156.389542
6781.390000
6781.390000
6781.390000
6781.390000
6781.390000
6781.390000
6781.390000
6781.390000
6781.390000
6781.390000
6781.390000
6781.390000
6781.390000
6781.390000
6781.390000
6781.390000
6781.390000
6781.390000
6781.390000
6781.390000
6781.390000
6781.390000
6781.390000
6781.390000
6781.390000
6781.390000
6781.390000
6781.390000
6781.390000
6781.390000
6781.390000
6781.390000
6781.390000
6781.390000
6781.390000
6781.390000
6781.390000
6781.390000
6781.390000
6781.390000
6781.390000
6781.390000
6781.390000
5420.904709
929.488447
259.807062
0.000000
6300.467964
6781.390000
6781.390000
6781.390000
6781.390000
6781.390000
6781.390000
6781.390000
6781.390000
6781.390000
6781.390000
6781.390000
6781.390000
6781.390000
6781.390000
6781.390000
6781.390000
6781.390000
6781.390000
6781.390000
6781.390000
6781.390000
6781.390000
6781.390000
6781.390000
6781.390000
6781.390000
6781.390000
6781.390000
6781.390000
6781.390000
6781.390000
6781.390000
6781.390000
6781.390000
6781.390000
6781.390000
6781.390000
6781.390000
6781.390000
6781.390000
6781.390000
6781.390000
6781.390000
6781.390000
6781.390000
6781.390000
6781.390000
6781.390000
6781.390000
6781.390000
6781.390000
6781.390000
6781.390000
6781.390000
6781.390000
6781.390000
6781.390000
6781.390000
6781.390000
6781.390000
6781.390000
6781.390000
6781.390000
6781.390000
6781.390000
6781.390000
6781.390000
6781.390000
6781.390000
6781.390000
6781.390000
6781.390000
6781.390000
6781.390000
6781.390000
6781.390000
6781.390000
6781.390000
6781.390000
6781.390000
6781.390000
6781.390000
6781.390000
6781.390000
6781.390000
6781.390000
6781.390000
6781.390000
6781.390000
6781.390000
6781.390000
6781.390000
6781.390000
6781.390000
6781.390000
6781.390000
6781.390000
6781.390000
6781.390000
6781.390000
6781.390000
6781.390000
6781.390000
6781.390000
6781.390000
6781.390000
6781.390000
6781.390000
6781.390000
6781.390000
6781.390000
6781.390000
6781.390000
6781.390000
6781.390000
6781.390000
6781.390000
6781.390000
6781.390000
6781.390000
6781.390000
6781.390000
6781.390000
6781.390000
6781.390000
6781.390000
6781.390000
6781.390000
6781.390000
6781.390000
6781.390000
6781.390000
6781.390000
6781.390000
6781.390000
6781.390000
6781.390000
6781.390000
6781.390000
6781.390000
6781.390000
6781.390000
6781.390000
6781.390000
6781.390000
6781.390000
6781.390000
6781.390000
6781.390000
6781.390000
6781.390000
6781.390000
6781.390000
6781.390000
6781.390000
6781.390000
6781.390000
6781.390000
6781.390000
6781.390000
6781.390000
6781.390000
6781.390000
6781.390000
6781.390000
6781.390000
6781.390000
6781.390000
6781.390000
6781.390000
6781.390000
6781.390000
6781.390000
6781.390000
6781.390000
6781.390000
6781.390000
6781.390000
6781.390000
6781.390000
6781.390000
6781.390000
6781.390000
6781.390000
6781.390000
6781.390000
6781.390000
6781.390000
6781.390000
6781.390000
6781.390000
6781.390000
6781.390000
6781.390000
6781.390000
6781.390000
6781.390000
6781.390000
6781.390000
6781.390000
6781.390000
6781.390000
6781.390000
6781.390000
6781.390000
6781.390000
6781.390000
6781.390000
6781.390000
6781.390000
6781.390000
6781.390000
6781.390000
6781.390000
6781.390000
6781.390000
6781.390000
6781.390000
6781.390000
6781.390000
6781.390000
6781.390000
6781.390000
6781.390000
6781.390000
6781.390000
6781.390000
6781.390000
6781.390000
6781.390000
6781.390000
6781.390000
6781.390000
6781.390000
6781.390000
6781.390000
6781.390000
5103.095329
5881.920679
3265.603286
4700.214098
6781.390000
6781.390000
6781.390000
6781.390000
6781.390000
6781.390000
6781.390000
6781.390000
6781.390000
6781.390000
6781.390000
6781.390000
6781.390000
6781.390000
6781.390000
6781.390000
6781.390000
6781.390000
6781.390000
6781.390000
6781.390000
6781.390000
6781.390000
6781.390000
6781.390000
6781.390000
6781.390000
6781.390000
6781.390000
6781.390000
6781.390000
6781.390000
6781.390000
6781.390000
6781.390000
6781.390000
6781.390000
6781.390000
6781.390000
6781.390000
6781.390000
6781.390000
3801.254781
4698.713492
6781.390000
6781.390000
5704.003005
6781.390000
6781.390000
6781.390000
6781.390000
6781.390000
6781.390000
6781.390000
6781.390000
6781.390000
6781.390000
6781.390000
6781.390000
6781.390000
6781.390000
6781.390000
6781.390000
6781.390000
6781.390000
6781.390000
6781.390000
6781.390000
6781.390000
6781.390000
6781.390000
6781.390000
6781.390000
6781.390000
6781.390000
6781.390000
6781.390000
6781.390000
6781.390000
6781.390000
6781.390000
6781.390000
6781.390000
6781.390000
6781.390000
6781.390000
6781.390000
6781.390000
6781.390000
6781.390000
6781.390000
6781.390000
6781.390000
6781.390000
6781.390000
6781.390000
6781.390000
6781.390000
6781.390000
6781.390000
6781.390000
6781.390000
6781.390000
6781.390000
6781.390000
6781.390000
6781.390000
6781.390000
6781.390000
6781.390000
6781.390000
6781.390000
6781.390000
6781.390000
6781.390000
6781.390000
6781.390000
6781.390000
6781.390000
6781.390000
6781.390000
6781.390000
6781.390000
6781.390000
6781.390000
6781.390000
6781.390000
6781.390000
6781.390000
6781.390000
6781.390000
6781.390000
6781.390000
6781.390000
6781.390000
6781.390000
6563.666166
6781.390000
0.000000
0.000000
0.000000
0.000000
0.000000
0.000000
0.000000
0.000000
0.000000
0.000000
0.000000
6781.390000
6781.390000
6781.390000
6781.390000
6781.390000
6781.390000
6781.390000
6781.390000
6781.390000
6781.390000
6781.390000
6781.390000
6781.390000
6781.390000
6781.390000
6781.390000
6781.390000
6781.390000
6781.390000
6781.390000
6781.390000
6781.390000
6781.390000
6781.390000
6781.390000
6781.390000
6781.390000
6781.390000
6781.390000
6781.390000
6781.390000
6781.390000
6781.390000
6781.390000
6781.390000
6781.390000
6781.390000
6781.390000
6781.390000
6781.390000
6781.390000
6781.390000
6781.390000
6781.390000
6781.390000
6781.390000
6781.390000
6781.390000
6781.390000
6781.390000
6781.390000
6781.390000
6781.390000
6781.390000
6781.390000
6781.390000
6781.390000
6781.390000
6781.390000
6781.390000
6781.390000
6781.390000
6781.390000
6781.390000
6781.390000
6781.390000
6781.390000
6781.390000
6781.390000
6781.390000
6781.390000
6781.390000
6781.390000
6781.390000
6781.390000
6781.390000
6781.390000
6781.390000
6781.390000
6781.390000
6781.390000
6781.390000
6781.390000
6781.390000
6781.390000
6781.390000
6781.390000
6781.390000
6781.390000
6781.390000
6781.390000
6781.390000
6781.390000
6781.390000
6781.390000
6781.390000
6781.390000
6781.390000
6781.390000
6781.390000
6781.390000
6781.390000
6781.390000
6781.390000
6781.390000
6781.390000
6781.390000
6781.390000
6781.390000
6781.390000
6781.390000
6781.390000
6781.390000
6781.390000
6781.390000
6781.390000
6781.390000
6781.390000
6781.390000
6781.390000
6781.390000
6781.390000
6781.390000
6781.390000
6781.390000
6781.390000
6781.390000
6781.390000
6781.390000
6781.390000
6781.390000
6781.390000
6781.390000
6781.390000
6781.390000
6781.390000
6781.390000
6781.390000
6781.390000
6781.390000
6781.390000
6781.390000
6781.390000
6781.390000
6781.390000
6781.390000
6781.390000
6781.390000
6781.390000
6781.390000
6781.390000
6781.390000
6781.390000
6781.390000
6781.390000
6781.390000
6781.390000
6781.390000
6781.390000
6781.390000
6781.390000
6781.390000
6781.390000
6781.390000
6781.390000
6781.390000
6781.390000
6781.390000
6781.390000
6781.390000
6781.390000
6781.390000
6781.390000
6781.390000
6781.390000
6781.390000
6781.390000
6781.390000
6781.390000
6781.390000
6781.390000
6781.390000
6781.390000
6781.390000
6781.390000
6781.390000
6781.390000
6781.390000
6781.390000
6781.390000
6781.390000
6781.390000
6781.390000
6781.390000
6781.390000
6781.390000
6781.390000
6781.390000
6781.390000
6781.390000
6781.390000
6781.390000
6781.390000
6781.390000
6781.390000
6781.390000
6781.390000
6781.390000
6781.390000
6781.390000
6781.390000
6781.390000
6781.390000
6781.390000
6781.390000
6781.390000
6781.390000
6781.390000
6781.390000
6781.390000
6781.390000
6781.390000
6781.390000
6781.390000
6781.390000
6781.390000
6781.390000
6781.390000
6781.390000
6781.390000
6781.390000
6781.390000
6781.390000
6781.390000
6781.390000
6781.390000
6781.390000
6781.390000
6781.390000
6781.390000
6781.390000
6781.390000
6781.390000
6781.390000
6781.390000
6781.390000
6781.390000
6781.390000
6781.390000
6781.390000
6781.390000
6781.390000
6781.390000
6781.390000
6781.390000
6781.390000
6781.390000
6781.390000
6781.390000
6781.390000
6781.390000
6781.390000
6781.390000
6781.390000
6781.390000
6781.390000
6781.390000
6781.390000
6781.390000
6781.390000
6781.390000
6781.390000
6781.390000
6781.390000
6781.390000
6781.390000
6781.390000
6781.390000
6781.390000
6781.390000
6781.390000
6781.390000
6781.390000
6781.390000
6781.390000
6781.390000
6781.390000
6781.390000
6781.390000
6781.390000
6781.390000
6781.390000
6781.390000
6781.390000
6781.390000
6781.390000
6781.390000
6781.390000
6781.390000
6781.390000
6781.390000
6781.390000
6781.390000
6781.390000
6781.390000
6781.390000
6781.390000
6781.390000
6781.390000
6781.390000
6781.390000
6781.390000
6781.390000
6781.390000
6781.390000
6781.390000
6781.390000
6781.390000
6781.390000
6781.390000
6781.390000
6781.390000
6781.390000
6781.390000
6781.390000
6781.390000
6781.390000
6781.390000
6781.390000
6781.390000
6781.390000
6781.390000
6781.390000
6781.390000
6781.390000
6781.390000
6781.390000
6781.390000
6781.390000
6781.390000
6781.390000
6781.390000
6781.390000
6781.390000
6781.390000
6781.390000
6781.390000
6781.390000
6781.390000
6781.390000
6781.390000
6781.390000
6781.390000
6781.390000
6781.390000
6781.390000
6781.390000
6781.390000
6781.390000
6781.390000
6781.390000
6781.390000
6781.390000
6781.390000
6781.390000
6781.390000
6781.390000
6781.390000
6781.390000
6781.390000
6781.390000
6781.390000
6781.390000
6781.390000
6781.390000
6781.390000
6781.390000
6781.390000
6781.390000
6781.390000
6781.390000
6781.390000
6781.390000
6781.390000
6781.390000
6781.390000
6781.390000
6781.390000
6781.390000
6781.390000
6781.390000
6781.390000
6781.390000
6781.390000
6781.390000
6781.390000
6781.390000
6781.390000
6781.390000
6781.390000
6781.390000
6781.390000
6781.390000
6781.390000
6781.390000
6781.390000
6781.390000
6781.390000
6781.390000
6781.390000
6781.390000
6781.390000
6781.390000
6781.390000
6781.390000
6781.390000
6781.390000
6781.390000
6781.390000
6781.390000
6781.390000
6781.390000
6781.390000
6781.390000
6781.390000
6781.390000
6781.390000
6781.390000
6781.390000
6781.390000
6781.390000
6781.390000
6781.390000
6781.390000
6781.390000
6781.390000
6781.390000
6781.390000
6781.390000
6781.390000
6781.390000
6781.390000
6781.390000
6781.390000
6781.390000
6781.390000
6781.390000
6781.390000
6781.390000
6781.390000
6781.390000
6781.390000
6781.390000
6781.390000
6781.390000
6781.390000
6781.390000
6781.390000
6781.390000
6781.390000
6781.390000
6781.390000
6781.390000
6781.390000
6781.390000
6781.390000
6781.390000
6781.390000
6781.390000
6781.390000
6781.390000
6781.390000
6781.390000
6781.390000
6781.390000
6781.390000
6781.390000
6781.390000
6781.390000
6781.390000
6781.390000
6781.390000
6781.390000
6781.390000
6781.390000
6781.390000
6781.390000
6781.390000
6781.390000
6781.390000
6781.390000
6781.390000
6781.390000
6781.390000
6781.390000
6781.390000
6781.390000
6781.390000
6781.390000
6781.390000
6781.390000
6781.390000
6781.390000
6781.390000
6781.390000
6781.390000
6781.390000
6781.390000
6781.390000
6781.390000
6781.390000
6781.390000
6781.390000
6781.390000
6781.390000
6781.390000
6781.390000
6781.390000
6781.390000
6781.390000
6781.390000
6781.390000
6781.390000
6781.390000
6781.390000
6781.390000
6781.390000
6781.390000
6781.390000
6781.390000
6781.390000
6781.390000
6781.390000
6781.390000
6781.390000
6781.390000
6781.390000
6781.390000
6781.390000
6781.390000
6781.390000
6781.390000
6781.390000
6781.390000
6781.390000
6781.390000
6781.390000
6781.390000
6781.390000
6781.390000
6781.390000
6781.390000
6781.390000
6781.390000
6781.390000
6781.390000
6781.390000
6781.390000
6781.390000
6781.390000
6781.390000
6781.390000
6781.390000
6781.390000
6781.390000
6781.390000
6781.390000
6781.390000
6781.390000
6781.390000
6781.390000
6781.390000
6781.390000
6781.390000
6781.390000
6781.390000
6781.390000
6781.390000
6781.390000
6781.390000
6781.390000
6781.390000
6781.390000
6781.390000
6781.390000
6781.390000
6781.390000
6781.390000
6781.390000
6781.390000
6781.390000
6781.390000
6781.390000
6781.390000
6781.390000
6781.390000
6781.390000
6781.390000
6781.390000
6781.390000
6781.390000
6781.390000
6781.390000
6781.390000
6781.390000
6781.390000
6781.390000
6781.390000
6781.390000
6781.390000
6781.390000
3089.984384
4895.988781
0.000000
0.000000
0.000000
371.967657
347.396004
1513.750348
2855.744862
2773.819890
800.411468
967.908543
6034.158518
6781.390000
6781.390000
6781.390000
6781.390000
6781.390000
6781.390000
6781.390000
6781.390000
6781.390000
6781.390000
6781.390000
6781.390000
6781.390000
6781.390000
6781.390000
6781.390000
6781.390000
6781.390000
6781.390000
6781.390000
6781.390000
6781.390000
6781.390000
6781.390000
6781.390000
6781.390000
6781.390000
6781.390000
6781.390000
6781.390000
6781.390000
6781.390000
6781.390000
6781.390000
6781.390000
6781.390000
6781.390000
3508.929561
0.000000
0.000000
0.000000
0.000000
0.000000
0.000000
0.000000
625.771769
1323.950386
5343.171986
6781.390000
6781.390000
6781.390000
6781.390000
6781.390000
6781.390000
6781.390000
6781.390000
6781.390000
6781.390000
6781.390000
6781.390000
6781.390000
6781.390000
6781.390000
6781.390000
6781.390000
6781.390000
6781.390000
6781.390000
6781.390000
6781.390000
6781.390000
6781.390000
6781.390000
6781.390000
6781.390000
6781.390000
6781.390000
6781.390000
6781.390000
6781.390000
6781.390000
6781.390000
6781.390000
6781.390000
6781.390000
6781.390000
4556.528710
0.000000
0.000000
0.000000
0.000000
1136.199044
1876.555081
6781.390000
6781.390000
6781.390000
6781.390000
6781.390000
6781.390000
6781.390000
6781.390000
6781.390000
6781.390000
6781.390000
6781.390000
6781.390000
6781.390000
6781.390000
6781.390000
6781.390000
6781.390000
6781.390000
6781.390000
6781.390000
6781.390000
6781.390000
6781.390000
6781.390000
6781.390000
6781.390000
6781.390000
6781.390000
6781.390000
6781.390000
6781.390000
6781.390000
6781.390000
6781.390000
6781.390000
6781.390000
6781.390000
6781.390000
6781.390000
6781.390000
6781.390000
636.587010
0.000000
0.000000
0.000000
1060.262095
1834.527923
6781.390000
6781.390000
6781.390000
6781.390000
6781.390000
6781.390000
6781.390000
6781.390000
6781.390000
6781.390000
6781.390000
6781.390000
6781.390000
6781.390000
6781.390000
6781.390000
6781.390000
6781.390000
6781.390000
6781.390000
6781.390000
6781.390000
6781.390000
6781.390000
6781.390000
6781.390000
6781.390000
6781.390000
6781.390000
6781.390000
6781.390000
6781.390000
6781.390000
6781.390000
6781.390000
6781.390000
6781.390000
6781.390000
6781.390000
6781.390000
6781.390000
6781.390000
6781.390000
6781.390000
6781.390000
6781.390000
6781.390000
6781.390000
6781.390000
6781.390000
6781.390000
6781.390000
6781.390000
6781.390000
6781.390000
6781.390000
6781.390000
6781.390000
6781.390000
6781.390000
6781.390000
6781.390000
6781.390000
6781.390000
6781.390000
6781.390000
6781.390000
6781.390000
6781.390000
6781.390000
6781.390000
6781.390000
6781.390000
6781.390000
6781.390000
6781.390000
6781.390000
6781.390000
6781.390000
6781.390000
6781.390000
6781.390000
6781.390000
6781.390000
6781.390000
6781.390000
6781.390000
6781.390000
6781.390000
6781.390000
6781.390000
6781.390000
6781.390000
6781.390000
6781.390000
6781.390000
6781.390000
6781.390000
6781.390000
6781.390000
6781.390000
6781.390000
6781.390000
6781.390000
6781.390000
6781.390000
6781.390000
6781.390000
6781.390000
6781.390000
6781.390000
6781.390000
6781.390000
6781.390000
6781.390000
6781.390000
6781.390000
6781.390000
6781.390000
6781.390000
6781.390000
6781.390000
6781.390000
6781.390000
6781.390000
6781.390000
6781.390000
6781.390000
6781.390000
6781.390000
6781.390000
6781.390000
6781.390000
6781.390000
5477.299897
6781.390000
0.000000
0.000000
0.000000
0.000000
6781.390000
6781.390000
2607.876475
1785.532054
6781.390000
6781.390000
6781.390000
6781.390000
6781.390000
6781.390000
6781.390000
6781.390000
6781.390000
6781.390000
6781.390000
6781.390000
6781.390000
6781.390000
6781.390000
6781.390000
6781.390000
6781.390000
6781.390000
6781.390000
6781.390000
6781.390000
6781.390000
6781.390000
6781.390000
6781.390000
6781.390000
6781.390000
6781.390000
6781.390000
6781.390000
6781.390000
6781.390000
6781.390000
6781.390000
6781.390000
6781.390000
6781.390000
6781.390000
6781.390000
371.705287
0.000000
24.840540
0.000000
6781.390000
6781.390000
6781.390000
6781.390000
6781.390000
6781.390000
6781.390000
6781.390000
6781.390000
6781.390000
6781.390000
6781.390000
6781.390000
6781.390000
6781.390000
6781.390000
6781.390000
6781.390000
6781.390000
6781.390000
6781.390000
6781.390000
6781.390000
6781.390000
6781.390000
6781.390000
6781.390000
6781.390000
6781.390000
6781.390000
6781.390000
6781.390000
6781.390000
6781.390000
6781.390000
6781.390000
6781.390000
6781.390000
6781.390000
6781.390000
6781.390000
6781.390000
6781.390000
6781.390000
6781.390000
774.980414
0.000000
0.000000
0.000000
0.000000
0.000000
0.000000
6781.390000
6781.390000
6781.390000
6781.390000
6781.390000
6781.390000
6781.390000
6781.390000
6781.390000
6781.390000
6781.390000
6781.390000
6781.390000
6781.390000
6781.390000
6781.390000
6781.390000
6781.390000
6781.390000
6781.390000
6781.390000
6781.390000
6781.390000
6781.390000
6781.390000
6781.390000
6781.390000
6781.390000
6781.390000
6781.390000
6781.390000
6781.390000
6781.390000
6781.390000
6781.390000
6781.390000
6781.390000
6781.390000
6781.390000
6781.390000
6781.390000
6781.390000
6781.390000
6781.390000
3113.571061
3328.066543
6781.390000
6781.390000
6781.390000
6781.390000
6781.390000
6781.390000
6781.390000
6781.390000
6781.390000
6781.390000
6781.390000
6781.390000
6781.390000
6781.390000
6781.390000
6781.390000
6781.390000
6781.390000
6781.390000
6781.390000
6781.390000
6781.390000
6781.390000
6781.390000
6781.390000
6781.390000
6781.390000
6781.390000
6781.390000
6781.390000
6781.390000
6781.390000
6781.390000
6781.390000
6781.390000
6781.390000
6781.390000
6781.390000
6781.390000
6781.390000
6781.390000
6781.390000
6781.390000
6781.390000
6781.390000
6781.390000
0.000000
0.000000
5725.383555
6366.191008
6304.201237
6781.390000
6781.390000
6781.390000
6781.390000
6781.390000
6781.390000
6781.390000
6781.390000
6781.390000
6781.390000
6781.390000
6781.390000
6781.390000
6781.390000
6781.390000
6781.390000
6781.390000
6781.390000
6781.390000
6781.390000
6781.390000
6781.390000
6781.390000
6781.390000
6781.390000
6781.390000
6781.390000
6781.390000
6781.390000
6781.390000
6781.390000
6781.390000
6781.390000
6781.390000
6781.390000
6781.390000
6781.390000
6781.390000
6781.390000
6781.390000
6781.390000
6781.390000
6781.390000
6781.390000
6781.390000
6781.390000
6781.390000
6781.390000
6781.390000
6781.390000
6781.390000
6781.390000
6781.390000
6781.390000
6781.390000
6781.390000
6781.390000
6781.390000
6781.390000
6781.390000
6781.390000
6781.390000
6781.390000
6781.390000
6781.390000
6781.390000
6781.390000
6781.390000
6781.390000
6781.390000
6781.390000
6781.390000
6781.390000
6781.390000
6781.390000
6781.390000
6781.390000
6781.390000
6781.390000
6781.390000
6781.390000
6781.390000
6781.390000
6781.390000
6781.390000
6781.390000
6781.390000
6781.390000
6781.390000
6781.390000
6781.390000
6781.390000
6781.390000
6781.390000
6781.390000
6781.390000
6781.390000
6781.390000
6781.390000
6781.390000
6781.390000
6781.390000
6781.390000
6781.390000
6781.390000
6781.390000
6781.390000
6781.390000
6781.390000
6781.390000
6781.390000
6781.390000
6781.390000
6781.390000
6781.390000
6781.390000
6781.390000
6781.390000
6781.390000
6781.390000
6781.390000
6781.390000
6781.390000
6781.390000
6781.390000
6781.390000
6781.390000
6781.390000
6781.390000
6781.390000
6781.390000
6781.390000
6781.390000
6781.390000
6781.390000
6781.390000
6781.390000
6781.390000
6781.390000
6781.390000
6781.390000
6781.390000
6781.390000
6781.390000
6781.390000
6781.390000
6781.390000
6781.390000
6781.390000
6781.390000
6781.390000
6781.390000
6781.390000
6781.390000
6781.390000
6781.390000
6781.390000
6781.390000
6781.390000
6781.390000
6781.390000
6781.390000
6781.390000
6781.390000
6781.390000
6781.390000
6781.390000
6781.390000
6781.390000
6781.390000
6781.390000
6781.390000
6781.390000
6781.390000
6781.390000
6781.390000
6781.390000
6781.390000
6781.390000
6781.390000
6781.390000
6781.390000
6781.390000
6781.390000
6781.390000
6781.390000
6781.390000
6781.390000
6781.390000
6781.390000
6781.390000
6781.390000
6781.390000
6781.390000
6781.390000
6781.390000
6781.390000
6781.390000
6781.390000
6781.390000
6781.390000
6781.390000
6781.390000
6781.390000
6781.390000
6781.390000
6781.390000
6781.390000
6781.390000
6781.390000
6781.390000
6781.390000
6781.390000
6781.390000
6781.390000
6781.390000
6781.390000
6781.390000
6781.390000
6781.390000
6781.390000
6781.390000
6781.390000
6781.390000
6781.390000
6781.390000
6781.390000
6781.390000
6781.390000
6781.390000
6781.390000
6781.390000
6781.390000
6781.390000
3930.623373
0.000000
0.000000
0.000000
0.000000
370.770523
612.155079
6781.390000
6781.390000
6781.390000
6781.390000
6781.390000
6781.390000
6781.390000
6781.390000
6781.390000
6781.390000
6781.390000
6781.390000
6781.390000
6781.390000
6781.390000
6781.390000
6781.390000
6781.390000
6781.390000
6781.390000
6781.390000
6781.390000
6781.390000
6781.390000
6781.390000
6781.390000
6781.390000
6781.390000
6781.390000
6781.390000
6781.390000
6781.390000
6781.390000
6781.390000
6781.390000
6781.390000
6781.390000
6781.390000
6781.390000
2337.535239
0.000000
0.000000
0.000000
0.000000
0.000000
0.000000
0.000000
0.000000
6744.240730
3961.332942
6781.390000
6781.390000
6781.390000
6781.390000
6781.390000
6781.390000
6781.390000
6781.390000
6781.390000
6781.390000
6781.390000
6781.390000
6781.390000
6781.390000
6781.390000
6781.390000
6781.390000
6781.390000
6781.390000
6781.390000
6781.390000
6781.390000
6781.390000
6781.390000
6781.390000
6781.390000
6781.390000
6781.390000
6781.390000
6781.390000
6781.390000
6781.390000
6781.390000
6781.390000
2797.191623
5065.902354
2575.975838
0.000000
0.000000
0.000000
0.000000
0.000000
0.000000
249.038744
2838.358401
3610.986577
6781.390000
5227.208302
6781.390000
6781.390000
6781.390000
6781.390000
6781.390000
6781.390000
6781.390000
6781.390000
6781.390000
6781.390000
6781.390000
6781.390000
6781.390000
6781.390000
6781.390000
6781.390000
6781.390000
6781.390000
6781.390000
6781.390000
6781.390000
6781.390000
6781.390000
6781.390000
6781.390000
6781.390000
6781.390000
6781.390000
6781.390000
6781.390000
6781.390000
6781.390000
6781.390000
6781.390000
6781.390000
6781.390000
6781.390000
5950.196987
0.000000
0.000000
0.000000
0.000000
0.000000
0.000000
0.000000
0.000000
5746.932944
6781.390000
6781.390000
6781.390000
6781.390000
6781.390000
6781.390000
6781.390000
6781.390000
6781.390000
6781.390000
6781.390000
6781.390000
6781.390000
6781.390000
6781.390000
6781.390000
6781.390000
6781.390000
6781.390000
6781.390000
6781.390000
6781.390000
6781.390000
6781.390000
6781.390000
6781.390000
6781.390000
6781.390000
6781.390000
6781.390000
6781.390000
6781.390000
6781.390000
6781.390000
6781.390000
6781.390000
6781.390000
6781.390000
6781.390000
6781.390000
6781.390000
6781.390000
6781.390000
6781.390000
6781.390000
6781.390000
6781.390000
6781.390000
6781.390000
6781.390000
6781.390000
6781.390000
6781.390000
6781.390000
6781.390000
6781.390000
6781.390000
6781.390000
6781.390000
6781.390000
6781.390000
6781.390000
6781.390000
6781.390000
6781.390000
6781.390000
6781.390000
6781.390000
6781.390000
6781.390000
6781.390000
6781.390000
6781.390000
6781.390000
6781.390000
6781.390000
6781.390000
6781.390000
6781.390000
6781.390000
6781.390000
1281.637645
2390.893997
0.000000
0.000000
0.000000
0.000000
0.000000
0.000000
0.000000
0.000000
0.000000
0.000000
0.000000
0.000000
4447.146800
6781.390000
6781.390000
6781.390000
6781.390000
6781.390000
6781.390000
6781.390000
6781.390000
6781.390000
6781.390000
6781.390000
6781.390000
6781.390000
6781.390000
6781.390000
6781.390000
6781.390000
6781.390000
6781.390000
6781.390000
6781.390000
6781.390000
6781.390000
6781.390000
6781.390000
6781.390000
6781.390000
6781.390000
6781.390000
6781.390000
6781.390000
6781.390000
6781.390000
6781.390000
6781.390000
6781.390000
6781.390000
6781.390000
4791.146911
6781.390000
5642.378245
4028.207451
4259.907864
6063.243922
6717.596356
6781.390000
6781.390000
6781.390000
6781.390000
6781.390000
6781.390000
6781.390000
6781.390000
6781.390000
6781.390000
6781.390000
6781.390000
6781.390000
6781.390000
6781.390000
6781.390000
6781.390000
6781.390000
6781.390000
6781.390000
6781.390000
6781.390000
6781.390000
6781.390000
6781.390000
6781.390000
6781.390000
6781.390000
6781.390000
6781.390000
6781.390000
6781.390000
6781.390000
6781.390000
6781.390000
6781.390000
6781.390000
6781.390000
6781.390000
6781.390000
6732.491801
334.215361
0.000000
0.000000
0.000000
0.000000
0.000000
0.000000
0.000000
0.000000
2450.033387
5847.876741
6781.390000
6781.390000
6781.390000
6781.390000
6781.390000
6781.390000
6781.390000
6781.390000
6781.390000
6781.390000
6781.390000
6781.390000
6781.390000
6781.390000
6781.390000
6781.390000
6781.390000
6781.390000
6781.390000
6781.390000
6781.390000
6781.390000
6781.390000
6781.390000
6781.390000
6781.390000
6781.390000
6781.390000
6781.390000
6781.390000
6781.390000
6781.390000
6781.390000
6781.390000
6781.390000
6781.390000
6781.390000
6781.390000
6781.390000
6781.390000
6781.390000
6781.390000
6781.390000
6781.390000
6781.390000
6781.390000
6781.390000
2608.315607
6781.390000
6781.390000
6781.390000
6781.390000
6781.390000
6781.390000
6781.390000
6781.390000
6781.390000
6781.390000
6781.390000
6781.390000
6781.390000
6781.390000
6781.390000
6781.390000
6781.390000
6781.390000
6781.390000
6781.390000
6781.390000
6781.390000
6781.390000
6781.390000
6781.390000
6781.390000
6781.390000
6781.390000
6781.390000
6781.390000
6781.390000
6781.390000
6781.390000
6781.390000
6781.390000
6781.390000
6781.390000
1684.312975
0.000000
0.000000
0.000000
0.000000
6781.390000
6781.390000
6781.390000
6781.390000
6781.390000
6781.390000
6781.390000
6781.390000
6781.390000
6781.390000
6781.390000
6781.390000
6781.390000
6781.390000
6781.390000
6781.390000
6781.390000
6781.390000
6781.390000
6781.390000
6781.390000
6781.390000
6781.390000
6781.390000
6781.390000
6781.390000
6781.390000
6781.390000
6781.390000
6781.390000
6781.390000
6781.390000
6781.390000
6781.390000
6781.390000
6781.390000
6781.390000
6781.390000
6781.390000
6781.390000
6781.390000
6781.390000
6781.390000
6781.390000
6781.390000
6781.390000
1937.844216
2133.602469
5694.015948
6379.376334
6781.390000
6781.390000
6781.390000
6781.390000
6781.390000
6781.390000
6781.390000
6781.390000
6781.390000
6781.390000
6781.390000
6781.390000
6781.390000
6781.390000
6781.390000
6781.390000
6781.390000
6781.390000
6781.390000
6781.390000
6781.390000
6781.390000
6781.390000
6781.390000
6781.390000
6781.390000
6781.390000
6781.390000
6781.390000
6781.390000
6781.390000
6781.390000
6781.390000
6781.390000
6781.390000
6781.390000
6781.390000
6781.390000
6781.390000
6781.390000
6781.390000
6781.390000
4335.171958
4874.602575
4040.142526
5401.804220
6781.390000
5934.583422
6781.390000
6521.768986
6781.390000
6781.390000
6781.390000
6781.390000
6781.390000
6781.390000
6781.390000
6781.390000
6781.390000
6781.390000
6781.390000
6781.390000
6781.390000
6781.390000
6781.390000
6781.390000
6781.390000
6781.390000
6781.390000
6781.390000
6781.390000
6781.390000
6781.390000
6781.390000
6781.390000
6781.390000
6781.390000
6781.390000
6781.390000
6781.390000
6781.390000
6781.390000
6781.390000
6781.390000
6781.390000
6781.390000
0.000000
0.000000
0.000000
539.945997
6619.058240
6781.390000
5360.357109
6766.500775
6781.390000
6781.390000
6781.390000
6781.390000
6781.390000
6781.390000
6781.390000
6781.390000
6781.390000
6781.390000
6781.390000
6781.390000
6781.390000
6781.390000
6781.390000
6781.390000
6781.390000
6781.390000
6781.390000
6781.390000
6781.390000
6781.390000
6781.390000
6781.390000
6781.390000
6781.390000
6781.390000
6781.390000
6781.390000
6781.390000
6781.390000
6781.390000
6781.390000
6781.390000
6781.390000
6781.390000
6781.390000
6781.390000
6781.390000
6781.390000
6781.390000
6781.390000
6781.390000
6781.390000
6781.390000
6781.390000
6781.390000
6781.390000
6781.390000
6781.390000
6781.390000
6781.390000
6781.390000
6781.390000
6781.390000
6781.390000
6781.390000
6781.390000
6781.390000
6781.390000
6781.390000
6781.390000
6781.390000
6781.390000
6781.390000
6781.390000
6781.390000
6781.390000
6781.390000
6781.390000
6781.390000
6781.390000
6781.390000
6781.390000
6781.390000
6781.390000
6781.390000
6781.390000
6781.390000
6781.390000
6781.390000
6781.390000
6781.390000
6781.390000
6781.390000
6781.390000
6781.390000
6781.390000
6781.390000
6781.390000
6781.390000
6781.390000
6781.390000
6781.390000
6781.390000
6781.390000
6781.390000
6781.390000
6781.390000
6781.390000
6781.390000
6781.390000
6781.390000
6781.390000
6781.390000
6781.390000
6781.390000
6781.390000
6781.390000
6781.390000
6781.390000
6781.390000
6781.390000
6781.390000
6781.390000
6781.390000
6781.390000
6781.390000
6781.390000
6781.390000
6781.390000
6781.390000
6781.390000
6781.390000
6781.390000
6781.390000
6781.390000
6781.390000
6781.390000
6781.390000
6781.390000
6781.390000
6781.390000
6781.390000
6781.390000
6781.390000
6781.390000
6781.390000
6781.390000
6781.390000
6781.390000
6781.390000
6781.390000
6781.390000
6781.390000
6781.390000
6781.390000
6781.390000
6781.390000
6781.390000
6781.390000
6781.390000
6781.390000
6781.390000
6781.390000
6781.390000
6781.390000
6781.390000
6781.390000
6781.390000
6781.390000
6781.390000
6781.390000
6781.390000
6781.390000
6781.390000
6781.390000
6781.390000
6781.390000
6781.390000
6781.390000
6781.390000
6781.390000
6781.390000
6781.390000
6781.390000
6781.390000
6781.390000
6781.390000
6781.390000
6781.390000
6781.390000
6781.390000
6781.390000
6781.390000
6781.390000
6781.390000
6781.390000
6781.390000
6781.390000
0.000000
0.000000
1052.485278
1487.760700
5121.451055
5630.913300
6781.390000
6781.390000
6781.390000
6781.390000
6781.390000
6781.390000
6781.390000
6781.390000
6781.390000
6781.390000
6781.390000
6781.390000
6781.390000
6781.390000
6781.390000
6781.390000
6781.390000
6781.390000
6781.390000
6781.390000
6781.390000
6781.390000
6781.390000
6781.390000
6781.390000
6781.390000
6781.390000
6781.390000
6781.390000
6781.390000
6781.390000
6781.390000
6781.390000
6781.390000
6781.390000
6781.390000
6781.390000
6781.390000
6781.390000
6781.390000
2084.641908
0.000000
0.000000
0.000000
6781.390000
6781.390000
6781.390000
6781.390000
6781.390000
6781.390000
6781.390000
6781.390000
6781.390000
6781.390000
6781.390000
6781.390000
6781.390000
6781.390000
6781.390000
6781.390000
6781.390000
6781.390000
6781.390000
6781.390000
6781.390000
6781.390000
6781.390000
6781.390000
6781.390000
6781.390000
6781.390000
6781.390000
6781.390000
6781.390000
6781.390000
6781.390000
6781.390000
6781.390000
6781.390000
6781.390000
6781.390000
6781.390000
6781.390000
6781.390000
6781.390000
6781.390000
6781.390000
6781.390000
6781.390000
6781.390000
6781.390000
6781.390000
6781.390000
6781.390000
6781.390000
6781.390000
6781.390000
6781.390000
6781.390000
6781.390000
6781.390000
6781.390000
6781.390000
6781.390000
6781.390000
6781.390000
6781.390000
6781.390000
6781.390000
6781.390000
6781.390000
6781.390000
6781.390000
6781.390000
6781.390000
6781.390000
6781.390000
6781.390000
6781.390000
6781.390000
6781.390000
6781.390000
6781.390000
6781.390000
6781.390000
6781.390000
6781.390000
6781.390000
6781.390000
6781.390000
6781.390000
6781.390000
6781.390000
6781.390000
6781.390000
6781.390000
4950.251887
5291.398115
2268.792284
3708.526700
6781.390000
6781.390000
6781.390000
6781.390000
6781.390000
6781.390000
6781.390000
6781.390000
6781.390000
6781.390000
6781.390000
6781.390000
6781.390000
6781.390000
6781.390000
6781.390000
6781.390000
6781.390000
6781.390000
6781.390000
6781.390000
6781.390000
6781.390000
6781.390000
6781.390000
6781.390000
6781.390000
6781.390000
6781.390000
6781.390000
6781.390000
6781.390000
6781.390000
6781.390000
6781.390000
6781.390000
6781.390000
6781.390000
6781.390000
6781.390000
6781.390000
6781.390000
6781.390000
6781.390000
4398.298529
1897.340985
6781.390000
6781.390000
6781.390000
6781.390000
6781.390000
6781.390000
6781.390000
6781.390000
6781.390000
6781.390000
6781.390000
6781.390000
6781.390000
6781.390000
6781.390000
6781.390000
6781.390000
6781.390000
6781.390000
6781.390000
6781.390000
6781.390000
6781.390000
6781.390000
6781.390000
6781.390000
6781.390000
6781.390000
6781.390000
6781.390000
6781.390000
6781.390000
6781.390000
6781.390000
6781.390000
6781.390000
6781.390000
6781.390000
6781.390000
6781.390000
6781.390000
6781.390000
6781.390000
6781.390000
6781.390000
6781.390000
6781.390000
6781.390000
6781.390000
6781.390000
6781.390000
6781.390000
6781.390000
6781.390000
6781.390000
6781.390000
6781.390000
6781.390000
6781.390000
6781.390000
6781.390000
6781.390000
6781.390000
6781.390000
6781.390000
6781.390000
6781.390000
6781.390000
6781.390000
6781.390000
6781.390000
6781.390000
6781.390000
6781.390000
6781.390000
6781.390000
6781.390000
6781.390000
6781.390000
6781.390000
6781.390000
6781.390000
6781.390000
6781.390000
6781.390000
6781.390000
6781.390000
6781.390000
6781.390000
6781.390000
6781.390000
6781.390000
6549.306131
1633.996857
0.000000
0.000000
0.000000
0.000000
0.000000
0.000000
754.175869
1168.813752
0.000000
6781.390000
6781.390000
6781.390000
6781.390000
6781.390000
6781.390000
6781.390000
6781.390000
6781.390000
6781.390000
6781.390000
6781.390000
6781.390000
6781.390000
6781.390000
6781.390000
6781.390000
6781.390000
6781.390000
6781.390000
6781.390000
6781.390000
6781.390000
6781.390000
6781.390000
6781.390000
6781.390000
6781.390000
6781.390000
6781.390000
6781.390000
6781.390000
6781.390000
6781.390000
6781.390000
6781.390000
6781.390000
6781.390000
6781.390000
113.676357
0.000000
0.000000
0.000000
0.000000
0.000000
6781.390000
6781.390000
6781.390000
6781.390000
6781.390000
6781.390000
6781.390000
6781.390000
6781.390000
6781.390000
6781.390000
6781.390000
6781.390000
6781.390000
6781.390000
6781.390000
6781.390000
6781.390000
6781.390000
6781.390000
6781.390000
6781.390000
6781.390000
6781.390000
6781.390000
6781.390000
6781.390000
6781.390000
6781.390000
6781.390000
6781.390000
6781.390000
6781.390000
6781.390000
6781.390000
6781.390000
6781.390000
6781.390000
6781.390000
6781.390000
6781.390000
5993.753414
5449.127250
3985.804703
6781.390000
6781.390000
6781.390000
6781.390000
6781.390000
6781.390000
6781.390000
6781.390000
6781.390000
6781.390000
6781.390000
6781.390000
6781.390000
6781.390000
6781.390000
6781.390000
6781.390000
6781.390000
6781.390000
6781.390000
6781.390000
6781.390000
6781.390000
6781.390000
6781.390000
6781.390000
6781.390000
6781.390000
6781.390000
6781.390000
6781.390000
6781.390000
6781.390000
6781.390000
6781.390000
6781.390000
6781.390000
6781.390000
6781.390000
6781.390000
6781.390000
6781.390000
6781.390000
6781.390000
6781.390000
6781.390000
6781.390000
6781.390000
6781.390000
6781.390000
6781.390000
6781.390000
6781.390000
6781.390000
6781.390000
6781.390000
6781.390000
6781.390000
6781.390000
6781.390000
6781.390000
6781.390000
6781.390000
6781.390000
6781.390000
6781.390000
6781.390000
6781.390000
6781.390000
6781.390000
6781.390000
6781.390000
6781.390000
6781.390000
6781.390000
6781.390000
6781.390000
6781.390000
6781.390000
6781.390000
6781.390000
6781.390000
6781.390000
6781.390000
6781.390000
6781.390000
6781.390000
6781.390000
6781.390000
6781.390000
3377.104900
4800.731833
0.000000
0.000000
1432.494509
2670.907548
0.000000
182.754509
111.324948
0.000000
371.336590
145.827178
6781.390000
6781.390000
6781.390000
6781.390000
6781.390000
6781.390000
6781.390000
6781.390000
6781.390000
6781.390000
6781.390000
6781.390000
6781.390000
6781.390000
6781.390000
6781.390000
6781.390000
6781.390000
6781.390000
6781.390000
6781.390000
6781.390000
6781.390000
6781.390000
6781.390000
6781.390000
6781.390000
6781.390000
6781.390000
6781.390000
6781.390000
6781.390000
6781.390000
6781.390000
6781.390000
6781.390000
6781.390000
6781.390000
6781.390000
6781.390000
6781.390000
6781.390000
6781.390000
6781.390000
6781.390000
6781.390000
6781.390000
6781.390000
6781.390000
6781.390000
6781.390000
6781.390000
6781.390000
6781.390000
6781.390000
6781.390000
6781.390000
6781.390000
6781.390000
6781.390000
6781.390000
6781.390000
6781.390000
6781.390000
6781.390000
6781.390000
6781.390000
6781.390000
6781.390000
6781.390000
6781.390000
6781.390000
6781.390000
6781.390000
6781.390000
6781.390000
6781.390000
6781.390000
6781.390000
6781.390000
6781.390000
6781.390000
6781.390000
6781.390000
6781.390000
6781.390000
6781.390000
1992.468597
0.000000
0.000000
0.000000
0.000000
5621.390772
6570.623622
0.000000
0.000000
6781.390000
6781.390000
6781.390000
6781.390000
6781.390000
6781.390000
6781.390000
6781.390000
6781.390000
6781.390000
6781.390000
6781.390000
6781.390000
6781.390000
6781.390000
6781.390000
6781.390000
6781.390000
6781.390000
6781.390000
6781.390000
6781.390000
6781.390000
6781.390000
6781.390000
6781.390000
6781.390000
6781.390000
6781.390000
6781.390000
6781.390000
6781.390000
6781.390000
6781.390000
6781.390000
6781.390000
6781.390000
6781.390000
6781.390000
3240.653722
2250.701999
0.000000
2150.264213
2204.824391
6781.390000
6781.390000
6781.390000
6781.390000
6781.390000
6781.390000
6781.390000
6781.390000
6781.390000
6781.390000
6781.390000
6781.390000
6781.390000
6781.390000
6781.390000
6781.390000
6781.390000
6781.390000
6781.390000
6781.390000
6781.390000
6781.390000
6781.390000
6781.390000
6781.390000
6781.390000
6781.390000
6781.390000
6781.390000
6781.390000
6781.390000
6781.390000
6781.390000
6781.390000
6781.390000
6781.390000
6781.390000
6781.390000
6781.390000
6781.390000
6781.390000
6781.390000
6781.390000
6781.390000
6781.390000
6781.390000
6781.390000
6781.390000
6781.390000
6781.390000
6781.390000
6781.390000
6781.390000
6781.390000
6781.390000
6781.390000
6781.390000
6781.390000
6781.390000
6781.390000
6781.390000
6781.390000
6781.390000
6781.390000
6781.390000
6781.390000
6781.390000
6781.390000
6781.390000
6781.390000
6781.390000
6781.390000
6781.390000
6781.390000
6781.390000
6781.390000
6781.390000
6781.390000
6781.390000
6781.390000
6781.390000
6781.390000
6781.390000
6781.390000
6781.390000
6781.390000
6781.390000
6781.390000
6781.390000
6781.390000
6651.356307
113.949860
3446.983423
546.647421
3712.557318
3365.700541
2577.497431
3018.360577
5407.227823
5663.704719
6781.390000
6781.390000
6781.390000
6781.390000
6781.390000
6781.390000
6781.390000
6781.390000
6781.390000
6781.390000
6781.390000
6781.390000
6781.390000
6781.390000
6781.390000
6781.390000
6781.390000
6781.390000
6781.390000
6781.390000
6781.390000
6781.390000
6781.390000
6781.390000
6781.390000
6781.390000
6781.390000
6781.390000
6781.390000
6781.390000
6781.390000
6781.390000
6781.390000
6781.390000
6781.390000
6781.390000
0.000000
48.913355
78.657179
0.000000
0.000000
0.000000
234.614489
1365.235662
4094.453125
3124.162852
6781.390000
6781.390000
6781.390000
6781.390000
6781.390000
6781.390000
6781.390000
6781.390000
6781.390000
6781.390000
6781.390000
6781.390000
6781.390000
6781.390000
6781.390000
6781.390000
6781.390000
6781.390000
6781.390000
6781.390000
6781.390000
6781.390000
6781.390000
6781.390000
6781.390000
6781.390000
6781.390000
6781.390000
6781.390000
6781.390000
6781.390000
6781.390000
6781.390000
6781.390000
6781.390000
6781.390000
6781.390000
6781.390000
0.000000
0.000000
0.000000
0.000000
0.000000
0.000000
0.000000
0.000000
0.000000
0.000000
0.000000
0.000000
0.000000
6781.390000
6781.390000
6781.390000
6781.390000
6781.390000
6781.390000
6781.390000
6781.390000
6781.390000
6781.390000
6781.390000
6781.390000
6781.390000
6781.390000
6781.390000
6781.390000
6781.390000
6781.390000
6781.390000
6781.390000
6781.390000
6781.390000
6781.390000
6781.390000
6781.390000
6781.390000
6781.390000
6781.390000
6781.390000
6781.390000
6781.390000
6781.390000
6781.390000
6781.390000
6781.390000
6781.390000
6781.390000
6781.390000
6781.390000
6345.783709
3600.822471
0.000000
0.000000
6781.390000
6781.390000
6781.390000
6781.390000
6781.390000
6781.390000
6781.390000
6781.390000
6781.390000
6781.390000
6781.390000
6781.390000
6781.390000
6781.390000
6781.390000
6781.390000
6781.390000
6781.390000
6781.390000
6781.390000
6781.390000
6781.390000
6781.390000
6781.390000
6781.390000
6781.390000
6781.390000
6781.390000
6781.390000
6781.390000
6781.390000
6781.390000
6781.390000
6781.390000
6781.390000
6781.390000
6781.390000
6781.390000
6781.390000
6781.390000
6781.390000
6781.390000
6781.390000
6781.390000
6781.390000
6781.390000
6781.390000
6781.390000
6781.390000
6781.390000
6781.390000
6781.390000
6781.390000
6781.390000
6781.390000
6781.390000
6781.390000
6781.390000
6781.390000
6781.390000
6781.390000
6781.390000
6781.390000
6781.390000
6781.390000
6781.390000
6781.390000
6781.390000
6781.390000
6781.390000
6781.390000
6781.390000
6781.390000
6781.390000
6781.390000
6781.390000
6781.390000
6781.390000
6781.390000
6781.390000
6781.390000
6781.390000
6781.390000
6781.390000
6781.390000
6781.390000
6781.390000
6781.390000
6781.390000
6781.390000
6781.390000
3924.666474
5796.679802
3576.182199
6781.390000
6781.390000
6781.390000
6781.390000
6781.390000
6781.390000
6781.390000
6781.390000
6781.390000
6781.390000
6781.390000
6781.390000
6781.390000
6781.390000
6781.390000
6781.390000
6781.390000
6781.390000
6781.390000
6781.390000
6781.390000
6781.390000
6781.390000
6781.390000
6781.390000
6781.390000
6781.390000
6781.390000
6781.390000
6781.390000
6781.390000
6781.390000
6781.390000
6781.390000
6781.390000
6781.390000
6781.390000
6781.390000
6781.390000
6781.390000
6781.390000
6781.390000
6781.390000
6781.390000
6781.390000
6781.390000
6781.390000
6781.390000
6781.390000
6781.390000
6781.390000
6781.390000
6781.390000
6781.390000
6781.390000
6781.390000
6781.390000
6781.390000
6781.390000
6781.390000
6781.390000
6781.390000
6781.390000
6781.390000
6781.390000
6781.390000
6781.390000
6781.390000
6781.390000
6781.390000
6781.390000
6781.390000
6781.390000
6781.390000
6781.390000
6781.390000
6781.390000
6781.390000
6781.390000
6781.390000
6781.390000
6781.390000
6781.390000
6781.390000
6781.390000
6781.390000
6781.390000
6781.390000
6781.390000
6781.390000
6781.390000
6781.390000
6781.390000
6781.390000
6781.390000
5180.360060
6781.390000
6781.390000
6781.390000
6781.390000
6781.390000
6781.390000
6781.390000
6781.390000
6781.390000
6781.390000
6781.390000
6781.390000
6781.390000
6781.390000
6781.390000
6781.390000
6781.390000
6781.390000
6781.390000
6781.390000
6781.390000
6781.390000
6781.390000
6781.390000
6781.390000
6781.390000
6781.390000
6781.390000
6781.390000
6781.390000
6781.390000
6781.390000
6781.390000
6781.390000
6781.390000
6781.390000
6781.390000
6781.390000
6781.390000
6781.390000
6781.390000
6781.390000
590.483519
1329.680802
1115.658158
254.422801
3477.288016
4118.357749
0.000000
0.000000
0.000000
0.000000
0.000000
0.000000
5624.263892
6781.390000
6781.390000
6781.390000
6781.390000
6781.390000
6781.390000
6781.390000
6781.390000
6781.390000
6781.390000
6781.390000
6781.390000
6781.390000
6781.390000
6781.390000
6781.390000
6781.390000
6781.390000
6781.390000
6781.390000
6781.390000
6781.390000
6781.390000
6781.390000
6781.390000
6781.390000
6781.390000
6781.390000
6781.390000
6781.390000
6781.390000
6781.390000
6781.390000
6781.390000
6781.390000
6781.390000
6781.390000
6781.390000
6781.390000
0.000000
398.825045
46.813011
1505.383329
2501.530194
1759.119627
3179.122947
2956.958177
6781.390000
6386.076883
6781.390000
6781.390000
6781.390000
6781.390000
6781.390000
6781.390000
6781.390000
6781.390000
6781.390000
6781.390000
6781.390000
6781.390000
6781.390000
6781.390000
6781.390000
6781.390000
6781.390000
6781.390000
6781.390000
6781.390000
6781.390000
6781.390000
6781.390000
6781.390000
6781.390000
6781.390000
6781.390000
6781.390000
6781.390000
6781.390000
6781.390000
6781.390000
6781.390000
6781.390000
6781.390000
6781.390000
6781.390000
6781.390000
4576.973461
1672.214176
0.000000
0.000000
2184.648778
2472.928596
0.000000
0.000000
0.000000
560.769345
6781.390000
6781.390000
6781.390000
6781.390000
6781.390000
6781.390000
6781.390000
6781.390000
6781.390000
6781.390000
6781.390000
6781.390000
6781.390000
6781.390000
6781.390000
6781.390000
6781.390000
6781.390000
6781.390000
6781.390000
6781.390000
6781.390000
6781.390000
6781.390000
6781.390000
6781.390000
6781.390000
6781.390000
6781.390000
6781.390000
6781.390000
6781.390000
6781.390000
6781.390000
6781.390000
6781.390000
6781.390000
6421.845049
2329.371852
189.711688
0.000000
0.000000
0.000000
0.000000
0.000000
0.000000
0.000000
0.000000
0.000000
0.000000
6781.390000
6781.390000
6781.390000
6781.390000
6781.390000
6781.390000
6781.390000
6781.390000
6781.390000
6781.390000
6781.390000
6781.390000
6781.390000
6781.390000
6781.390000
6781.390000
6781.390000
6781.390000
6781.390000
6781.390000
6781.390000
6781.390000
6781.390000
6781.390000
6781.390000
6781.390000
6781.390000
6781.390000
6781.390000
6781.390000
6781.390000
6781.390000
6781.390000
6781.390000
6781.390000
6781.390000
6781.390000
6781.390000
6781.390000
6781.390000
6781.390000
6781.390000
6781.390000
6781.390000
0.000000
0.000000
0.000000
0.000000
6781.390000
6781.390000
6781.390000
6781.390000
6781.390000
6781.390000
6781.390000
6781.390000
6781.390000
6781.390000
6781.390000
6781.390000
6781.390000
6781.390000
6781.390000
6781.390000
6781.390000
6781.390000
6781.390000
6781.390000
6781.390000
6781.390000
6781.390000
6781.390000
6781.390000
6781.390000
6781.390000
6781.390000
6781.390000
6781.390000
6781.390000
6781.390000
6781.390000
6781.390000
6781.390000
6781.390000
6781.390000
6781.390000
4512.839040
4827.910672
3673.476843
4312.152413
3297.093694
0.000000
0.000000
3994.627190
6781.390000
6781.390000
6781.390000
6781.390000
6781.390000
6781.390000
6781.390000
6781.390000
6781.390000
6781.390000
6781.390000
6781.390000
6781.390000
6781.390000
6781.390000
6781.390000
6781.390000
6781.390000
6781.390000
6781.390000
6781.390000
6781.390000
6781.390000
6781.390000
6781.390000
6781.390000
6781.390000
6781.390000
6781.390000
6781.390000
6781.390000
6781.390000
6781.390000
6781.390000
6781.390000
6781.390000
6553.937110
718.737472
1234.475149
0.000000
0.000000
0.000000
0.000000
0.000000
0.000000
0.000000
291.232583
0.000000
4792.255226
6781.390000
6781.390000
6781.390000
6781.390000
6781.390000
6781.390000
6781.390000
6781.390000
6781.390000
6781.390000
6781.390000
6781.390000
6781.390000
6781.390000
6781.390000
6781.390000
6781.390000
6781.390000
6781.390000
6781.390000
6781.390000
6781.390000
6781.390000
6781.390000
6781.390000
6781.390000
6781.390000
6781.390000
6781.390000
6781.390000
6781.390000
5529.447322
6513.161067
0.000000
0.000000
0.000000
0.000000
0.000000
0.000000
0.000000
0.000000
0.000000
0.000000
164.212475
0.000000
6396.089795
6781.390000
6781.390000
6781.390000
6781.390000
6781.390000
6781.390000
6781.390000
6781.390000
6781.390000
6781.390000
6781.390000
6781.390000
6781.390000
6781.390000
6781.390000
6781.390000
6781.390000
6781.390000
6781.390000
6781.390000
6781.390000
6781.390000
6781.390000
6781.390000
6781.390000
6781.390000
6781.390000
6781.390000
6781.390000
6781.390000
6781.390000
6781.390000
6781.390000
6781.390000
6781.390000
6781.390000
6781.390000
5427.828700
6184.524902
6781.390000
6781.390000
6781.390000
6781.390000
6781.390000
6781.390000
6781.390000
6781.390000
6781.390000
6781.390000
6781.390000
6781.390000
6781.390000
6781.390000
6781.390000
6781.390000
6781.390000
6781.390000
6781.390000
6781.390000
6781.390000
6781.390000
6781.390000
6781.390000
6781.390000
6781.390000
6781.390000
6781.390000
6781.390000
6781.390000
6781.390000
6781.390000
6781.390000
6781.390000
6781.390000
6781.390000
6781.390000
6781.390000
6781.390000
6781.390000
6781.390000
6781.390000
6781.390000
6781.390000
6781.390000
6781.390000
6781.390000
4744.127336
3493.189944
1192.364296
0.000000
0.000000
0.000000
0.000000
1927.931678
2455.277229
6781.390000
6781.390000
6781.390000
6781.390000
6781.390000
6781.390000
6781.390000
6781.390000
6781.390000
6781.390000
6781.390000
6781.390000
6781.390000
6781.390000
6781.390000
6781.390000
6781.390000
6781.390000
6781.390000
6781.390000
6781.390000
6781.390000
6781.390000
6781.390000
6781.390000
6781.390000
6781.390000
6781.390000
6781.390000
6781.390000
6781.390000
6781.390000
6781.390000
6781.390000
6781.390000
6781.390000
6781.390000
6781.390000
6781.390000
6781.390000
1551.404600
0.000000
0.000000
0.000000
0.000000
0.000000
0.000000
0.000000
2927.170975
6062.741167
6781.390000
6781.390000
6781.390000
6781.390000
6781.390000
6781.390000
6781.390000
6781.390000
6781.390000
6781.390000
6781.390000
6781.390000
6781.390000
6781.390000
6781.390000
6781.390000
6781.390000
6781.390000
6781.390000
6781.390000
6781.390000
6781.390000
6781.390000
6781.390000
6781.390000
6781.390000
6781.390000
6781.390000
6781.390000
6781.390000
6781.390000
6781.390000
6781.390000
6781.390000
6781.390000
6781.390000
6781.390000
6781.390000
6781.390000
6781.390000
6781.390000
6781.390000
6781.390000
6781.390000
6781.390000
6781.390000
6781.390000
6781.390000
6781.390000
6781.390000
6781.390000
6781.390000
6781.390000
6781.390000
6781.390000
6781.390000
6781.390000
6781.390000
6781.390000
6781.390000
6781.390000
6781.390000
6781.390000
6781.390000
6781.390000
6781.390000
6781.390000
6781.390000
6781.390000
6781.390000
6781.390000
6781.390000
6781.390000
6781.390000
6781.390000
6781.390000
6781.390000
6781.390000
6781.390000
6781.390000
6781.390000
6781.390000
6781.390000
0.000000
0.000000
0.000000
0.000000
0.000000
0.000000
0.000000
0.000000
0.000000
0.000000
0.000000
0.000000
0.000000
0.000000
0.000000
6781.390000
6781.390000
6781.390000
6781.390000
6781.390000
6781.390000
6781.390000
6781.390000
6781.390000
6781.390000
6781.390000
6781.390000
6781.390000
6781.390000
6781.390000
6781.390000
6781.390000
6781.390000
6781.390000
6781.390000
6781.390000
6781.390000
6781.390000
6781.390000
6781.390000
6781.390000
6781.390000
6781.390000
6781.390000
6781.390000
6781.390000
6781.390000
45.578256
1266.757315
0.000000
0.000000
0.000000
0.000000
0.000000
0.000000
0.000000
0.000000
0.000000
0.000000
0.000000
2939.675189
6781.390000
6781.390000
6781.390000
6781.390000
6781.390000
6781.390000
6781.390000
6781.390000
6781.390000
6781.390000
6781.390000
6781.390000
6781.390000
6781.390000
6781.390000
6781.390000
6781.390000
6781.390000
6781.390000
6781.390000
6781.390000
6781.390000
6781.390000
6781.390000
6781.390000
6781.390000
6781.390000
6781.390000
6781.390000
6781.390000
6781.390000
6781.390000
6781.390000
6781.390000
6781.390000
6781.390000
6781.390000
6781.390000
6781.390000
6781.390000
6781.390000
6781.390000
6781.390000
6781.390000
6781.390000
6781.390000
6781.390000
6781.390000
6781.390000
6781.390000
6781.390000
6781.390000
6781.390000
6781.390000
6781.390000
6781.390000
6781.390000
6781.390000
6781.390000
6781.390000
6781.390000
6781.390000
6781.390000
6781.390000
6781.390000
6781.390000
6781.390000
6781.390000
6781.390000
6781.390000
6781.390000
6781.390000
6781.390000
6781.390000
6781.390000
6781.390000
6781.390000
6781.390000
6781.390000
6781.390000
6781.390000
6781.390000
6781.390000
6781.390000
278.634415
934.946873
0.000000
0.000000
0.000000
0.000000
0.000000
0.000000
0.000000
0.000000
0.000000
82.380383
5729.809485
6303.537012
6781.390000
6781.390000
6781.390000
6781.390000
6781.390000
6781.390000
6781.390000
6781.390000
6781.390000
6781.390000
6781.390000
6781.390000
6781.390000
6781.390000
6781.390000
6781.390000
6781.390000
6781.390000
6781.390000
6781.390000
6781.390000
6781.390000
6781.390000
6781.390000
6781.390000
6781.390000
6781.390000
6781.390000
6781.390000
6781.390000
6781.390000
6781.390000
6781.390000
6781.390000
6781.390000
5177.066180
0.000000
0.000000
0.000000
0.000000
0.000000
0.000000
0.000000
0.000000
1270.024823
4707.028167
6781.390000
6781.390000
6781.390000
6781.390000
6781.390000
6781.390000
6781.390000
6781.390000
6781.390000
6781.390000
6781.390000
6781.390000
6781.390000
6781.390000
6781.390000
6781.390000
6781.390000
6781.390000
6781.390000
6781.390000
6781.390000
6781.390000
6781.390000
6781.390000
6781.390000
6781.390000
6781.390000
6781.390000
6781.390000
6781.390000
6781.390000
6781.390000
4395.646109
6781.390000
0.000000
0.000000
0.000000
0.000000
0.000000
0.000000
0.000000
0.000000
0.000000
0.000000
0.000000
0.000000
0.000000
902.732813
6781.390000
6781.390000
6781.390000
6781.390000
6781.390000
6781.390000
6781.390000
6781.390000
6781.390000
6781.390000
6781.390000
6781.390000
6781.390000
6781.390000
6781.390000
6781.390000
6781.390000
6781.390000
6781.390000
6781.390000
6781.390000
6781.390000
6781.390000
6781.390000
6781.390000
6781.390000
6781.390000
6781.390000
6781.390000
6781.390000
6781.390000
6781.390000
6781.390000
6781.390000
6781.390000
6781.390000
6781.390000
2606.767024
0.000000
0.000000
0.000000
0.000000
0.000000
0.000000
0.000000
0.000000
659.950349
0.000000
0.000000
0.000000
6781.390000
6781.390000
6781.390000
6781.390000
6781.390000
6781.390000
6781.390000
6781.390000
6781.390000
6781.390000
6781.390000
6781.390000
6781.390000
6781.390000
6781.390000
6781.390000
6781.390000
6781.390000
6781.390000
6781.390000
6781.390000
6781.390000
6781.390000
6781.390000
6781.390000
6781.390000
6781.390000
6781.390000
6781.390000
6781.390000
6781.390000
6781.390000
6781.390000
6781.390000
6781.390000
6781.390000
3404.484263
1250.847679
2696.986651
3217.796784
1884.936283
2757.486549
6781.390000
6781.390000
6781.390000
6781.390000
6781.390000
6781.390000
6781.390000
6781.390000
6781.390000
6781.390000
6781.390000
6781.390000
6781.390000
6781.390000
6781.390000
6781.390000
6781.390000
6781.390000
6781.390000
6781.390000
6781.390000
6781.390000
6781.390000
6781.390000
6781.390000
6781.390000
6781.390000
6781.390000
6781.390000
6781.390000
6781.390000
6781.390000
6781.390000
6781.390000
6781.390000
6781.390000
6781.390000
6781.390000
6781.390000
6781.390000
6781.390000
6781.390000
6781.390000
6781.390000
1504.308843
1906.305353
50.286647
635.556740
1645.549937
2219.856182
6543.873436
6781.390000
6781.390000
6781.390000
6781.390000
6781.390000
6781.390000
6781.390000
6781.390000
6781.390000
6781.390000
6781.390000
6781.390000
6781.390000
6781.390000
6781.390000
6781.390000
6781.390000
6781.390000
6781.390000
6781.390000
6781.390000
6781.390000
6781.390000
6781.390000
6781.390000
6781.390000
6781.390000
6781.390000
6781.390000
6781.390000
6781.390000
6781.390000
6781.390000
4675.823034
5277.496971
0.000000
0.000000
0.000000
0.000000
0.000000
0.000000
1909.353922
3530.343099
4692.873494
3851.037808
6781.390000
6781.390000
6781.390000
485.741573
6771.746068
6781.390000
6781.390000
6781.390000
6781.390000
6781.390000
6781.390000
6781.390000
6781.390000
6781.390000
6781.390000
6781.390000
6781.390000
6781.390000
6781.390000
6781.390000
6781.390000
6781.390000
6781.390000
6781.390000
6781.390000
6781.390000
6781.390000
6781.390000
6781.390000
6781.390000
6781.390000
6781.390000
6781.390000
6781.390000
6781.390000
6781.390000
6591.102401
6781.390000
0.000000
0.000000
0.000000
0.000000
0.000000
0.000000
3930.988473
5690.420857
6781.390000
6781.390000
6781.390000
6781.390000
6781.390000
6781.390000
6781.390000
6781.390000
6781.390000
6781.390000
6781.390000
6781.390000
6781.390000
6781.390000
6781.390000
6781.390000
6781.390000
6781.390000
6781.390000
6781.390000
6781.390000
6781.390000
6781.390000
6781.390000
6781.390000
6781.390000
6781.390000
6781.390000
6781.390000
6781.390000
6781.390000
6781.390000
6781.390000
6781.390000
6781.390000
6781.390000
6781.390000
6781.390000
6781.390000
6781.390000
6781.390000
6781.390000
6781.390000
6781.390000
6781.390000
6781.390000
6781.390000
6781.390000
6781.390000
6781.390000
6781.390000
6781.390000
6781.390000
6781.390000
6781.390000
6781.390000
6781.390000
6781.390000
6781.390000
6781.390000
6781.390000
6781.390000
6781.390000
6781.390000
6781.390000
6781.390000
6781.390000
6781.390000
6781.390000
6781.390000
6781.390000
6781.390000
6781.390000
6781.390000
6781.390000
6781.390000
6781.390000
6781.390000
6781.390000
6781.390000
6781.390000
6781.390000
6781.390000
6781.390000
6781.390000
6781.390000
6781.390000
6781.390000
6781.390000
6781.390000
6781.390000
6781.390000
6781.390000
6781.390000
6781.390000
6781.390000
6781.390000
6781.390000
6781.390000
6781.390000
6781.390000
6781.390000
6781.390000
6781.390000
6781.390000
6781.390000
6781.390000
6781.390000
6781.390000
6781.390000
6781.390000
6781.390000
6781.390000
6781.390000
6781.390000
6781.390000
6781.390000
6781.390000
6781.390000
6781.390000
6781.390000
6781.390000
6781.390000
6781.390000
6781.390000
6781.390000
6781.390000
6781.390000
6781.390000
6781.390000
6781.390000
6781.390000
6781.390000
6781.390000
6781.390000
6781.390000
6781.390000
6781.390000
6781.390000
6781.390000
6781.390000
6781.390000
6781.390000
6781.390000
6781.390000
6781.390000
6781.390000
6781.390000
6781.390000
6781.390000
6781.390000
6781.390000
6781.390000
6781.390000
6781.390000
6781.390000
6781.390000
6781.390000
6781.390000
6781.390000
6781.390000
6781.390000
6781.390000
6781.390000
6781.390000
6781.390000
6781.390000
6781.390000
6781.390000
6781.390000
6781.390000
6781.390000
6781.390000
6781.390000
6781.390000
6781.390000
6781.390000
6781.390000
6781.390000
6781.390000
6781.390000
6781.390000
6781.390000
6781.390000
6781.390000
6781.390000
6781.390000
6781.390000
4620.035967
3119.502172
6781.390000
6781.390000
5385.692465
0.000000
0.000000
0.000000
2409.562569
6781.390000
6781.390000
6781.390000
6781.390000
6781.390000
6781.390000
6781.390000
6781.390000
6781.390000
6781.390000
6781.390000
6781.390000
6781.390000
6781.390000
6781.390000
6781.390000
6781.390000
6781.390000
6781.390000
6781.390000
6781.390000
6781.390000
6781.390000
6781.390000
6781.390000
6781.390000
6781.390000
6781.390000
6781.390000
6781.390000
6781.390000
6781.390000
6781.390000
6781.390000
6781.390000
0.000000
0.000000
0.000000
0.000000
0.000000
0.000000
0.000000
0.000000
0.000000
0.000000
0.000000
0.000000
0.000000
3000.630823
6781.390000
6781.390000
6781.390000
6781.390000
6781.390000
6781.390000
6781.390000
6781.390000
6781.390000
6781.390000
6781.390000
6781.390000
6781.390000
6781.390000
6781.390000
6781.390000
6781.390000
6781.390000
6781.390000
6781.390000
6781.390000
6781.390000
6781.390000
6781.390000
6781.390000
6781.390000
6781.390000
6781.390000
6781.390000
6781.390000
6781.390000
6781.390000
6781.390000
6781.390000
6781.390000
6781.390000
6781.390000
6781.390000
0.000000
652.159124
6781.390000
6781.390000
6781.390000
6781.390000
6781.390000
6781.390000
6781.390000
6540.847058
6781.390000
6781.390000
6781.390000
6781.390000
6781.390000
6781.390000
6781.390000
6781.390000
6781.390000
6781.390000
6781.390000
6781.390000
6781.390000
6781.390000
6781.390000
6781.390000
6781.390000
6781.390000
6781.390000
6781.390000
6781.390000
6781.390000
6781.390000
6781.390000
6781.390000
6781.390000
6781.390000
6781.390000
6781.390000
6781.390000
6781.390000
6781.390000
6781.390000
6781.390000
6781.390000
6781.390000
2525.339543
4081.291094
3311.793166
4765.602426
6781.390000
6781.390000
6781.390000
6781.390000
6781.390000
6781.390000
6781.390000
6781.390000
6781.390000
6781.390000
6781.390000
6781.390000
6781.390000
6781.390000
6781.390000
6781.390000
6781.390000
6781.390000
6781.390000
6781.390000
6781.390000
6781.390000
6781.390000
6781.390000
6781.390000
6781.390000
6781.390000
6781.390000
6781.390000
6781.390000
6781.390000
6781.390000
6781.390000
6781.390000
6781.390000
6781.390000
6781.390000
6781.390000
6781.390000
6781.390000
0.000000
1564.618771
0.000000
0.000000
0.000000
0.000000
0.000000
0.000000
4196.246565
4746.945126
4494.547508
5246.289460
6781.390000
6781.390000
5889.121579
6781.390000
6781.390000
6781.390000
6781.390000
6781.390000
6781.390000
6781.390000
6781.390000
6781.390000
6781.390000
6781.390000
6781.390000
6781.390000
6781.390000
6781.390000
6781.390000
6781.390000
6781.390000
6781.390000
6781.390000
6781.390000
6781.390000
6781.390000
6781.390000
6781.390000
6781.390000
6781.390000
6781.390000
6781.390000
6781.390000
6781.390000
6781.390000
6781.390000
6298.998686
6781.390000
0.000000
0.000000
0.000000
0.000000
0.000000
0.000000
0.000000
0.000000
0.000000
0.000000
2094.668031
2550.274433
6781.390000
6781.390000
6781.390000
6781.390000
6781.390000
6781.390000
6781.390000
6781.390000
6781.390000
6781.390000
6781.390000
6781.390000
6781.390000
6781.390000
6781.390000
6781.390000
6781.390000
6781.390000
6781.390000
6781.390000
6781.390000
6781.390000
6781.390000
6781.390000
6781.390000
6781.390000
6781.390000
6781.390000
6781.390000
6781.390000
6781.390000
6781.390000
6781.390000
6781.390000
0.000000
0.000000
0.000000
0.000000
0.000000
0.000000
0.000000
0.000000
0.000000
0.000000
0.000000
0.000000
0.000000
0.000000
0.000000
6781.390000
6781.390000
6781.390000
6781.390000
6781.390000
6781.390000
6781.390000
6781.390000
6781.390000
6781.390000
6781.390000
6781.390000
6781.390000
6781.390000
6781.390000
6781.390000
6781.390000
6781.390000
6781.390000
6781.390000
6781.390000
6781.390000
6781.390000
6781.390000
6781.390000
6781.390000
6781.390000
6781.390000
6781.390000
6781.390000
6781.390000
6781.390000
6781.390000
0.000000
0.000000
0.000000
0.000000
0.000000
0.000000
0.000000
0.000000
0.000000
0.000000
0.000000
0.000000
0.000000
0.000000
0.000000
1271.585269
6781.390000
6781.390000
6781.390000
6781.390000
6781.390000
6781.390000
6781.390000
6781.390000
6781.390000
6781.390000
6781.390000
6781.390000
6781.390000
6781.390000
6781.390000
6781.390000
6781.390000
6781.390000
6781.390000
6781.390000
6781.390000
6781.390000
6781.390000
6781.390000
6781.390000
6781.390000
6781.390000
6781.390000
6781.390000
6781.390000
6781.390000
6781.390000
5881.879098
6781.390000
2804.446140
4677.347302
2338.885928
0.000000
0.000000
0.000000
0.000000
0.000000
0.000000
0.000000
0.000000
43.520957
0.000000
0.000000
3320.724149
6461.558596
6781.390000
6781.390000
6781.390000
6781.390000
6781.390000
6781.390000
6781.390000
6781.390000
6781.390000
6781.390000
6781.390000
6781.390000
6781.390000
6781.390000
6781.390000
6781.390000
6781.390000
6781.390000
6781.390000
6781.390000
6781.390000
6781.390000
6781.390000
6781.390000
6781.390000
6781.390000
6781.390000
6781.390000
6781.390000
6781.390000
0.000000
0.000000
0.000000
0.000000
0.000000
0.000000
0.000000
0.000000
0.000000
0.000000
0.000000
0.000000
3267.936938
3221.244764
6781.390000
3322.518405
6781.390000
6781.390000
6781.390000
6781.390000
6781.390000
6781.390000
6781.390000
6781.390000
6781.390000
6781.390000
6781.390000
6781.390000
6781.390000
6781.390000
6781.390000
6781.390000
6781.390000
6781.390000
6781.390000
6781.390000
6781.390000
6781.390000
6781.390000
6781.390000
6781.390000
6781.390000
6781.390000
6781.390000
6781.390000
6781.390000
6781.390000
6781.390000
6781.390000
6781.390000
1956.323259
3383.240131
651.163217
2528.615472
5239.297837
6781.390000
6781.390000
6781.390000
6781.390000
6781.390000
6781.390000
6781.390000
6781.390000
6781.390000
6781.390000
6781.390000
6781.390000
6781.390000
6781.390000
6781.390000
6781.390000
6781.390000
6781.390000
6781.390000
6781.390000
6781.390000
6781.390000
6781.390000
6781.390000
6781.390000
6781.390000
6781.390000
6781.390000
6781.390000
6781.390000
6781.390000
6781.390000
6781.390000
6781.390000
6781.390000
6781.390000
6781.390000
6781.390000
6781.390000
6781.390000
6781.390000
5053.613688
6781.390000
3985.333402
5466.258628
2857.619526
0.000000
0.000000
0.000000
0.000000
0.000000
0.000000
0.000000
0.000000
0.000000
0.000000
6781.390000
6781.390000
6781.390000
6781.390000
6781.390000
6781.390000
6781.390000
6781.390000
6781.390000
6781.390000
6781.390000
6781.390000
6781.390000
6781.390000
6781.390000
6781.390000
6781.390000
6781.390000
6781.390000
6781.390000
6781.390000
6781.390000
6781.390000
6781.390000
6781.390000
6781.390000
6781.390000
6781.390000
6781.390000
6781.390000
6781.390000
6781.390000
6781.390000
6781.390000
6781.390000
6781.390000
6781.390000
2652.721920
0.000000
0.000000
0.000000
0.000000
0.000000
0.000000
0.000000
0.000000
256.330367
6781.390000
0.000000
3281.937230
6392.756954
6781.390000
6781.390000
6781.390000
6781.390000
6781.390000
6781.390000
6781.390000
6781.390000
6781.390000
6781.390000
6781.390000
6781.390000
6781.390000
6781.390000
6781.390000
6781.390000
6781.390000
6781.390000
6781.390000
6781.390000
6781.390000
6781.390000
6781.390000
6781.390000
6781.390000
6781.390000
6781.390000
6781.390000
6781.390000
6781.390000
6781.390000
6781.390000
3242.730162
3934.911809
2551.726819
0.000000
0.000000
0.000000
0.000000
0.000000
0.000000
0.000000
0.000000
0.000000
2580.501348
6781.390000
6781.390000
6781.390000
6781.390000
6781.390000
6781.390000
6781.390000
6781.390000
6781.390000
6781.390000
6781.390000
6781.390000
6781.390000
6781.390000
6781.390000
6781.390000
6781.390000
6781.390000
6781.390000
6781.390000
6781.390000
6781.390000
6781.390000
6781.390000
6781.390000
6781.390000
6781.390000
6781.390000
6781.390000
6781.390000
6781.390000
6781.390000
6781.390000
6781.390000
6781.390000
6781.390000
6781.390000
6781.390000
6781.390000
6781.390000
6781.390000
6781.390000
6781.390000
3420.805090
4369.743515
6781.390000
6781.390000
6781.390000
6781.390000
6781.390000
6781.390000
6781.390000
6781.390000
6781.390000
6781.390000
6781.390000
6781.390000
6781.390000
6781.390000
6781.390000
6781.390000
6781.390000
6781.390000
6781.390000
6781.390000
6781.390000
6781.390000
6781.390000
6781.390000
6781.390000
6781.390000
6781.390000
6781.390000
6781.390000
6781.390000
6781.390000
6781.390000
6781.390000
6781.390000
6781.390000
6781.390000
6781.390000
6781.390000
6781.390000
6781.390000
6781.390000
6781.390000
6781.390000
6781.390000
6781.390000
6781.390000
6781.390000
6781.390000
6781.390000
6781.390000
6781.390000
6781.390000
6781.390000
6781.390000
6781.390000
6781.390000
6781.390000
6781.390000
6781.390000
6781.390000
6781.390000
6781.390000
6781.390000
6781.390000
6781.390000
6781.390000
6781.390000
6781.390000
6781.390000
6781.390000
6781.390000
6781.390000
6781.390000
6781.390000
6781.390000
6781.390000
6781.390000
6781.390000
6781.390000
6781.390000
6781.390000
6781.390000
6781.390000
6781.390000
6781.390000
6781.390000
0.000000
59.366686
1614.059425
2578.781227
5011.297280
4709.763066
3838.829267
5467.693177
2277.379924
1515.932578
2464.250033
1982.530099
5219.743731
6781.390000
6781.390000
6781.390000
6781.390000
6781.390000
6781.390000
6781.390000
6781.390000
6781.390000
6781.390000
6781.390000
6781.390000
6781.390000
6781.390000
6781.390000
6781.390000
6781.390000
6781.390000
6781.390000
6781.390000
6781.390000
6781.390000
6781.390000
6781.390000
6781.390000
6781.390000
6781.390000
6781.390000
6781.390000
6781.390000
6781.390000
6781.390000
6781.390000
6781.390000
6781.390000
6781.390000
6781.390000
6781.390000
6781.390000
6781.390000
6631.248630
2705.577777
4544.080723
3812.722824
2911.184736
3173.679990
2672.892775
4450.433136
1566.182800
6781.390000
6781.390000
6781.390000
6781.390000
6781.390000
6781.390000
6781.390000
6781.390000
6781.390000
6781.390000
6781.390000
6781.390000
6781.390000
6781.390000
6781.390000
6781.390000
6781.390000
6781.390000
6781.390000
6781.390000
6781.390000
6781.390000
6781.390000
6781.390000
6781.390000
6781.390000
6781.390000
6781.390000
6781.390000
6781.390000
6781.390000
6781.390000
6781.390000
6781.390000
6781.390000
6781.390000
6781.390000
6781.390000
6781.390000
6781.390000
6781.390000
6781.390000
6781.390000
6781.390000
6781.390000
6781.390000
6781.390000
6781.390000
6781.390000
6781.390000
6781.390000
6781.390000
6781.390000
6781.390000
6781.390000
6781.390000
6781.390000
6781.390000
6781.390000
6781.390000
6781.390000
6781.390000
6781.390000
6781.390000
6781.390000
6781.390000
6781.390000
6781.390000
6781.390000
6781.390000
6781.390000
6781.390000
6781.390000
6781.390000
6781.390000
6781.390000
6781.390000
6781.390000
6781.390000
6781.390000
6781.390000
6781.390000
6781.390000
6781.390000
6781.390000
6781.390000
0.000000
0.000000
497.457154
1186.435725
0.000000
0.000000
4884.499807
5103.352078
3456.727336
6781.390000
6781.390000
6781.390000
6781.390000
6781.390000
6781.390000
6781.390000
6781.390000
6781.390000
6781.390000
6781.390000
6781.390000
6781.390000
6781.390000
6781.390000
6781.390000
6781.390000
6781.390000
6781.390000
6781.390000
6781.390000
6781.390000
6781.390000
6781.390000
6781.390000
6781.390000
6781.390000
6781.390000
6781.390000
6781.390000
6781.390000
6781.390000
6781.390000
5269.447463
6781.390000
2040.021842
3619.940736
2203.300717
0.000000
0.000000
0.000000
0.000000
0.000000
0.000000
0.000000
0.000000
0.000000
0.000000
0.000000
3582.296966
6781.390000
6781.390000
6781.390000
6781.390000
6781.390000
6781.390000
6781.390000
6781.390000
6781.390000
6781.390000
6781.390000
6781.390000
6781.390000
6781.390000
6781.390000
6781.390000
6781.390000
6781.390000
6781.390000
6781.390000
6781.390000
6781.390000
6781.390000
6781.390000
6781.390000
6781.390000
6781.390000
6781.390000
6781.390000
6781.390000
6781.390000
6781.390000
6781.390000
6781.390000
6781.390000
1290.785387
0.000000
0.000000
0.000000
0.000000
0.000000
0.000000
0.000000
0.000000
0.000000
0.000000
0.000000
2855.635899
5926.941006
6781.390000
6781.390000
6781.390000
6781.390000
6781.390000
6781.390000
6781.390000
6781.390000
6781.390000
6781.390000
6781.390000
6781.390000
6781.390000
6781.390000
6781.390000
6781.390000
6781.390000
6781.390000
6781.390000
6781.390000
6781.390000
6781.390000
6781.390000
6781.390000
6781.390000
6781.390000
6781.390000
6781.390000
6781.390000
6781.390000
0.000000
2516.220566
0.000000
1836.371995
0.000000
0.000000
0.000000
0.000000
0.000000
0.000000
0.000000
0.000000
0.000000
0.000000
0.000000
0.000000
0.000000
0.000000
6781.390000
6781.390000
6781.390000
6781.390000
6781.390000
6781.390000
6781.390000
6781.390000
6781.390000
6781.390000
6781.390000
6781.390000
6781.390000
6781.390000
6781.390000
6781.390000
6781.390000
6781.390000
6781.390000
6781.390000
6781.390000
6781.390000
6781.390000
6781.390000
6781.390000
6781.390000
6781.390000
6781.390000
697.258175
1467.897672
0.000000
0.000000
0.000000
0.000000
0.000000
0.000000
0.000000
535.935722
5270.174946
6781.390000
6781.390000
6781.390000
6781.390000
6781.390000
6781.390000
0.000000
0.000000
98.939705
6781.390000
6781.390000
6781.390000
6781.390000
6781.390000
6781.390000
6781.390000
6781.390000
6781.390000
6781.390000
6781.390000
6781.390000
6781.390000
6781.390000
6781.390000
6781.390000
6781.390000
6781.390000
6781.390000
6781.390000
6781.390000
6781.390000
6781.390000
6781.390000
6781.390000
6781.390000
6781.390000
6781.390000
6781.390000
6781.390000
619.733592
1466.114366
0.000000
0.000000
0.000000
208.486266
3627.188527
4915.528110
3377.025609
5313.178722
1480.344391
878.834694
659.518232
446.859836
6781.390000
6781.390000
6781.390000
6781.390000
6781.390000
6781.390000
6781.390000
6781.390000
6781.390000
6781.390000
6781.390000
6781.390000
6781.390000
6781.390000
6781.390000
6781.390000
6781.390000
6781.390000
6781.390000
6781.390000
6781.390000
6781.390000
6781.390000
6781.390000
6781.390000
6781.390000
6781.390000
6781.390000
6781.390000
6781.390000
6781.390000
6781.390000
6781.390000
6781.390000
6781.390000
6781.390000
6781.390000
6781.390000
0.000000
0.000000
0.000000
0.000000
0.000000
0.000000
0.000000
0.000000
0.000000
0.000000
369.481421
6781.390000
6781.390000
6781.390000
6781.390000
6781.390000
6781.390000
6781.390000
6781.390000
6781.390000
6781.390000
6781.390000
6781.390000
6781.390000
6781.390000
6781.390000
6781.390000
6781.390000
6781.390000
6781.390000
6781.390000
6781.390000
6781.390000
6781.390000
6781.390000
6781.390000
6781.390000
6781.390000
6781.390000
6781.390000
6781.390000
6781.390000
6781.390000
6781.390000
6781.390000
6781.390000
6781.390000
6781.390000
3166.290384
0.000000
0.000000
0.000000
0.000000
0.000000
0.000000
0.000000
0.000000
0.000000
0.000000
0.000000
0.000000
1309.704774
6781.390000
6781.390000
6781.390000
6781.390000
6781.390000
6781.390000
6781.390000
6781.390000
6781.390000
6781.390000
6781.390000
6781.390000
6781.390000
6781.390000
6781.390000
6781.390000
6781.390000
6781.390000
6781.390000
6781.390000
6781.390000
6781.390000
6781.390000
6781.390000
6781.390000
6781.390000
6781.390000
6781.390000
6781.390000
6781.390000
0.000000
1337.461305
0.000000
0.000000
0.000000
0.000000
0.000000
0.000000
0.000000
0.000000
0.000000
0.000000
0.000000
0.000000
0.000000
6781.390000
4170.853963
6781.390000
6781.390000
6781.390000
6781.390000
6781.390000
6781.390000
6781.390000
6781.390000
6781.390000
6781.390000
6781.390000
6781.390000
6781.390000
6781.390000
6781.390000
6781.390000
6781.390000
6781.390000
6781.390000
6781.390000
6781.390000
6781.390000
6781.390000
6781.390000
6781.390000
6781.390000
6781.390000
6781.390000
6781.390000
6781.390000
6781.390000
0.000000
0.000000
0.000000
0.000000
0.000000
0.000000
0.000000
0.000000
0.000000
0.000000
0.000000
0.000000
0.000000
0.000000
0.000000
0.000000
0.000000
0.000000
6781.390000
6781.390000
6781.390000
6781.390000
6781.390000
6781.390000
6781.390000
6781.390000
6781.390000
6781.390000
6781.390000
6781.390000
6781.390000
6781.390000
6781.390000
6781.390000
6781.390000
6781.390000
6781.390000
6781.390000
6781.390000
6781.390000
6781.390000
6781.390000
6781.390000
6781.390000
6781.390000
6781.390000
6781.390000
6781.390000
0.000000
0.000000
0.000000
0.000000
359.765450
0.000000
0.000000
0.000000
0.000000
0.000000
6681.288546
6781.390000
3601.615858
4414.115278
6781.390000
0.000000
0.000000
313.122239
6781.390000
6781.390000
6781.390000
6781.390000
6781.390000
6781.390000
6781.390000
6781.390000
6781.390000
6781.390000
6781.390000
6781.390000
6781.390000
6781.390000
6781.390000
6781.390000
6781.390000
6781.390000
6781.390000
6781.390000
6781.390000
6781.390000
6781.390000
6781.390000
6781.390000
6781.390000
6781.390000
6781.390000
6781.390000
6781.390000
0.000000
0.000000
0.000000
0.000000
0.000000
0.000000
0.000000
0.000000
0.000000
0.000000
0.000000
0.000000
0.000000
0.000000
0.000000
6229.033666
6781.390000
6781.390000
6781.390000
6781.390000
6781.390000
6781.390000
6781.390000
6781.390000
6781.390000
6781.390000
6781.390000
6781.390000
6781.390000
6781.390000
6781.390000
6781.390000
6781.390000
6781.390000
6781.390000
6781.390000
6781.390000
6781.390000
6781.390000
6781.390000
6781.390000
6781.390000
6781.390000
6781.390000
6781.390000
6781.390000
6781.390000
6781.390000
1956.775777
2350.769523
0.000000
0.000000
0.000000
0.000000
0.000000
0.000000
0.000000
0.000000
0.000000
0.000000
0.000000
0.000000
0.000000
0.000000
0.000000
0.000000
6781.390000
6781.390000
6781.390000
6781.390000
6781.390000
6781.390000
6781.390000
6781.390000
6781.390000
6781.390000
6781.390000
6781.390000
6781.390000
6781.390000
6781.390000
6781.390000
6781.390000
6781.390000
6781.390000
6781.390000
6781.390000
6781.390000
6781.390000
6781.390000
6781.390000
6781.390000
6781.390000
6781.390000
6781.390000
6781.390000
0.000000
0.000000
0.000000
250.688863
0.000000
0.000000
0.000000
0.000000
0.000000
0.000000
0.000000
0.000000
0.000000
0.000000
0.000000
6781.390000
6781.390000
6781.390000
6781.390000
6781.390000
6781.390000
6781.390000
6781.390000
6781.390000
6781.390000
6781.390000
6781.390000
6781.390000
6781.390000
6781.390000
6781.390000
6781.390000
6781.390000
6781.390000
6781.390000
6781.390000
6781.390000
6781.390000
6781.390000
6781.390000
6781.390000
6781.390000
6781.390000
6781.390000
6781.390000
6781.390000
5148.311159
6781.390000
0.000000
0.000000
0.000000
0.000000
0.000000
0.000000
0.000000
0.000000
0.000000
0.000000
0.000000
0.000000
0.000000
0.000000
560.212245
6781.390000
6781.390000
6781.390000
6781.390000
6781.390000
6781.390000
6781.390000
6781.390000
6781.390000
6781.390000
6781.390000
6781.390000
6781.390000
6781.390000
6781.390000
6781.390000
6781.390000
6781.390000
6781.390000
6781.390000
6781.390000
6781.390000
6781.390000
6781.390000
6781.390000
6781.390000
6781.390000
6781.390000
6781.390000
6781.390000
6781.390000
6781.390000
6781.390000
6781.390000
6781.390000
6596.320994
6781.390000
2850.095685
0.000000
0.000000
0.000000
0.000000
0.000000
0.000000
0.000000
0.000000
0.000000
0.000000
0.000000
0.000000
0.000000
6781.390000
6781.390000
6781.390000
6781.390000
6781.390000
6781.390000
6781.390000
6781.390000
6781.390000
6781.390000
6781.390000
6781.390000
6781.390000
6781.390000
6781.390000
6781.390000
6781.390000
6781.390000
6781.390000
6781.390000
6781.390000
6781.390000
6781.390000
6781.390000
6781.390000
6781.390000
6781.390000
6781.390000
6781.390000
6781.390000
0.000000
0.000000
0.000000
0.000000
0.000000
0.000000
0.000000
0.000000
0.000000
0.000000
0.000000
200.509402
0.000000
0.000000
6369.214552
0.000000
0.000000
0.000000
6781.390000
6781.390000
6781.390000
6781.390000
6781.390000
6781.390000
6781.390000
6781.390000
6781.390000
6781.390000
6781.390000
6781.390000
6781.390000
6781.390000
6781.390000
6781.390000
6781.390000
6781.390000
6781.390000
6781.390000
6781.390000
6781.390000
6781.390000
6781.390000
6781.390000
6781.390000
6781.390000
6781.390000
1299.136536
4824.841730
0.000000
0.000000
4846.384343
6605.891021
6781.390000
2720.787870
2398.556468
1126.666267
3929.599940
4377.761626
3690.178428
4773.023204
6602.892394
6781.390000
6781.390000
6044.321180
6781.390000
6781.390000
6781.390000
6781.390000
6781.390000
6781.390000
6781.390000
6781.390000
6781.390000
6781.390000
6781.390000
6781.390000
6781.390000
6781.390000
6781.390000
6781.390000
6781.390000
6781.390000
6781.390000
6781.390000
6781.390000
6781.390000
6781.390000
6781.390000
6781.390000
6781.390000
6781.390000
6781.390000
6781.390000
6781.390000
6781.390000
6781.390000
0.000000
0.000000
0.000000
0.000000
0.000000
0.000000
0.000000
0.000000
0.000000
0.000000
0.000000
0.000000
0.000000
0.000000
0.000000
6781.390000
6781.390000
6781.390000
6781.390000
6781.390000
6781.390000
6781.390000
6781.390000
6781.390000
6781.390000
6781.390000
6781.390000
6781.390000
6781.390000
6781.390000
6781.390000
6781.390000
6781.390000
6781.390000
6781.390000
6781.390000
6781.390000
6781.390000
6781.390000
6781.390000
6781.390000
6781.390000
6781.390000
6781.390000
6781.390000
6781.390000
6781.390000
6781.390000
0.000000
0.000000
0.000000
0.000000
0.000000
0.000000
0.000000
0.000000
0.000000
0.000000
2086.420438
1700.494071
40.065552
24.706767
0.000000
42.485977
3373.044932
4019.311836
6781.390000
6781.390000
6781.390000
6781.390000
6781.390000
6781.390000
6781.390000
6781.390000
6781.390000
6781.390000
6781.390000
6781.390000
6781.390000
6781.390000
6781.390000
6781.390000
6781.390000
6781.390000
6781.390000
6781.390000
6781.390000
6781.390000
6781.390000
6781.390000
6781.390000
6781.390000
6781.390000
6781.390000
6781.390000
6781.390000
3762.777939
0.000000
2575.469944
2765.574480
6781.390000
6017.991862
4434.504771
4993.864686
6781.390000
6781.390000
6781.390000
6781.390000
6781.390000
6781.390000
6781.390000
6781.390000
6781.390000
6781.390000
6781.390000
6781.390000
6781.390000
6781.390000
6781.390000
6781.390000
6781.390000
6781.390000
6781.390000
6781.390000
6781.390000
6781.390000
6781.390000
6781.390000
6781.390000
6781.390000
6781.390000
6781.390000
6781.390000
6781.390000
6781.390000
6781.390000
6781.390000
6781.390000
6781.390000
6781.390000
6781.390000
6781.390000
6781.390000
6781.390000
0.000000
0.000000
0.000000
0.000000
0.000000
0.000000
0.000000
0.000000
0.000000
0.000000
0.000000
0.000000
0.000000
0.000000
0.000000
6781.390000
6781.390000
6781.390000
6781.390000
6781.390000
6781.390000
6781.390000
6781.390000
6781.390000
6781.390000
6781.390000
6781.390000
6781.390000
6781.390000
6781.390000
6781.390000
6781.390000
6781.390000
6781.390000
6781.390000
6781.390000
6781.390000
6781.390000
6781.390000
6781.390000
6781.390000
6781.390000
6781.390000
6781.390000
6781.390000
6781.390000
0.000000
0.000000
0.000000
0.000000
0.000000
0.000000
0.000000
0.000000
0.000000
0.000000
0.000000
0.000000
0.000000
0.000000
0.000000
0.000000
807.525023
6781.390000
6560.895785
6781.390000
6781.390000
6781.390000
6781.390000
6781.390000
6781.390000
6781.390000
6781.390000
6781.390000
6781.390000
6781.390000
6781.390000
6781.390000
6781.390000
6781.390000
6781.390000
6781.390000
6781.390000
6781.390000
6781.390000
6781.390000
6781.390000
6781.390000
6781.390000
6781.390000
6781.390000
6781.390000
6781.390000
6781.390000
6186.004209
6781.390000
0.000000
0.000000
0.000000
0.000000
0.000000
0.000000
0.000000
0.000000
0.000000
0.000000
0.000000
0.000000
0.000000
0.000000
1226.584962
6407.655281
6781.390000
6781.390000
6781.390000
6781.390000
6781.390000
6781.390000
6781.390000
6781.390000
6781.390000
6781.390000
6781.390000
6781.390000
6781.390000
6781.390000
6781.390000
6781.390000
6781.390000
6781.390000
6781.390000
6781.390000
6781.390000
6781.390000
6781.390000
6781.390000
6781.390000
6781.390000
6781.390000
6781.390000
6781.390000
6781.390000
6781.390000
6781.390000
2414.847647
3896.480406
4554.780196
1659.666635
6781.390000
6781.390000
0.000000
0.000000
0.000000
0.000000
0.000000
0.000000
0.000000
0.000000
2559.834723
0.000000
3687.943714
5834.765501
6781.390000
6781.390000
6781.390000
6781.390000
6781.390000
6781.390000
6781.390000
6781.390000
6781.390000
6781.390000
6781.390000
6781.390000
6781.390000
6781.390000
6781.390000
6781.390000
6781.390000
6781.390000
6781.390000
6781.390000
6781.390000
6781.390000
6781.390000
6781.390000
6781.390000
6781.390000
6781.390000
6781.390000
6781.390000
6781.390000
6781.390000
6781.390000
3869.146411
5603.489565
6781.390000
6781.390000
6781.390000
6781.390000
6781.390000
6781.390000
6781.390000
6781.390000
6781.390000
6781.390000
6781.390000
6781.390000
6781.390000
6781.390000
6781.390000
6781.390000
6781.390000
6781.390000
6781.390000
6781.390000
6781.390000
6781.390000
6781.390000
6781.390000
6781.390000
6781.390000
6781.390000
6781.390000
6781.390000
6781.390000
6781.390000
6781.390000
6781.390000
6781.390000
6781.390000
6781.390000
6781.390000
6781.390000
6781.390000
6781.390000
6781.390000
6781.390000
6781.390000
6781.390000
5844.208640
6781.390000
6781.390000
6781.390000
6781.390000
6781.390000
4436.518111
6083.544902
0.000000
0.000000
6631.669307
6548.965677
6781.390000
6781.390000
6781.390000
6781.390000
6781.390000
6781.390000
6781.390000
6781.390000
6781.390000
6781.390000
6781.390000
6781.390000
6781.390000
6781.390000
6781.390000
6781.390000
6781.390000
6781.390000
6781.390000
6781.390000
6781.390000
6781.390000
6781.390000
6781.390000
6781.390000
6781.390000
6781.390000
6781.390000
6781.390000
6781.390000
6781.390000
6781.390000
6781.390000
6781.390000
6781.390000
6781.390000
0.000000
0.000000
0.000000
0.000000
0.000000
0.000000
0.000000
0.000000
0.000000
0.000000
0.000000
0.000000
0.000000
0.000000
0.000000
0.000000
0.000000
0.000000
6781.390000
6781.390000
6781.390000
6781.390000
6781.390000
6781.390000
6781.390000
6781.390000
6781.390000
6781.390000
6781.390000
6781.390000
6781.390000
6781.390000
6781.390000
6781.390000
6781.390000
6781.390000
6781.390000
6781.390000
6781.390000
6781.390000
6781.390000
6781.390000
6781.390000
6781.390000
6781.390000
6781.390000
0.000000
0.000000
0.000000
0.000000
0.000000
0.000000
0.000000
0.000000
0.000000
0.000000
0.000000
0.000000
0.000000
0.000000
0.000000
0.000000
0.000000
0.000000
0.000000
0.000000
6781.390000
6781.390000
6781.390000
6781.390000
6781.390000
6781.390000
6781.390000
6781.390000
6781.390000
6781.390000
6781.390000
6781.390000
6781.390000
6781.390000
6781.390000
6781.390000
6781.390000
6781.390000
6781.390000
6781.390000
6781.390000
6781.390000
6781.390000
6781.390000
6781.390000
6781.390000
6781.390000
6781.390000
0.000000
0.000000
0.000000
0.000000
0.000000
0.000000
0.000000
0.000000
0.000000
0.000000
0.000000
0.000000
0.000000
0.000000
0.000000
0.000000
0.000000
4420.199665
6781.390000
6781.390000
6781.390000
6781.390000
6781.390000
6781.390000
6781.390000
6781.390000
6781.390000
6781.390000
6781.390000
6781.390000
6781.390000
6781.390000
6781.390000
6781.390000
6781.390000
6781.390000
6781.390000
6781.390000
6781.390000
6781.390000
6781.390000
6781.390000
6781.390000
6781.390000
6781.390000
6781.390000
6781.390000
6781.390000
0.000000
0.000000
0.000000
0.000000
0.000000
0.000000
0.000000
0.000000
0.000000
0.000000
0.000000
0.000000
0.000000
0.000000
1633.445909
3747.361353
0.000000
0.000000
6781.390000
6781.390000
6781.390000
6781.390000
6781.390000
6781.390000
6781.390000
6781.390000
6781.390000
6781.390000
6781.390000
6781.390000
6781.390000
6781.390000
6781.390000
6781.390000
6781.390000
6781.390000
6781.390000
6781.390000
6781.390000
6781.390000
6781.390000
6781.390000
6781.390000
6781.390000
6781.390000
6781.390000
6781.390000
6781.390000
6781.390000
6781.390000
6781.390000
6781.390000
6781.390000
6781.390000
6781.390000
6781.390000
6781.390000
6781.390000
6781.390000
6781.390000
6781.390000
6781.390000
6781.390000
6781.390000
6781.390000
6781.390000
6781.390000
6781.390000
6781.390000
6781.390000
6781.390000
6781.390000
6781.390000
6781.390000
6781.390000
6781.390000
6781.390000
6781.390000
6781.390000
6781.390000
6781.390000
6781.390000
6781.390000
6781.390000
6781.390000
6781.390000
6781.390000
6781.390000
6781.390000
6781.390000
6781.390000
6781.390000
6781.390000
6781.390000
6781.390000
6781.390000
0.000000
0.000000
0.000000
0.000000
0.000000
0.000000
0.000000
0.000000
3089.317784
4770.116542
5283.761065
5241.342921
6390.613189
5911.524020
6781.390000
6781.390000
6781.390000
6781.390000
6781.390000
6781.390000
6781.390000
6781.390000
6781.390000
6781.390000
6781.390000
6781.390000
6781.390000
6781.390000
6781.390000
6781.390000
6781.390000
6781.390000
6781.390000
6781.390000
6781.390000
6781.390000
6781.390000
6781.390000
6781.390000
6781.390000
6781.390000
6781.390000
6781.390000
6781.390000
6781.390000
6781.390000
6781.390000
6781.390000
0.000000
0.000000
0.000000
0.000000
0.000000
0.000000
0.000000
0.000000
0.000000
0.000000
0.000000
0.000000
3365.742467
2886.031711
4670.894266
6125.515254
6781.390000
6781.390000
6781.390000
6781.390000
6781.390000
6781.390000
6781.390000
6781.390000
6781.390000
6781.390000
6781.390000
6781.390000
6781.390000
6781.390000
6781.390000
6781.390000
6781.390000
6781.390000
6781.390000
6781.390000
6781.390000
6781.390000
6781.390000
6781.390000
6781.390000
6781.390000
6781.390000
6781.390000
6781.390000
6781.390000
6781.390000
6781.390000
0.000000
378.096134
0.000000
0.000000
0.000000
0.000000
0.000000
0.000000
0.000000
0.000000
0.000000
0.000000
0.000000
200.094965
3233.868869
5509.980286
6781.390000
6781.390000
6781.390000
6781.390000
6781.390000
6781.390000
6781.390000
6781.390000
6781.390000
6781.390000
6781.390000
6781.390000
6781.390000
6781.390000
6781.390000
6781.390000
6781.390000
6781.390000
6781.390000
6781.390000
6781.390000
6781.390000
6781.390000
6781.390000
6781.390000
6781.390000
6781.390000
6781.390000
6781.390000
6781.390000
6781.390000
6781.390000
4750.983623
6781.390000
1366.730595
3544.499567
2787.294590
651.872079
0.000000
0.000000
0.000000
0.000000
2776.634741
3600.507060
2863.295772
3898.991899
6781.390000
6781.390000
6781.390000
6781.390000
6781.390000
6781.390000
6781.390000
6781.390000
6781.390000
6781.390000
6781.390000
6781.390000
6781.390000
6781.390000
6781.390000
6781.390000
6781.390000
6781.390000
6781.390000
6781.390000
6781.390000
6781.390000
6781.390000
6781.390000
6781.390000
6781.390000
6781.390000
6781.390000
6781.390000
6781.390000
6781.390000
6781.390000
6781.390000
6781.390000
0.000000
0.000000
0.000000
0.000000
0.000000
0.000000
0.000000
0.000000
0.000000
0.000000
0.000000
0.000000
6781.390000
6781.390000
6781.390000
6781.390000
6781.390000
6781.390000
6781.390000
6781.390000
6781.390000
6781.390000
6781.390000
6781.390000
6781.390000
6781.390000
6781.390000
6781.390000
6781.390000
6781.390000
6781.390000
6781.390000
6781.390000
6781.390000
6781.390000
6781.390000
6781.390000
6781.390000
6781.390000
6781.390000
6781.390000
6781.390000
6781.390000
6781.390000
6781.390000
6781.390000
6781.390000
6781.390000
6781.390000
6781.390000
6781.390000
6781.390000
0.000000
0.000000
6781.390000
6251.275255
723.301098
702.417047
0.000000
686.688090
2993.381687
3727.634313
4390.810282
6516.165054
6781.390000
6781.390000
6781.390000
6781.390000
6781.390000
6781.390000
6781.390000
6781.390000
6781.390000
6781.390000
6781.390000
6781.390000
6781.390000
6781.390000
6781.390000
6781.390000
6781.390000
6781.390000
6781.390000
6781.390000
6781.390000
6781.390000
6781.390000
6781.390000
6781.390000
6781.390000
6781.390000
6781.390000
6781.390000
6781.390000
6781.390000
6781.390000
1997.190959
5378.717402
0.000000
0.000000
0.000000
0.000000
6696.281553
4612.003782
1643.854324
1543.278261
3843.713837
4605.122144
2246.022392
2721.734894
2142.457884
4076.580746
6781.390000
6165.531080
6781.390000
6781.390000
6781.390000
6781.390000
6781.390000
6781.390000
6781.390000
6781.390000
6781.390000
6781.390000
6781.390000
6781.390000
6781.390000
6781.390000
6781.390000
6781.390000
6781.390000
6781.390000
6781.390000
6781.390000
6781.390000
6781.390000
6781.390000
6781.390000
6781.390000
6781.390000
6781.390000
6781.390000
6781.390000
6781.390000
0.000000
0.000000
0.000000
0.000000
0.000000
0.000000
2140.251584
3898.071370
5240.508897
6781.390000
6781.390000
6781.390000
5526.639295
5054.858310
5429.501708
6347.882954
6781.390000
2044.287025
6247.750560
6781.390000
6781.390000
6781.390000
6781.390000
6781.390000
6781.390000
6781.390000
6781.390000
6781.390000
6781.390000
6781.390000
6781.390000
6781.390000
6781.390000
6781.390000
6781.390000
6781.390000
6781.390000
6781.390000
6781.390000
6781.390000
6781.390000
6781.390000
6781.390000
6781.390000
6781.390000
6781.390000
6781.390000
6781.390000
6781.390000
6781.390000
6781.390000
6781.390000
6781.390000
6781.390000
6781.390000
6781.390000
6781.390000
6781.390000
6781.390000
6781.390000
6781.390000
6781.390000
6781.390000
6781.390000
6781.390000
6781.390000
6781.390000
6781.390000
6781.390000
6781.390000
6781.390000
6781.390000
6781.390000
6781.390000
6781.390000
6781.390000
6781.390000
6781.390000
6781.390000
6781.390000
6781.390000
6781.390000
6781.390000
6781.390000
6781.390000
6781.390000
6781.390000
6781.390000
6781.390000
6781.390000
6781.390000
6781.390000
6781.390000
6781.390000
6781.390000
6781.390000
6781.390000
6781.390000
6781.390000
6781.390000
6781.390000
6781.390000
6781.390000
6781.390000
6781.390000
6781.390000
6781.390000
6781.390000
6781.390000
6781.390000
6781.390000
6781.390000
6781.390000
6781.390000
6781.390000
6781.390000
6781.390000
6781.390000
6781.390000
6781.390000
6781.390000
6781.390000
6781.390000
6781.390000
6781.390000
6781.390000
6781.390000
6781.390000
6781.390000
6781.390000
6781.390000
6781.390000
6781.390000
6781.390000
6781.390000
6781.390000
6781.390000
6781.390000
6781.390000
6781.390000
6781.390000
6781.390000
6781.390000
6781.390000
6781.390000
6781.390000
6781.390000
6781.390000
6781.390000
6781.390000
6781.390000
6781.390000
6781.390000
6781.390000
6781.390000
6781.390000
6781.390000
6781.390000
6781.390000
6781.390000
6781.390000
6781.390000
6781.390000
6781.390000
6781.390000
6781.390000
6781.390000
6781.390000
6781.390000
6781.390000
6781.390000
6781.390000
6781.390000
6781.390000
6781.390000
6781.390000
6781.390000
6781.390000
6781.390000
6781.390000
6781.390000
6781.390000
6781.390000
6781.390000
6781.390000
6781.390000
6781.390000
6781.390000
6781.390000
6781.390000
6781.390000
6781.390000
6781.390000
6781.390000
6781.390000
6781.390000
6781.390000
6781.390000
6781.390000
6781.390000
6781.390000
6781.390000
6781.390000
6781.390000
6781.390000
6781.390000
6781.390000
6781.390000
6781.390000
6781.390000
6781.390000
6781.390000
6781.390000
6781.390000
6781.390000
6781.390000
6781.390000
6781.390000
6781.390000
6781.390000
6781.390000
6781.390000
6781.390000
6781.390000
6781.390000
6781.390000
6781.390000
6781.390000
6781.390000
6781.390000
6781.390000
6781.390000
6781.390000
6781.390000
6781.390000
6781.390000
6781.390000
6781.390000
6781.390000
6781.390000
6781.390000
6781.390000
2946.809767
4713.653502
6781.390000
4460.151157
6781.390000
6781.390000
6781.390000
6781.390000
6362.445146
6781.390000
6781.390000
6781.390000
6781.390000
6781.390000
6781.390000
6781.390000
6781.390000
6781.390000
6781.390000
6781.390000
6781.390000
6781.390000
6781.390000
6781.390000
6781.390000
6781.390000
6781.390000
6781.390000
6781.390000
6781.390000
6781.390000
6781.390000
6781.390000
6781.390000
6781.390000
6781.390000
6781.390000
6781.390000
6781.390000
6781.390000
6781.390000
6781.390000
6781.390000
6781.390000
6781.390000
6781.390000
6781.390000
6781.390000
0.000000
29.624145
0.000000
0.000000
0.000000
0.000000
1288.709711
1205.092486
6781.390000
6781.390000
6781.390000
6781.390000
6781.390000
6781.390000
6781.390000
6781.390000
6781.390000
6781.390000
6781.390000
6781.390000
6781.390000
6781.390000
6781.390000
6781.390000
6781.390000
6781.390000
6781.390000
6781.390000
6781.390000
6781.390000
6781.390000
6781.390000
6781.390000
6781.390000
6781.390000
6781.390000
6781.390000
6781.390000
6781.390000
6781.390000
6781.390000
6781.390000
6781.390000
6781.390000
6781.390000
6781.390000
0.000000
0.000000
0.000000
0.000000
0.000000
0.000000
0.000000
0.000000
0.000000
0.000000
0.000000
0.000000
0.000000
0.000000
3670.732523
4678.576415
4726.086415
6781.390000
6781.390000
6781.390000
6781.390000
6781.390000
6781.390000
6781.390000
6781.390000
6781.390000
6781.390000
6781.390000
6781.390000
6781.390000
6781.390000
6781.390000
6781.390000
6781.390000
6781.390000
6781.390000
6781.390000
6781.390000
6781.390000
6781.390000
6781.390000
6781.390000
6781.390000
6781.390000
6781.390000
6781.390000
6781.390000
6781.390000
0.000000
0.000000
0.000000
0.000000
0.000000
0.000000
0.000000
0.000000
0.000000
0.000000
0.000000
0.000000
6781.390000
6781.390000
6781.390000
6781.390000
6781.390000
6781.390000
1283.390727
5070.978930
6781.390000
6781.390000
6781.390000
6781.390000
6781.390000
6781.390000
6781.390000
6781.390000
6781.390000
6781.390000
6781.390000
6781.390000
6781.390000
6781.390000
6781.390000
6781.390000
6781.390000
6781.390000
6781.390000
6781.390000
6781.390000
6781.390000
6781.390000
6781.390000
6781.390000
6781.390000
6781.390000
6781.390000
3801.363796
6766.124130
0.000000
1767.150833
2048.547521
0.000000
0.000000
0.000000
0.000000
0.000000
0.000000
0.000000
0.000000
0.000000
0.000000
0.000000
2524.504314
3953.938198
6781.390000
6781.390000
6781.390000
6781.390000
6781.390000
6781.390000
6781.390000
6781.390000
6781.390000
6781.390000
6781.390000
6781.390000
6781.390000
6781.390000
6781.390000
6781.390000
6781.390000
6781.390000
6781.390000
6781.390000
6781.390000
6781.390000
6781.390000
6781.390000
6781.390000
6781.390000
6781.390000
6781.390000
6781.390000
6781.390000
4630.013007
6781.390000
0.000000
0.000000
0.000000
0.000000
0.000000
0.000000
0.000000
0.000000
0.000000
0.000000
6781.390000
6781.390000
6781.390000
6781.390000
6781.390000
6781.390000
6781.390000
6781.390000
6781.390000
6781.390000
6781.390000
6781.390000
6781.390000
6781.390000
6781.390000
6781.390000
6781.390000
6781.390000
6781.390000
6781.390000
6781.390000
6781.390000
6781.390000
6781.390000
6781.390000
6781.390000
6781.390000
6781.390000
6781.390000
6781.390000
6781.390000
6781.390000
6781.390000
6781.390000
6781.390000
6781.390000
438.162461
3174.436640
0.000000
0.000000
0.000000
0.000000
0.000000
0.000000
0.000000
0.000000
0.000000
0.000000
5951.571477
6519.205446
6781.390000
6781.390000
6781.390000
6781.390000
6781.390000
6781.390000
6781.390000
6781.390000
6781.390000
6781.390000
6781.390000
6781.390000
6781.390000
6781.390000
6781.390000
6781.390000
6781.390000
6781.390000
6781.390000
6781.390000
6781.390000
6781.390000
6781.390000
6781.390000
6781.390000
6781.390000
6781.390000
6781.390000
6781.390000
6781.390000
6781.390000
6781.390000
6781.390000
6781.390000
4967.144325
6781.390000
2152.993802
4029.791826
6781.390000
6781.390000
6781.390000
5653.690867
3846.147082
4144.122453
5974.114098
6674.238444
6781.390000
6781.390000
6781.390000
6781.390000
6781.390000
6781.390000
6781.390000
6781.390000
6781.390000
6781.390000
6781.390000
6781.390000
6781.390000
6781.390000
6781.390000
6781.390000
6781.390000
6781.390000
6781.390000
6781.390000
6781.390000
6781.390000
6781.390000
6781.390000
6781.390000
6781.390000
6781.390000
6781.390000
6781.390000
6781.390000
6781.390000
6781.390000
6781.390000
6781.390000
6781.390000
6781.390000
6781.390000
6781.390000
6781.390000
6781.390000
6781.390000
6781.390000
6781.390000
6781.390000
5749.295712
6195.004899
6031.811589
6781.390000
6781.390000
6781.390000
6781.390000
6781.390000
6781.390000
6781.390000
6781.390000
6781.390000
6781.390000
6781.390000
6781.390000
6781.390000
6781.390000
6781.390000
6781.390000
6781.390000
6781.390000
6781.390000
6781.390000
6781.390000
6781.390000
6781.390000
6781.390000
6781.390000
6781.390000
6781.390000
6781.390000
6781.390000
6781.390000
6781.390000
6781.390000
6781.390000
6781.390000
6781.390000
6781.390000
6781.390000
6781.390000
6781.390000
5868.714001
6781.390000
6121.680617
6781.390000
0.000000
1470.382396
1382.293398
3443.214030
0.000000
0.000000
2938.086143
2504.408478
6781.390000
6781.390000
6570.467424
4874.863701
6781.390000
6781.390000
6781.390000
6781.390000
6781.390000
6781.390000
6781.390000
6781.390000
6781.390000
6781.390000
6781.390000
6781.390000
6781.390000
6781.390000
6781.390000
6781.390000
6781.390000
6781.390000
6781.390000
6781.390000
6781.390000
6781.390000
6781.390000
6781.390000
6781.390000
6781.390000
6781.390000
6781.390000
6781.390000
6781.390000
6781.390000
6781.390000
6781.390000
6781.390000
6781.390000
6781.390000
6781.390000
6781.390000
6781.390000
6781.390000
6781.390000
6781.390000
6781.390000
6781.390000
6781.390000
6781.390000
6781.390000
6781.390000
6781.390000
6781.390000
6781.390000
6781.390000
6781.390000
6781.390000
6781.390000
6781.390000
6781.390000
6781.390000
6781.390000
6781.390000
6781.390000
6781.390000
6781.390000
6781.390000
6781.390000
6781.390000
6781.390000
6781.390000
6781.390000
6781.390000
6781.390000
6781.390000
6781.390000
6781.390000
6781.390000
6781.390000
6781.390000
6781.390000
6781.390000
6781.390000
4121.071799
6382.212398
1559.829157
0.000000
0.000000
0.000000
2860.970052
3146.402499
0.000000
0.000000
642.038437
1211.841719
6781.390000
6781.390000
6781.390000
6781.390000
6781.390000
6781.390000
6781.390000
6781.390000
6781.390000
6781.390000
6781.390000
6781.390000
6781.390000
6781.390000
6781.390000
6781.390000
6781.390000
6781.390000
6781.390000
6781.390000
6781.390000
6781.390000
6781.390000
6781.390000
6781.390000
6781.390000
6781.390000
6781.390000
6781.390000
6781.390000
6781.390000
6781.390000
6781.390000
6781.390000
6781.390000
6781.390000
6781.390000
6781.390000
6781.390000
6781.390000
6781.390000
6781.390000
6781.390000
6781.390000
6781.390000
6781.390000
6781.390000
6781.390000
6781.390000
6781.390000
6781.390000
6781.390000
6781.390000
6781.390000
6781.390000
6781.390000
6781.390000
6781.390000
6781.390000
6781.390000
6781.390000
6781.390000
6781.390000
6781.390000
6781.390000
6781.390000
6781.390000
6781.390000
6781.390000
6781.390000
6781.390000
6781.390000
6781.390000
6781.390000
6781.390000
6781.390000
6781.390000
6781.390000
6781.390000
6781.390000
6781.390000
6781.390000
6781.390000
6781.390000
6781.390000
6781.390000
6781.390000
6781.390000
6781.390000
6781.390000
6781.390000
6781.390000
6781.390000
6781.390000
6781.390000
6781.390000
6781.390000
6781.390000
6781.390000
6781.390000
6781.390000
6781.390000
6781.390000
6781.390000
6781.390000
6781.390000
6781.390000
6781.390000
6781.390000
6781.390000
6781.390000
6781.390000
6781.390000
6781.390000
6781.390000
6781.390000
6781.390000
6781.390000
6781.390000
6781.390000
6781.390000
6781.390000
6781.390000
6781.390000
6781.390000
6781.390000
6781.390000
6781.390000
6781.390000
6781.390000
6781.390000
6781.390000
6781.390000
6781.390000
6781.390000
6781.390000
6781.390000
6781.390000
6781.390000
6781.390000
6781.390000
6781.390000
6781.390000
6781.390000
6781.390000
6781.390000
6781.390000
6781.390000
6781.390000
6781.390000
6781.390000
6781.390000
6781.390000
6781.390000
6781.390000
6781.390000
6781.390000
6781.390000
6781.390000
6781.390000
6781.390000
6781.390000
6781.390000
6781.390000
6781.390000
6781.390000
6781.390000
6781.390000
6781.390000
6781.390000
6781.390000
6781.390000
6781.390000
6781.390000
6781.390000
6781.390000
6781.390000
6781.390000
6781.390000
6781.390000
6781.390000
6781.390000
6781.390000
6781.390000
6781.390000
6781.390000
6781.390000
6781.390000
6781.390000
6781.390000
6781.390000
6781.390000
6781.390000
6781.390000
6781.390000
6781.390000
6781.390000
6781.390000
6781.390000
6781.390000
6781.390000
6781.390000
6781.390000
6781.390000
6781.390000
6781.390000
6781.390000
6781.390000
6781.390000
6781.390000
6781.390000
6781.390000
6781.390000
6781.390000
6781.390000
6781.390000
6781.390000
6781.390000
6781.390000
6781.390000
6781.390000
6781.390000
6781.390000
6781.390000
6781.390000
6781.390000
6781.390000
6781.390000
6781.390000
6781.390000
6781.390000
6781.390000
6781.390000
6781.390000
6781.390000
6781.390000
6781.390000
6781.390000
6781.390000
6781.390000
6781.390000
6781.390000
6781.390000
6781.390000
6781.390000
6781.390000
6781.390000
6781.390000
6781.390000
6781.390000
6781.390000
6781.390000
6781.390000
6781.390000
6781.390000
6781.390000
6781.390000
6781.390000
6781.390000
6781.390000
6781.390000
6781.390000
6781.390000
6781.390000
6781.390000
6781.390000
6781.390000
6781.390000
6781.390000
6781.390000
6781.390000
6781.390000
6781.390000
6781.390000
6781.390000
6781.390000
6781.390000
6781.390000
6781.390000
6781.390000
6781.390000
6781.390000
6781.390000
6781.390000
6781.390000
6781.390000
6781.390000
6781.390000
6781.390000
6781.390000
6781.390000
6781.390000
6781.390000
6781.390000
6781.390000
6781.390000
6781.390000
6781.390000
6781.390000
6781.390000
6781.390000
6781.390000
6781.390000
6781.390000
6781.390000
6781.390000
6781.390000
6781.390000
6781.390000
6781.390000
6781.390000
6781.390000
6781.390000
6781.390000
6781.390000
6781.390000
6781.390000
6781.390000
6781.390000
6781.390000
6781.390000
6781.390000
6781.390000
6781.390000
6781.390000
6781.390000
6781.390000
6781.390000
6781.390000
6781.390000
6781.390000
6781.390000
6781.390000
6781.390000
6781.390000
6781.390000
6781.390000
6781.390000
6781.390000
6781.390000
6781.390000
6781.390000
6781.390000
6781.390000
6781.390000
6781.390000
6781.390000
6781.390000
6781.390000
6781.390000
6781.390000
6781.390000
6781.390000
6781.390000
6781.390000
6781.390000
6781.390000
6781.390000
6781.390000
6781.390000
6781.390000
6781.390000
6781.390000
6781.390000
6781.390000
6781.390000
6781.390000
6781.390000
6781.390000
6781.390000
6781.390000
6781.390000
6781.390000
6781.390000
6781.390000
6781.390000
6781.390000
6781.390000
6781.390000
6781.390000
6781.390000
519.583974
0.000000
0.000000
6551.169853
6781.390000
6781.390000
6781.390000
6781.390000
6781.390000
6781.390000
6781.390000
6781.390000
6781.390000
6781.390000
6781.390000
6781.390000
6781.390000
6781.390000
6781.390000
6781.390000
6781.390000
6781.390000
6781.390000
6781.390000
6781.390000
6781.390000
6781.390000
6781.390000
6781.390000
6781.390000
6781.390000
6781.390000
6781.390000
6781.390000
6781.390000
6781.390000
6781.390000
6781.390000
6781.390000
6781.390000
6781.390000
6781.390000
6781.390000
6781.390000
0.000000
1418.073564
1514.105856
0.000000
0.000000
2209.118969
2897.640738
6781.390000
6781.390000
6781.390000
6781.390000
6781.390000
6781.390000
6781.390000
6781.390000
6781.390000
6781.390000
6781.390000
6781.390000
6781.390000
6781.390000
6781.390000
6781.390000
6781.390000
6781.390000
6781.390000
6781.390000
6781.390000
6781.390000
6781.390000
6781.390000
6781.390000
6781.390000
6781.390000
6781.390000
6781.390000
6781.390000
6781.390000
6781.390000
6781.390000
6781.390000
6781.390000
6781.390000
6781.390000
6781.390000
6781.390000
6781.390000
0.000000
0.000000
0.000000
0.000000
0.000000
0.000000
4704.839130
5468.750307
6781.390000
6781.390000
6781.390000
6781.390000
6781.390000
6781.390000
6781.390000
6781.390000
6781.390000
6781.390000
6781.390000
6781.390000
6781.390000
6781.390000
6781.390000
6781.390000
6781.390000
6781.390000
6781.390000
6781.390000
6781.390000
6781.390000
6781.390000
6781.390000
6781.390000
6781.390000
6781.390000
6781.390000
6781.390000
6781.390000
6781.390000
6781.390000
6781.390000
6781.390000
2053.534209
5757.965880
5923.968201
6781.390000
6781.390000
6781.390000
6781.390000
6781.390000
6781.390000
6781.390000
6781.390000
6781.390000
6781.390000
6781.390000
6781.390000
6781.390000
6781.390000
6781.390000
6781.390000
6781.390000
6781.390000
6781.390000
6781.390000
6781.390000
6781.390000
6781.390000
6781.390000
6781.390000
6781.390000
6781.390000
6781.390000
6781.390000
6781.390000
6781.390000
6781.390000
6781.390000
6781.390000
6781.390000
6781.390000
6781.390000
6781.390000
6781.390000
6781.390000
6781.390000
6781.390000
6781.390000
6781.390000
6781.390000
6781.390000
6781.390000
1494.082069
2907.819832
6781.390000
6781.390000
6781.390000
6781.390000
6781.390000
6781.390000
6781.390000
6781.390000
6781.390000
6781.390000
6781.390000
6781.390000
6781.390000
6781.390000
6781.390000
6781.390000
6781.390000
6781.390000
6781.390000
6781.390000
6781.390000
6781.390000
6781.390000
6781.390000
6781.390000
6781.390000
6781.390000
6781.390000
6781.390000
6781.390000
6781.390000
6781.390000
6781.390000
6781.390000
6781.390000
6781.390000
6781.390000
6781.390000
6781.390000
6781.390000
6781.390000
6781.390000
6781.390000
6781.390000
6781.390000
6781.390000
6781.390000
6781.390000
0.000000
0.000000
0.000000
1482.876207
2892.502536
4937.646538
6781.390000
6781.390000
6781.390000
6781.390000
6781.390000
6781.390000
6781.390000
6781.390000
6781.390000
6781.390000
6781.390000
6781.390000
6781.390000
6781.390000
6781.390000
6781.390000
6781.390000
6781.390000
6781.390000
6781.390000
6781.390000
6781.390000
6781.390000
6781.390000
6781.390000
6781.390000
6781.390000
6781.390000
6781.390000
6781.390000
6781.390000
6781.390000
6781.390000
6781.390000
6781.390000
6781.390000
6781.390000
6781.390000
6781.390000
6781.390000
6781.390000
6781.390000
6781.390000
6781.390000
6781.390000
6781.390000
6781.390000
6781.390000
6781.390000
6781.390000
6781.390000
6781.390000
6781.390000
6781.390000
6781.390000
6781.390000
6781.390000
6781.390000
6781.390000
6781.390000
6781.390000
6781.390000
6781.390000
6781.390000
6781.390000
6781.390000
6781.390000
6781.390000
6781.390000
6781.390000
6781.390000
6781.390000
6781.390000
6781.390000
6781.390000
6781.390000
6781.390000
6781.390000
6781.390000
6781.390000
6781.390000
6781.390000
6781.390000
6781.390000
6781.390000
6781.390000
6781.390000
6781.390000
6781.390000
6781.390000
6781.390000
6781.390000
6781.390000
5812.045815
6781.390000
6781.390000
6781.390000
6781.390000
6781.390000
6781.390000
6781.390000
6781.390000
6781.390000
6781.390000
6781.390000
6781.390000
6781.390000
6781.390000
6781.390000
6781.390000
6781.390000
6781.390000
6781.390000
6781.390000
6781.390000
6781.390000
6781.390000
6781.390000
6781.390000
6781.390000
6781.390000
6781.390000
6781.390000
6781.390000
6781.390000
6781.390000
6781.390000
6781.390000
6781.390000
6781.390000
6781.390000
6781.390000
6781.390000
6781.390000
0.000000
180.840741
0.000000
0.000000
0.000000
0.000000
0.000000
0.000000
0.000000
0.000000
4431.948779
5274.087640
6781.390000
6781.390000
6781.390000
6781.390000
6781.390000
6781.390000
6781.390000
6781.390000
6781.390000
6781.390000
6781.390000
6781.390000
6781.390000
6781.390000
6781.390000
6781.390000
6781.390000
6781.390000
6781.390000
6781.390000
6781.390000
6781.390000
6781.390000
6781.390000
6781.390000
6781.390000
6781.390000
6781.390000
6781.390000
6781.390000
6781.390000
6781.390000
6781.390000
6781.390000
6781.390000
6781.390000
3534.767943
6619.641451
0.000000
2152.147529
5592.816410
3365.283197
0.000000
0.000000
1207.564767
1539.554043
2382.281715
3293.306039
6781.390000
6781.390000
6781.390000
6781.390000
6781.390000
6781.390000
6781.390000
6781.390000
6781.390000
6781.390000
6781.390000
6781.390000
6781.390000
6781.390000
6781.390000
6781.390000
6781.390000
6781.390000
6781.390000
6781.390000
6781.390000
6781.390000
6781.390000
6781.390000
6781.390000
6781.390000
6781.390000
6781.390000
6781.390000
6781.390000
6781.390000
6781.390000
6781.390000
6781.390000
6781.390000
6781.390000
6781.390000
6781.390000
6781.390000
6781.390000
6781.390000
6781.390000
6781.390000
6781.390000
6781.390000
6781.390000
6781.390000
6781.390000
6781.390000
6781.390000
6781.390000
6781.390000
6781.390000
6781.390000
6781.390000
6781.390000
6781.390000
6781.390000
6781.390000
6781.390000
6781.390000
6781.390000
6781.390000
6781.390000
6781.390000
6781.390000
6781.390000
6781.390000
6781.390000
6781.390000
6781.390000
6781.390000
6781.390000
6781.390000
6781.390000
6781.390000
6781.390000
6781.390000
6781.390000
6781.390000
6781.390000
6781.390000
6781.390000
6781.390000
6781.390000
6781.390000
6781.390000
6781.390000
6781.390000
6781.390000
6781.390000
6781.390000
6781.390000
6781.390000
6781.390000
6781.390000
6781.390000
6781.390000
6781.390000
6781.390000
6781.390000
6781.390000
6781.390000
6781.390000
6781.390000
6781.390000
6781.390000
6781.390000
6781.390000
6781.390000
6781.390000
6781.390000
6781.390000
6781.390000
6781.390000
6781.390000
6781.390000
6781.390000
6781.390000
6781.390000
6781.390000
6781.390000
6781.390000
6781.390000
6781.390000
6781.390000
6781.390000
6781.390000
6781.390000
6781.390000
6781.390000
6781.390000
0.000000
0.000000
0.000000
0.000000
0.000000
0.000000
0.000000
0.000000
0.000000
0.000000
5385.723589
5444.188827
6781.390000
6781.390000
6781.390000
6781.390000
6781.390000
6781.390000
6781.390000
6781.390000
6781.390000
6781.390000
6781.390000
6781.390000
6781.390000
6781.390000
6781.390000
6781.390000
6781.390000
6781.390000
6781.390000
6781.390000
6781.390000
6781.390000
6781.390000
6781.390000
6781.390000
6781.390000
6781.390000
6781.390000
6781.390000
6781.390000
6781.390000
6781.390000
6781.390000
6781.390000
6781.390000
6781.390000
0.000000
0.000000
0.000000
0.000000
0.000000
0.000000
0.000000
0.000000
5786.727475
6052.054050
6781.390000
6781.390000
6781.390000
6781.390000
6781.390000
6781.390000
6781.390000
6781.390000
6781.390000
6781.390000
6781.390000
6781.390000
6781.390000
6781.390000
6781.390000
6781.390000
6781.390000
6781.390000
6781.390000
6781.390000
6781.390000
6781.390000
6781.390000
6781.390000
6781.390000
6781.390000
6781.390000
6781.390000
6781.390000
6781.390000
6781.390000
6781.390000
6781.390000
6781.390000
6781.390000
6781.390000
6781.390000
6781.390000
6781.390000
6781.390000
6781.390000
6781.390000
6781.390000
6781.390000
6781.390000
6781.390000
6781.390000
6781.390000
6781.390000
6781.390000
6781.390000
6781.390000
6781.390000
6781.390000
6781.390000
6781.390000
6781.390000
6781.390000
6781.390000
6781.390000
6781.390000
6781.390000
6781.390000
6781.390000
6781.390000
6781.390000
6781.390000
6781.390000
6781.390000
6781.390000
6781.390000
6781.390000
6781.390000
6781.390000
6781.390000
6781.390000
6781.390000
6781.390000
6781.390000
6781.390000
6781.390000
6781.390000
6781.390000
6781.390000
6781.390000
6781.390000
6781.390000
6781.390000
6781.390000
6781.390000
6781.390000
6781.390000
6781.390000
6781.390000
6781.390000
6781.390000
3238.232476
4256.169251
6781.390000
6781.390000
6781.390000
6781.390000
6781.390000
6781.390000
6781.390000
6781.390000
6781.390000
6781.390000
6781.390000
6781.390000
6781.390000
6781.390000
6781.390000
6781.390000
6781.390000
6781.390000
6781.390000
6781.390000
6781.390000
6781.390000
6781.390000
6781.390000
6781.390000
6781.390000
6781.390000
6781.390000
6781.390000
6781.390000
6781.390000
6781.390000
6781.390000
6781.390000
6781.390000
6781.390000
6781.390000
6781.390000
6781.390000
6781.390000
6781.390000
6781.390000
6781.390000
6781.390000
6183.049779
6521.957526
0.000000
0.000000
0.000000
0.000000
0.000000
1024.960524
5709.391108
6781.390000
6781.390000
6781.390000
6781.390000
6781.390000
6781.390000
6781.390000
6781.390000
6781.390000
6781.390000
6781.390000
6781.390000
6781.390000
6781.390000
6781.390000
6781.390000
6781.390000
6781.390000
6781.390000
6781.390000
6781.390000
6781.390000
6781.390000
6781.390000
6781.390000
6781.390000
6781.390000
6781.390000
6781.390000
3769.182801
6475.388250
0.000000
0.000000
0.000000
0.000000
0.000000
0.000000
0.000000
0.000000
0.000000
0.000000
0.000000
0.000000
0.000000
0.000000
0.000000
0.000000
260.541898
0.000000
0.000000
0.000000
3530.977753
5618.913081
6781.390000
6781.390000
6781.390000
6781.390000
6781.390000
6781.390000
6781.390000
6781.390000
6781.390000
6781.390000
6781.390000
6781.390000
6781.390000
6781.390000
6781.390000
6781.390000
6781.390000
6781.390000
6781.390000
6781.390000
6781.390000
6781.390000
6781.390000
6781.390000
6781.390000
6781.390000
0.000000
0.000000
0.000000
0.000000
0.000000
0.000000
0.000000
0.000000
0.000000
1647.419127
6781.390000
6781.390000
6781.390000
6781.390000
6781.390000
6781.390000
6781.390000
6226.462443
6781.390000
6781.390000
6781.390000
6781.390000
6781.390000
6781.390000
6781.390000
6781.390000
6781.390000
6781.390000
6781.390000
6781.390000
6781.390000
6781.390000
6781.390000
6781.390000
6781.390000
6781.390000
6781.390000
6781.390000
6781.390000
6781.390000
6781.390000
6781.390000
6781.390000
6781.390000
6781.390000
6781.390000
6781.390000
6781.390000
0.000000
0.000000
0.000000
0.000000
0.000000
0.000000
0.000000
0.000000
5965.866470
6781.390000
6781.390000
6781.390000
6781.390000
6781.390000
6781.390000
6781.390000
6781.390000
6781.390000
6781.390000
6781.390000
6781.390000
6781.390000
6781.390000
6781.390000
6781.390000
6781.390000
6781.390000
6781.390000
6781.390000
6781.390000
6781.390000
6781.390000
6781.390000
6781.390000
6781.390000
6781.390000
6781.390000
6781.390000
6781.390000
6781.390000
6781.390000
6781.390000
6781.390000
6781.390000
6781.390000
6781.390000
6781.390000
6781.390000
6781.390000
6781.390000
4441.824790
6470.939332
4639.812890
2676.777580
2327.007934
492.855617
6781.390000
6781.390000
5577.264810
6493.659783
4027.134913
4491.552321
6781.390000
6781.390000
6781.390000
6781.390000
6781.390000
6781.390000
6781.390000
6781.390000
6781.390000
6781.390000
6781.390000
6781.390000
6781.390000
6781.390000
6781.390000
6781.390000
6781.390000
6781.390000
6781.390000
6781.390000
6781.390000
6781.390000
6781.390000
6781.390000
6781.390000
6781.390000
6781.390000
6781.390000
6781.390000
6781.390000
6781.390000
6781.390000
6781.390000
6781.390000
6781.390000
6781.390000
6781.390000
6781.390000
6781.390000
6781.390000
6781.390000
6781.390000
6781.390000
6781.390000
6781.390000
6781.390000
6781.390000
6781.390000
6781.390000
6781.390000
6781.390000
6781.390000
6781.390000
6781.390000
6781.390000
6781.390000
6781.390000
6781.390000
6781.390000
6781.390000
6781.390000
6781.390000
6781.390000
6781.390000
6781.390000
6781.390000
6781.390000
6781.390000
6781.390000
6781.390000
6781.390000
6781.390000
6781.390000
6781.390000
6781.390000
6781.390000
6781.390000
6781.390000
6781.390000
6781.390000
6781.390000
6781.390000
6781.390000
6781.390000
6781.390000
6781.390000
6781.390000
6781.390000
6781.390000
6781.390000
6781.390000
6781.390000
6781.390000
6781.390000
6781.390000
6781.390000
6781.390000
6781.390000
6781.390000
6781.390000
6781.390000
6781.390000
6781.390000
6781.390000
6781.390000
6781.390000
6781.390000
6781.390000
6781.390000
6781.390000
6781.390000
6781.390000
6781.390000
6781.390000
6781.390000
6781.390000
6781.390000
6781.390000
6781.390000
6781.390000
6781.390000
6781.390000
6781.390000
6781.390000
6781.390000
6781.390000
6781.390000
6781.390000
6781.390000
6781.390000
6781.390000
6781.390000
6781.390000
6781.390000
6781.390000
6781.390000
6781.390000
6781.390000
6781.390000
6781.390000
6781.390000
6781.390000
6781.390000
6781.390000
6781.390000
6781.390000
6781.390000
6781.390000
6781.390000
6781.390000
6781.390000
6781.390000
6781.390000
6781.390000
6781.390000
6781.390000
6781.390000
6781.390000
6781.390000
6781.390000
6781.390000
6781.390000
6781.390000
6781.390000
6781.390000
6781.390000
6781.390000
6781.390000
6781.390000
6781.390000
6781.390000
6781.390000
6781.390000
6781.390000
6781.390000
6781.390000
6781.390000
6781.390000
6781.390000
6781.390000
6781.390000
6781.390000
6781.390000
6781.390000
6781.390000
6781.390000
6781.390000
6781.390000
6781.390000
6781.390000
6781.390000
6781.390000
6781.390000
6781.390000
6781.390000
6781.390000
6781.390000
6781.390000
6781.390000
6781.390000
6781.390000
6781.390000
6781.390000
6781.390000
6781.390000
6781.390000
6781.390000
6781.390000
6781.390000
6781.390000
6781.390000
6781.390000
6781.390000
6781.390000
6781.390000
6781.390000
6781.390000
6781.390000
6781.390000
6781.390000
6781.390000
6781.390000
6781.390000
6781.390000
6781.390000
6781.390000
6781.390000
6781.390000
958.193987
2257.225575
0.000000
1815.913255
3618.074479
5082.984598
6781.390000
6781.390000
6781.390000
6781.390000
6781.390000
6781.390000
6781.390000
6781.390000
6781.390000
6781.390000
6781.390000
6781.390000
6781.390000
6781.390000
6781.390000
6781.390000
6781.390000
6781.390000
6781.390000
6781.390000
6781.390000
6781.390000
6781.390000
6781.390000
6781.390000
6781.390000
6781.390000
6781.390000
6781.390000
6781.390000
6781.390000
6781.390000
6781.390000
6781.390000
6781.390000
6781.390000
6781.390000
6781.390000
6781.390000
6781.390000
4043.694851
4886.114226
0.000000
0.000000
0.000000
0.000000
3718.473244
5478.178862
6781.390000
6781.390000
6781.390000
6781.390000
6781.390000
6781.390000
6781.390000
6781.390000
6781.390000
6781.390000
6781.390000
6781.390000
6781.390000
6781.390000
6781.390000
6781.390000
6781.390000
6781.390000
6781.390000
6781.390000
6781.390000
6781.390000
6781.390000
6781.390000
6781.390000
6781.390000
6781.390000
6781.390000
6781.390000
6781.390000
6781.390000
6781.390000
6781.390000
6781.390000
6781.390000
6781.390000
6781.390000
6781.390000
6781.390000
6781.390000
6781.390000
6781.390000
2809.986625
5258.143955
5700.814816
3844.236961
1499.567610
0.000000
6781.390000
6781.390000
6781.390000
6781.390000
6781.390000
6781.390000
6781.390000
6781.390000
6781.390000
6781.390000
6781.390000
6781.390000
6781.390000
6781.390000
6781.390000
6781.390000
6781.390000
6781.390000
6781.390000
6781.390000
6781.390000
6781.390000
6781.390000
6781.390000
6781.390000
6781.390000
6781.390000
6781.390000
6781.390000
6781.390000
6781.390000
6781.390000
6781.390000
6781.390000
6781.390000
6781.390000
6781.390000
6781.390000
6781.390000
6781.390000
6781.390000
6781.390000
0.000000
418.161986
0.000000
0.000000
0.000000
0.000000
6781.390000
6781.390000
5537.506666
5978.520726
6781.390000
6781.390000
6781.390000
6781.390000
6781.390000
6781.390000
6781.390000
6781.390000
6781.390000
6781.390000
6781.390000
6781.390000
6781.390000
6781.390000
6781.390000
6781.390000
6781.390000
6781.390000
6781.390000
6781.390000
6781.390000
6781.390000
6781.390000
6781.390000
6781.390000
6781.390000
6781.390000
6781.390000
6781.390000
6781.390000
6781.390000
6781.390000
6781.390000
6781.390000
6781.390000
6781.390000
2479.542367
5355.943467
0.000000
1704.969210
24.752720
0.000000
0.000000
0.000000
3659.499717
3709.528887
6781.390000
6781.390000
6781.390000
6781.390000
6781.390000
6781.390000
6781.390000
6781.390000
6781.390000
6781.390000
6781.390000
6781.390000
6781.390000
6781.390000
6781.390000
6781.390000
6781.390000
6781.390000
6781.390000
6781.390000
6781.390000
6781.390000
6781.390000
6781.390000
6781.390000
6781.390000
6781.390000
6781.390000
6781.390000
6781.390000
6781.390000
6781.390000
6781.390000
6781.390000
6781.390000
6781.390000
6781.390000
6781.390000
0.000000
0.000000
0.000000
0.000000
0.000000
0.000000
0.000000
0.000000
0.000000
0.000000
0.000000
0.000000
0.000000
0.000000
6781.390000
6781.390000
6781.390000
6781.390000
6781.390000
6781.390000
6781.390000
6781.390000
6781.390000
6781.390000
6781.390000
6781.390000
6781.390000
6781.390000
6781.390000
6781.390000
6781.390000
6781.390000
6781.390000
6781.390000
6781.390000
6781.390000
6781.390000
6781.390000
6781.390000
6781.390000
6781.390000
6781.390000
6781.390000
6781.390000
6781.390000
6781.390000
6781.390000
6781.390000
0.000000
0.000000
0.000000
0.000000
0.000000
0.000000
0.000000
0.000000
0.000000
0.000000
0.000000
0.000000
0.000000
0.000000
6781.390000
6781.390000
6781.390000
6781.390000
6781.390000
6781.390000
6781.390000
6781.390000
6781.390000
6781.390000
6781.390000
6781.390000
6781.390000
6781.390000
6781.390000
6781.390000
6781.390000
6781.390000
6781.390000
6781.390000
6781.390000
6781.390000
6781.390000
6781.390000
6781.390000
6781.390000
6781.390000
6781.390000
6781.390000
6781.390000
6781.390000
6781.390000
6781.390000
6781.390000
1428.056339
2429.482971
0.000000
0.000000
0.000000
0.000000
3075.343951
4869.599216
6781.390000
6781.390000
6781.390000
6781.390000
6781.390000
6781.390000
6781.390000
6781.390000
6781.390000
6781.390000
6781.390000
6781.390000
6781.390000
6781.390000
6781.390000
6781.390000
6781.390000
6781.390000
6781.390000
6781.390000
6781.390000
6781.390000
6781.390000
6781.390000
6781.390000
6781.390000
6781.390000
6781.390000
6781.390000
6781.390000
6781.390000
6781.390000
6781.390000
6781.390000
6781.390000
6781.390000
6781.390000
6781.390000
6781.390000
6781.390000
0.000000
0.000000
0.000000
0.000000
0.000000
0.000000
0.000000
0.000000
0.000000
0.000000
0.000000
0.000000
0.000000
0.000000
0.000000
0.000000
4496.342990
6781.390000
6781.390000
6781.390000
6781.390000
6781.390000
6781.390000
6781.390000
6781.390000
6781.390000
6781.390000
6781.390000
6781.390000
6781.390000
6781.390000
6781.390000
6781.390000
6781.390000
6781.390000
6781.390000
6781.390000
6781.390000
6781.390000
6781.390000
6781.390000
6781.390000
6781.390000
6781.390000
6781.390000
6781.390000
6781.390000
6781.390000
6426.590836
6781.390000
0.000000
0.000000
0.000000
0.000000
0.000000
0.000000
0.000000
0.000000
2414.283028
3287.783412
6781.390000
6781.390000
6781.390000
6781.390000
6781.390000
0.000000
6781.390000
6781.390000
6781.390000
6781.390000
6781.390000
6781.390000
6781.390000
6781.390000
6781.390000
6781.390000
6781.390000
6781.390000
6781.390000
6781.390000
6781.390000
6781.390000
6781.390000
6781.390000
6781.390000
6781.390000
6781.390000
6781.390000
6781.390000
6781.390000
6781.390000
6781.390000
6781.390000
6781.390000
6781.390000
6781.390000
6781.390000
6781.390000
6781.390000
6781.390000
6781.390000
6781.390000
6781.390000
6781.390000
6781.390000
6781.390000
6781.390000
6781.390000
6781.390000
6781.390000
6781.390000
6781.390000
6781.390000
6781.390000
6781.390000
6781.390000
6781.390000
6781.390000
6781.390000
6781.390000
6781.390000
6781.390000
6781.390000
6781.390000
6781.390000
6781.390000
6781.390000
6781.390000
6781.390000
6781.390000
6781.390000
6781.390000
6781.390000
6781.390000
6781.390000
6781.390000
6781.390000
6781.390000
6781.390000
6781.390000
6781.390000
6781.390000
6781.390000
6781.390000
2449.026594
5286.091771
0.000000
1616.601596
0.000000
0.000000
0.000000
0.000000
3633.927305
3671.493767
6781.390000
6781.390000
6781.390000
6781.390000
6781.390000
6781.390000
6781.390000
6781.390000
6781.390000
6781.390000
6781.390000
6781.390000
6781.390000
6781.390000
6781.390000
6781.390000
6781.390000
6781.390000
6781.390000
6781.390000
6781.390000
6781.390000
6781.390000
6781.390000
6781.390000
6781.390000
6781.390000
6781.390000
6781.390000
6781.390000
6781.390000
6781.390000
6781.390000
6781.390000
6781.390000
6781.390000
6781.390000
6781.390000
6781.390000
6781.390000
6781.390000
6781.390000
6781.390000
6781.390000
6781.390000
6781.390000
6781.390000
6781.390000
6781.390000
6781.390000
6781.390000
6781.390000
6781.390000
6781.390000
6781.390000
6781.390000
6781.390000
6781.390000
6781.390000
6781.390000
6781.390000
6781.390000
6781.390000
6781.390000
6781.390000
6781.390000
6781.390000
6781.390000
6781.390000
6781.390000
6781.390000
6781.390000
6781.390000
6781.390000
6781.390000
6781.390000
6781.390000
6781.390000
6781.390000
6781.390000
6781.390000
6781.390000
6781.390000
6781.390000
6781.390000
6781.390000
6781.390000
6781.390000
6781.390000
6781.390000
824.721379
2899.409077
6781.390000
6781.390000
6781.390000
6781.390000
6781.390000
6781.390000
6781.390000
6781.390000
6781.390000
6781.390000
6781.390000
6781.390000
6781.390000
6781.390000
6781.390000
6781.390000
6781.390000
6781.390000
6781.390000
6781.390000
6781.390000
6781.390000
6781.390000
6781.390000
6781.390000
6781.390000
6781.390000
6781.390000
6781.390000
6781.390000
6781.390000
6781.390000
6781.390000
6781.390000
6781.390000
6781.390000
6781.390000
6781.390000
6781.390000
6781.390000
6781.390000
6781.390000
6781.390000
6781.390000
4833.740897
6081.979456
0.000000
2006.278293
3666.038504
5602.493249
6781.390000
6781.390000
6781.390000
6781.390000
6781.390000
6781.390000
6781.390000
6781.390000
6781.390000
6781.390000
6781.390000
6781.390000
6781.390000
6781.390000
6781.390000
6781.390000
6781.390000
6781.390000
6781.390000
6781.390000
6781.390000
6781.390000
6781.390000
6781.390000
6781.390000
6781.390000
6781.390000
6781.390000
6781.390000
6781.390000
6781.390000
6781.390000
6781.390000
6781.390000
6781.390000
6781.390000
6781.390000
6781.390000
6781.390000
6781.390000
6781.390000
6781.390000
0.000000
0.000000
0.000000
0.000000
0.000000
0.000000
0.000000
46.738230
3280.571970
3465.850330
6781.390000
6484.463957
6781.390000
6781.390000
6781.390000
6781.390000
6781.390000
6781.390000
6781.390000
6781.390000
6781.390000
6781.390000
6781.390000
6781.390000
6781.390000
6781.390000
6781.390000
6781.390000
6781.390000
6781.390000
6781.390000
6781.390000
6781.390000
6781.390000
6781.390000
6781.390000
6781.390000
6781.390000
6781.390000
6781.390000
6781.390000
6781.390000
6781.390000
6781.390000
6781.390000
6781.390000
6781.390000
6781.390000
6781.390000
6781.390000
6781.390000
6781.390000
6781.390000
4730.273033
6781.390000
6781.390000
6781.390000
6781.390000
6781.390000
6781.390000
6781.390000
6781.390000
6781.390000
6781.390000
6781.390000
6781.390000
6781.390000
6781.390000
6781.390000
6781.390000
6781.390000
6781.390000
6781.390000
6781.390000
6781.390000
6781.390000
6781.390000
6781.390000
6781.390000
6781.390000
6781.390000
6781.390000
6781.390000
6781.390000
6781.390000
6781.390000
6781.390000
6781.390000
6781.390000
6781.390000
6781.390000
6781.390000
6781.390000
6781.390000
6781.390000
6781.390000
6781.390000
6781.390000
6781.390000
6781.390000
6781.390000
6765.960949
6781.390000
6781.390000
6781.390000
6781.390000
6781.390000
6781.390000
6781.390000
6781.390000
6781.390000
6781.390000
6781.390000
6781.390000
6781.390000
6781.390000
6781.390000
6781.390000
6781.390000
6781.390000
6781.390000
6781.390000
6781.390000
6781.390000
6781.390000
6781.390000
6781.390000
6781.390000
6781.390000
6781.390000
6781.390000
6781.390000
6781.390000
6781.390000
6781.390000
6781.390000
6781.390000
6781.390000
6781.390000
6781.390000
6781.390000
6781.390000
2533.468601
5380.739489
0.000000
1724.220702
46.733569
0.000000
0.000000
0.000000
3657.830716
3710.541396
6781.390000
6781.390000
6781.390000
6781.390000
6781.390000
6781.390000
6781.390000
6781.390000
6781.390000
6781.390000
6781.390000
6781.390000
6781.390000
6781.390000
6781.390000
6781.390000
6781.390000
6781.390000
6781.390000
6781.390000
6781.390000
6781.390000
6781.390000
6781.390000
6781.390000
6781.390000
6781.390000
6781.390000
6781.390000
6781.390000
6781.390000
6781.390000
6781.390000
6781.390000
6781.390000
6781.390000
6781.390000
6781.390000
6781.390000
6781.390000
0.000000
0.000000
0.000000
0.000000
0.000000
0.000000
0.000000
495.167951
4859.951322
5372.035898
6781.390000
6781.390000
6781.390000
0.000000
0.000000
0.000000
0.000000
0.000000
3483.986739
6526.076686
6781.390000
6781.390000
6781.390000
6781.390000
6781.390000
6781.390000
6781.390000
6781.390000
6781.390000
6781.390000
6781.390000
6781.390000
6781.390000
6781.390000
6781.390000
6781.390000
6781.390000
6781.390000
6781.390000
6781.390000
6781.390000
6781.390000
6781.390000
6781.390000
6781.390000
6781.390000
6781.390000
6781.390000
0.000000
121.808074
0.000000
0.000000
0.000000
0.000000
0.000000
0.000000
0.000000
0.000000
0.000000
0.000000
0.000000
0.000000
0.000000
0.000000
3649.401652
5844.299683
0.000000
424.949679
6781.390000
6781.390000
6781.390000
6781.390000
6781.390000
6781.390000
6781.390000
6781.390000
6781.390000
6781.390000
6781.390000
6781.390000
6781.390000
6781.390000
6781.390000
6781.390000
6781.390000
6781.390000
6781.390000
6781.390000
6781.390000
6781.390000
6781.390000
6781.390000
6781.390000
6781.390000
0.000000
0.000000
0.000000
0.000000
0.000000
0.000000
0.000000
0.000000
0.000000
0.000000
0.000000
0.000000
0.000000
0.000000
0.000000
0.000000
0.000000
0.000000
0.000000
0.000000
0.000000
0.000000
6781.390000
6781.390000
6781.390000
6781.390000
6781.390000
6781.390000
6781.390000
6781.390000
6781.390000
6781.390000
6781.390000
6781.390000
6781.390000
6781.390000
6781.390000
6781.390000
6781.390000
6781.390000
6781.390000
6781.390000
6781.390000
6781.390000
6781.390000
6781.390000
6781.390000
6781.390000
6781.390000
6781.390000
0.000000
0.000000
0.000000
0.000000
0.000000
1293.731388
1627.258093
3666.934933
5932.099225
5989.111850
3074.810711
2816.975103
0.000000
0.000000
0.000000
0.000000
0.000000
0.000000
348.992379
3377.706035
6781.390000
6781.390000
6781.390000
6781.390000
6781.390000
6781.390000
6781.390000
6781.390000
6781.390000
6781.390000
6781.390000
6781.390000
6781.390000
6781.390000
6781.390000
6781.390000
6781.390000
6781.390000
6781.390000
6781.390000
6781.390000
6781.390000
6781.390000
6781.390000
6781.390000
6781.390000
6781.390000
6781.390000
5787.634753
6781.390000
2134.597292
244.013222
0.000000
0.000000
0.000000
0.000000
0.000000
0.000000
0.000000
0.000000
136.545763
2024.145668
6781.390000
6781.390000
6781.390000
6781.390000
6781.390000
6781.390000
6781.390000
6781.390000
6781.390000
6781.390000
6781.390000
6781.390000
6781.390000
6781.390000
6781.390000
6781.390000
6781.390000
6781.390000
6781.390000
6781.390000
6781.390000
6781.390000
6781.390000
6781.390000
6781.390000
6781.390000
6781.390000
6781.390000
6781.390000
6781.390000
6781.390000
6781.390000
6781.390000
6781.390000
6781.390000
6781.390000
6781.390000
6781.390000
6781.390000
6781.390000
6781.390000
6781.390000
6781.390000
6781.390000
6781.390000
6781.390000
6781.390000
6781.390000
6781.390000
2745.752150
6781.390000
6781.390000
6781.390000
6781.390000
6781.390000
6781.390000
6781.390000
6781.390000
6781.390000
6781.390000
6781.390000
6781.390000
6781.390000
6781.390000
6781.390000
6781.390000
6781.390000
6781.390000
6781.390000
6781.390000
6781.390000
6781.390000
6781.390000
6781.390000
6781.390000
6781.390000
6781.390000
6781.390000
6781.390000
6781.390000
6781.390000
6781.390000
0.000000
0.000000
0.000000
0.000000
0.000000
0.000000
0.000000
0.000000
0.000000
0.000000
0.000000
0.000000
0.000000
0.000000
0.000000
6781.390000
6781.390000
6781.390000
6781.390000
6781.390000
6781.390000
6781.390000
6781.390000
6781.390000
6781.390000
6781.390000
6781.390000
6781.390000
6781.390000
6781.390000
6781.390000
6781.390000
6781.390000
6781.390000
6781.390000
6781.390000
6781.390000
6781.390000
6781.390000
6781.390000
6781.390000
6781.390000
6781.390000
6781.390000
6781.390000
6781.390000
6781.390000
6781.390000
6781.390000
6781.390000
6781.390000
6781.390000
228.636910
0.000000
2310.727452
2646.667916
2879.398325
3468.290775
6781.390000
6781.390000
6781.390000
6781.390000
6781.390000
6781.390000
6781.390000
6781.390000
6781.390000
6781.390000
6781.390000
6781.390000
6781.390000
6781.390000
6781.390000
6781.390000
6781.390000
6781.390000
6781.390000
6781.390000
6781.390000
6781.390000
6781.390000
6781.390000
6781.390000
6781.390000
6781.390000
6781.390000
6781.390000
6781.390000
6781.390000
6781.390000
6781.390000
6781.390000
6781.390000
6781.390000
6781.390000
6781.390000
2268.609260
4605.016908
6781.390000
6781.390000
6781.390000
6781.390000
6781.390000
6781.390000
6781.390000
6781.390000
6781.390000
6781.390000
6781.390000
6781.390000
6781.390000
6781.390000
6781.390000
6781.390000
6781.390000
6781.390000
6781.390000
6781.390000
6781.390000
6781.390000
6781.390000
6781.390000
6781.390000
6781.390000
6781.390000
6781.390000
6781.390000
6781.390000
6781.390000
6781.390000
6781.390000
6781.390000
6781.390000
6781.390000
6781.390000
6781.390000
6781.390000
6781.390000
6781.390000
6781.390000
6781.390000
6781.390000
2855.871047
3606.622012
0.000000
0.000000
0.000000
0.000000
0.000000
0.000000
0.000000
912.352411
5910.558442
5985.862744
6781.390000
6781.390000
6781.390000
6781.390000
6781.390000
6781.390000
6781.390000
6781.390000
6781.390000
6781.390000
6781.390000
6781.390000
6781.390000
6781.390000
6781.390000
6781.390000
6781.390000
6781.390000
6781.390000
6781.390000
6781.390000
6781.390000
6781.390000
6781.390000
6781.390000
6781.390000
6781.390000
6781.390000
6781.390000
6781.390000
6781.390000
6781.390000
6781.390000
6781.390000
6781.390000
6781.390000
4436.632665
5085.075240
0.000000
0.000000
0.000000
0.000000
0.000000
0.000000
6781.390000
6781.390000
6781.390000
6781.390000
6781.390000
6781.390000
6781.390000
6781.390000
6781.390000
6781.390000
6781.390000
6781.390000
6781.390000
6781.390000
6781.390000
6781.390000
6781.390000
6781.390000
6781.390000
6781.390000
6781.390000
6781.390000
6781.390000
6781.390000
6781.390000
6781.390000
6781.390000
6781.390000
6781.390000
6781.390000
6781.390000
6781.390000
6781.390000
6781.390000
6781.390000
6781.390000
6781.390000
6781.390000
6781.390000
6781.390000
6781.390000
6781.390000
2018.411138
4443.937938
1221.989174
0.000000
0.000000
0.000000
0.000000
0.000000
2077.890110
2808.731869
6781.390000
6781.390000
6781.390000
6781.390000
6781.390000
6781.390000
6781.390000
6781.390000
6781.390000
6781.390000
6781.390000
6781.390000
6781.390000
6781.390000
6781.390000
6781.390000
6781.390000
6781.390000
6781.390000
6781.390000
6781.390000
6781.390000
6781.390000
6781.390000
6781.390000
6781.390000
6781.390000
6781.390000
6781.390000
6781.390000
6781.390000
6781.390000
6781.390000
6781.390000
6781.390000
6781.390000
6781.390000
6781.390000
1864.804901
4474.814091
6197.982968
4568.112352
5000.542864
3546.452433
0.000000
0.000000
1398.642442
2433.057253
6781.390000
6781.390000
6781.390000
6781.390000
6781.390000
6781.390000
6781.390000
6781.390000
6781.390000
6781.390000
6781.390000
6781.390000
6781.390000
6781.390000
6781.390000
6781.390000
6781.390000
6781.390000
6781.390000
6781.390000
6781.390000
6781.390000
6781.390000
6781.390000
6781.390000
6781.390000
6781.390000
6781.390000
6781.390000
6781.390000
6781.390000
6781.390000
6781.390000
6781.390000
6781.390000
6781.390000
6781.390000
6781.390000
0.000000
0.000000
0.000000
0.000000
0.000000
0.000000
0.000000
0.000000
0.000000
0.000000
4265.914458
5178.963289
6781.390000
6781.390000
6781.390000
6781.390000
6781.390000
6781.390000
6781.390000
6781.390000
6781.390000
6781.390000
6781.390000
6781.390000
6781.390000
6781.390000
6781.390000
6781.390000
6781.390000
6781.390000
6781.390000
6781.390000
6781.390000
6781.390000
6781.390000
6781.390000
6781.390000
6781.390000
6781.390000
6781.390000
6781.390000
6781.390000
6781.390000
6781.390000
6781.390000
6781.390000
6781.390000
6781.390000
4309.044693
6781.390000
6164.984653
4656.371245
741.690152
0.000000
2425.719137
3004.056917
5705.194722
6775.313766
6390.298704
6781.390000
6781.390000
6781.390000
6781.390000
6781.390000
6781.390000
6781.390000
6781.390000
6781.390000
6781.390000
6781.390000
6781.390000
6781.390000
6781.390000
6781.390000
6781.390000
6781.390000
6781.390000
6781.390000
6781.390000
6781.390000
6781.390000
6781.390000
6781.390000
6781.390000
6781.390000
6781.390000
6781.390000
6781.390000
6781.390000
6781.390000
6781.390000
6781.390000
6781.390000
6781.390000
6781.390000
6781.390000
0.000000
2482.100600
0.000000
0.000000
0.000000
0.000000
0.000000
0.000000
0.000000
0.000000
2758.368364
3482.062166
4797.693719
6781.390000
6781.390000
6781.390000
6781.390000
6781.390000
6781.390000
6781.390000
6781.390000
6781.390000
6781.390000
6781.390000
6781.390000
6781.390000
6781.390000
6781.390000
6781.390000
6781.390000
6781.390000
6781.390000
6781.390000
6781.390000
6781.390000
6781.390000
6781.390000
6781.390000
6781.390000
6781.390000
6781.390000
6781.390000
6781.390000
6781.390000
6781.390000
6781.390000
6781.390000
6781.390000
0.000000
0.000000
0.000000
1755.376185
6781.390000
6781.390000
6781.390000
6781.390000
6781.390000
6781.390000
6781.390000
6781.390000
6781.390000
6781.390000
6781.390000
6781.390000
6781.390000
6781.390000
6781.390000
6781.390000
6781.390000
6781.390000
6781.390000
6781.390000
6781.390000
6781.390000
6781.390000
6781.390000
6781.390000
6781.390000
6781.390000
6781.390000
6781.390000
6781.390000
6781.390000
6781.390000
6781.390000
6781.390000
6781.390000
6781.390000
6781.390000
6781.390000
6781.390000
6781.390000
6781.390000
6781.390000
6781.390000
6781.390000
5975.836505
6781.390000
2514.025989
4680.319276
6420.494882
6781.390000
6781.390000
6781.390000
6781.390000
6781.390000
6781.390000
6781.390000
6781.390000
6781.390000
6781.390000
6781.390000
6781.390000
6781.390000
6781.390000
6781.390000
6781.390000
6781.390000
6781.390000
6781.390000
6781.390000
6781.390000
6781.390000
6781.390000
6781.390000
6781.390000
6781.390000
6781.390000
6781.390000
6781.390000
6781.390000
6781.390000
6781.390000
6781.390000
6781.390000
6781.390000
6781.390000
6781.390000
6781.390000
6781.390000
6781.390000
6781.390000
6781.390000
6781.390000
6781.390000
6781.390000
6781.390000
6781.390000
6781.390000
6781.390000
6781.390000
6781.390000
6781.390000
6781.390000
6781.390000
6781.390000
6781.390000
6781.390000
6781.390000
6781.390000
6781.390000
6781.390000
6781.390000
6781.390000
6781.390000
6781.390000
6781.390000
6781.390000
6781.390000
6781.390000
6781.390000
6781.390000
6781.390000
6781.390000
6781.390000
6781.390000
6781.390000
6781.390000
6781.390000
6781.390000
6781.390000
6781.390000
6781.390000
6781.390000
6781.390000
6781.390000
6781.390000
6781.390000
6781.390000
6781.390000
6781.390000
6781.390000
6781.390000
6781.390000
6781.390000
6781.390000
6781.390000
6781.390000
6781.390000
6781.390000
6781.390000
6781.390000
6781.390000
6781.390000
6781.390000
6781.390000
6781.390000
6781.390000
6781.390000
6781.390000
6781.390000
6781.390000
6781.390000
6781.390000
6781.390000
6781.390000
6781.390000
6781.390000
6781.390000
6781.390000
6781.390000
6781.390000
6781.390000
6781.390000
6781.390000
6781.390000
6781.390000
6781.390000
6781.390000
6781.390000
6781.390000
6781.390000
6781.390000
6781.390000
6781.390000
6781.390000
6781.390000
6781.390000
6781.390000
6781.390000
6781.390000
6781.390000
6781.390000
6781.390000
6781.390000
6781.390000
6781.390000
6781.390000
6781.390000
6781.390000
6781.390000
6781.390000
6781.390000
6781.390000
6781.390000
6781.390000
6781.390000
6781.390000
6781.390000
6781.390000
6781.390000
6781.390000
6781.390000
6781.390000
6781.390000
6781.390000
6781.390000
6781.390000
6781.390000
6781.390000
6781.390000
6781.390000
6781.390000
6781.390000
6781.390000
6781.390000
6781.390000
6781.390000
6781.390000
6781.390000
6781.390000
6781.390000
6781.390000
6781.390000
6781.390000
6781.390000
6781.390000
6781.390000
6781.390000
6781.390000
6781.390000
6781.390000
6781.390000
6781.390000
6781.390000
6781.390000
6781.390000
6781.390000
6781.390000
6781.390000
6781.390000
6781.390000
6781.390000
6781.390000
6781.390000
6781.390000
6781.390000
6781.390000
6781.390000
6781.390000
6781.390000
6781.390000
6781.390000
6781.390000
6781.390000
6781.390000
6781.390000
6781.390000
6781.390000
6781.390000
6781.390000
6781.390000
6781.390000
6781.390000
6781.390000
6781.390000
6781.390000
6781.390000
6781.390000
6781.390000
6781.390000
6781.390000
6781.390000
6781.390000
6781.390000
6781.390000
6781.390000
6781.390000
6781.390000
6781.390000
6781.390000
6781.390000
6781.390000
6781.390000
6781.390000
6781.390000
6781.390000
6781.390000
6781.390000
6781.390000
6781.390000
6781.390000
6781.390000
6781.390000
6781.390000
6781.390000
6781.390000
6781.390000
6781.390000
6781.390000
6781.390000
6781.390000
6781.390000
6781.390000
6781.390000
6781.390000
6781.390000
6781.390000
6781.390000
6781.390000
6781.390000
6781.390000
6781.390000
6781.390000
6781.390000
6781.390000
6781.390000
6781.390000
6781.390000
6781.390000
6781.390000
6781.390000
6781.390000
6781.390000
6781.390000
6781.390000
6781.390000
6781.390000
6781.390000
6781.390000
6781.390000
6781.390000
6781.390000
6781.390000
6781.390000
6645.410401
4395.959103
5029.024820
6781.390000
0.000000
0.000000
0.000000
3625.145532
6661.539843
6781.390000
6781.390000
6781.390000
6781.390000
6781.390000
6781.390000
6781.390000
6781.390000
6781.390000
6781.390000
6781.390000
6781.390000
6781.390000
6781.390000
6781.390000
6781.390000
6781.390000
6781.390000
6781.390000
6781.390000
6781.390000
6781.390000
6781.390000
6781.390000
6781.390000
6781.390000
5017.090135
5799.691855
0.000000
0.000000
0.000000
0.000000
0.000000
0.000000
0.000000
0.000000
0.000000
0.000000
0.000000
0.000000
0.000000
0.000000
0.000000
6035.955111
6781.390000
6781.390000
6781.390000
6781.390000
6781.390000
6781.390000
6781.390000
6781.390000
6781.390000
6781.390000
6781.390000
6781.390000
6781.390000
6781.390000
6781.390000
6781.390000
6781.390000
6781.390000
6781.390000
6781.390000
6781.390000
6781.390000
6781.390000
6781.390000
6781.390000
6781.390000
6781.390000
6781.390000
6781.390000
6781.390000
0.000000
0.000000
0.000000
0.000000
0.000000
0.000000
0.000000
0.000000
0.000000
0.000000
0.000000
0.000000
0.000000
0.000000
0.000000
0.000000
0.000000
0.000000
0.000000
0.000000
1658.951224
5150.377958
6781.390000
6781.390000
6781.390000
6781.390000
6781.390000
6781.390000
6781.390000
6781.390000
6781.390000
6781.390000
6781.390000
6781.390000
6781.390000
6781.390000
6781.390000
6781.390000
6781.390000
6781.390000
6781.390000
6781.390000
6781.390000
6781.390000
6781.390000
6781.390000
6781.390000
6781.390000
6781.390000
6781.390000
1091.899173
3707.440142
0.000000
0.000000
0.000000
0.000000
0.000000
0.000000
0.000000
0.000000
0.000000
0.000000
0.000000
0.000000
3774.620975
6781.390000
6781.390000
6781.390000
6781.390000
6781.390000
6781.390000
6781.390000
6781.390000
6781.390000
6781.390000
6781.390000
6781.390000
6781.390000
6781.390000
6781.390000
6781.390000
6781.390000
6781.390000
6781.390000
6781.390000
6781.390000
6781.390000
6781.390000
6781.390000
6781.390000
6781.390000
6781.390000
6781.390000
6781.390000
6781.390000
6781.390000
3648.983510
6781.390000
0.000000
0.000000
0.000000
0.000000
0.000000
0.000000
0.000000
0.000000
0.000000
0.000000
0.000000
0.000000
0.000000
0.000000
2268.368450
5363.242213
6781.390000
6781.390000
6781.390000
6781.390000
6781.390000
6781.390000
6781.390000
6781.390000
6781.390000
6781.390000
6781.390000
6781.390000
6781.390000
6781.390000
6781.390000
6781.390000
6781.390000
6781.390000
6781.390000
6781.390000
6781.390000
6781.390000
6781.390000
6781.390000
6781.390000
6781.390000
6781.390000
6781.390000
6781.390000
6781.390000
6781.390000
6781.390000
0.000000
0.000000
0.000000
0.000000
0.000000
0.000000
0.000000
0.000000
0.000000
0.000000
0.000000
0.000000
0.000000
2054.683453
0.000000
1386.875399
6781.390000
6781.390000
6781.390000
6781.390000
6781.390000
6781.390000
6781.390000
6781.390000
6781.390000
6781.390000
6781.390000
6781.390000
6781.390000
6781.390000
6781.390000
6781.390000
6781.390000
6781.390000
6781.390000
6781.390000
6781.390000
6781.390000
6781.390000
6781.390000
6781.390000
6781.390000
6781.390000
6781.390000
6781.390000
6781.390000
6781.390000
6781.390000
6781.390000
6781.390000
6781.390000
4844.279455
0.000000
0.000000
0.000000
0.000000
0.000000
0.000000
0.000000
78.516953
256.238383
2326.417832
6706.460879
6781.390000
6781.390000
6781.390000
6781.390000
6781.390000
6781.390000
6781.390000
6781.390000
6781.390000
6781.390000
6781.390000
6781.390000
6781.390000
6781.390000
6781.390000
6781.390000
6781.390000
6781.390000
6781.390000
6781.390000
6781.390000
6781.390000
6781.390000
6781.390000
6781.390000
6781.390000
6781.390000
6781.390000
6781.390000
6781.390000
6781.390000
6781.390000
6781.390000
0.000000
0.000000
0.000000
0.000000
0.000000
0.000000
0.000000
0.000000
0.000000
0.000000
0.000000
0.000000
0.000000
0.000000
0.000000
0.000000
0.000000
606.438306
4928.919316
6781.390000
6781.390000
6781.390000
6781.390000
6781.390000
6781.390000
6781.390000
6781.390000
6781.390000
6781.390000
6781.390000
6781.390000
6781.390000
6781.390000
6781.390000
6781.390000
6781.390000
6781.390000
6781.390000
6781.390000
6781.390000
6781.390000
6781.390000
6781.390000
6781.390000
6781.390000
6781.390000
6781.390000
6781.390000
0.000000
0.000000
0.000000
0.000000
0.000000
0.000000
0.000000
0.000000
0.000000
0.000000
337.062966
164.238161
0.000000
0.000000
0.000000
57.038957
6781.390000
6781.390000
6781.390000
6781.390000
6781.390000
6781.390000
6781.390000
6781.390000
6781.390000
6781.390000
6781.390000
6781.390000
6781.390000
6781.390000
6781.390000
6781.390000
6781.390000
6781.390000
6781.390000
6781.390000
6781.390000
6781.390000
6781.390000
6781.390000
6781.390000
6781.390000
6781.390000
6781.390000
6781.390000
6781.390000
6781.390000
6781.390000
0.000000
32.609436
0.000000
0.000000
1609.418389
0.000000
0.000000
0.000000
1855.033477
2556.764149
0.000000
362.478251
3950.463625
5805.255987
6781.390000
6781.390000
6781.390000
6781.390000
6781.390000
6781.390000
6781.390000
6781.390000
6781.390000
6781.390000
6781.390000
6781.390000
6781.390000
6781.390000
6781.390000
6781.390000
6781.390000
6781.390000
6781.390000
6781.390000
6781.390000
6781.390000
6781.390000
6781.390000
6781.390000
6781.390000
6781.390000
6781.390000
6781.390000
6781.390000
6781.390000
6781.390000
6781.390000
6781.390000
5694.000793
6781.390000
0.000000
0.000000
0.000000
0.000000
0.000000
0.000000
0.000000
0.000000
0.000000
0.000000
5925.964369
6781.390000
4338.749614
5353.690918
6781.390000
6781.390000
6781.390000
6781.390000
6781.390000
6781.390000
6781.390000
6781.390000
6781.390000
6781.390000
6781.390000
6781.390000
6781.390000
6781.390000
6781.390000
6781.390000
6781.390000
6781.390000
6781.390000
6781.390000
6781.390000
6781.390000
6781.390000
6781.390000
6781.390000
6781.390000
6781.390000
6781.390000
6781.390000
6781.390000
6781.390000
6781.390000
0.000000
0.000000
0.000000
0.000000
0.000000
0.000000
0.000000
0.000000
2625.155939
3331.301795
4051.919281
4792.002636
6781.390000
6781.390000
6781.390000
6781.390000
6781.390000
6781.390000
6781.390000
6781.390000
6781.390000
6781.390000
6781.390000
6781.390000
6781.390000
6781.390000
6781.390000
6781.390000
6781.390000
6781.390000
6781.390000
6781.390000
6781.390000
6781.390000
6781.390000
6781.390000
6781.390000
6781.390000
6781.390000
6781.390000
6781.390000
6781.390000
6781.390000
6781.390000
6781.390000
6781.390000
6781.390000
6781.390000
6781.390000
6781.390000
6781.390000
6781.390000
6781.390000
6781.390000
6781.390000
6781.390000
6781.390000
6781.390000
6781.390000
6781.390000
6781.390000
6781.390000
6781.390000
6781.390000
6781.390000
6781.390000
6781.390000
6781.390000
6781.390000
6781.390000
6781.390000
6781.390000
6781.390000
6781.390000
6781.390000
6781.390000
6781.390000
6781.390000
6781.390000
6781.390000
6781.390000
6781.390000
6781.390000
6781.390000
6781.390000
6781.390000
6781.390000
6781.390000
6781.390000
6781.390000
6781.390000
6781.390000
6781.390000
6781.390000
6781.390000
6781.390000
6781.390000
6781.390000
6781.390000
6769.704661
0.000000
0.000000
0.000000
0.000000
5152.090206
6010.717928
6781.390000
6781.390000
6781.390000
6781.390000
6781.390000
6781.390000
6781.390000
6781.390000
6781.390000
6781.390000
6781.390000
6781.390000
6781.390000
6781.390000
6781.390000
6781.390000
6781.390000
6781.390000
6781.390000
6781.390000
6781.390000
6781.390000
6781.390000
6781.390000
6781.390000
6781.390000
6781.390000
6781.390000
6781.390000
6781.390000
6781.390000
6781.390000
6781.390000
6781.390000
6781.390000
6781.390000
6781.390000
6781.390000
0.000000
0.000000
0.000000
0.000000
0.000000
0.000000
0.000000
0.000000
0.000000
0.000000
0.000000
0.000000
0.000000
568.026294
5527.751978
6781.390000
6781.390000
6781.390000
6781.390000
6781.390000
6781.390000
6781.390000
6781.390000
6781.390000
6781.390000
6781.390000
6781.390000
6781.390000
6781.390000
6781.390000
6781.390000
6781.390000
6781.390000
6781.390000
6781.390000
6781.390000
6781.390000
6781.390000
6781.390000
6781.390000
6781.390000
6781.390000
6781.390000
6781.390000
6781.390000
6781.390000
3178.015926
3980.790947
0.000000
0.000000
0.000000
0.000000
0.000000
0.000000
0.000000
0.000000
0.000000
0.000000
0.000000
0.000000
5408.144173
6153.898651
6781.390000
5835.875777
3975.673391
6781.390000
6781.390000
6781.390000
6781.390000
6781.390000
6781.390000
6781.390000
6781.390000
6781.390000
6781.390000
6781.390000
6781.390000
6781.390000
6781.390000
6781.390000
6781.390000
6781.390000
6781.390000
6781.390000
6781.390000
6781.390000
6781.390000
6781.390000
6781.390000
6781.390000
6781.390000
6781.390000
6781.390000
6781.390000
6781.390000
6781.390000
6781.390000
6781.390000
6781.390000
6781.390000
6781.390000
6241.820002
6781.390000
6781.390000
6781.390000
6781.390000
6781.390000
6781.390000
6781.390000
6781.390000
6781.390000
6781.390000
6781.390000
6781.390000
6781.390000
6781.390000
6781.390000
6781.390000
6781.390000
6781.390000
6781.390000
6781.390000
6781.390000
6781.390000
6781.390000
6781.390000
6781.390000
6781.390000
6781.390000
6781.390000
6781.390000
6781.390000
6781.390000
6781.390000
6781.390000
6781.390000
6781.390000
6781.390000
6781.390000
6781.390000
6781.390000
6781.390000
6781.390000
6781.390000
6781.390000
6781.390000
6781.390000
6781.390000
6781.390000
6497.243185
6781.390000
6781.390000
6781.390000
6781.390000
6781.390000
6781.390000
6781.390000
6781.390000
6781.390000
6781.390000
6781.390000
6781.390000
6781.390000
6781.390000
6781.390000
6781.390000
6781.390000
6781.390000
6781.390000
6781.390000
6781.390000
6781.390000
6781.390000
6781.390000
6781.390000
6781.390000
6781.390000
6781.390000
6781.390000
6781.390000
6781.390000
6781.390000
6781.390000
6781.390000
6781.390000
6781.390000
6781.390000
6781.390000
6781.390000
6781.390000
6781.390000
6781.390000
6781.390000
6781.390000
6781.390000
6781.390000
6781.390000
6781.390000
6781.390000
6781.390000
6781.390000
6781.390000
6781.390000
6781.390000
6781.390000
6781.390000
6781.390000
6781.390000
6781.390000
6781.390000
6781.390000
6781.390000
6781.390000
6781.390000
6781.390000
6781.390000
6781.390000
6781.390000
6781.390000
6781.390000
6781.390000
6781.390000
6781.390000
6781.390000
6781.390000
6781.390000
6781.390000
6781.390000
6781.390000
6781.390000
6781.390000
6781.390000
6781.390000
6781.390000
6781.390000
6781.390000
6781.390000
6781.390000
6781.390000
6781.390000
6781.390000
6781.390000
6781.390000
6781.390000
6781.390000
6781.390000
6781.390000
6781.390000
6781.390000
6781.390000
6781.390000
6781.390000
6781.390000
6781.390000
6781.390000
6781.390000
6781.390000
6781.390000
6781.390000
6781.390000
6781.390000
6781.390000
6781.390000
6781.390000
6781.390000
6781.390000
6781.390000
6781.390000
6781.390000
6781.390000
6781.390000
6781.390000
6781.390000
6781.390000
6781.390000
6781.390000
6781.390000
6781.390000
6781.390000
6781.390000
6781.390000
6781.390000
6781.390000
6781.390000
6781.390000
6781.390000
6781.390000
6781.390000
6781.390000
6781.390000
6781.390000
6781.390000
6781.390000
6781.390000
6781.390000
6781.390000
6781.390000
6781.390000
6781.390000
6781.390000
6781.390000
6781.390000
6781.390000
6781.390000
6781.390000
6781.390000
6781.390000
6781.390000
6781.390000
6781.390000
6781.390000
6781.390000
6781.390000
6781.390000
6781.390000
6781.390000
6781.390000
6781.390000
6781.390000
6781.390000
6781.390000
6781.390000
6781.390000
6781.390000
6781.390000
6781.390000
6781.390000
6781.390000
6781.390000
6781.390000
6781.390000
6781.390000
6781.390000
6781.390000
6781.390000
6781.390000
6781.390000
6781.390000
0.000000
790.833591
6781.390000
6781.390000
6781.390000
6781.390000
6781.390000
6781.390000
6781.390000
6781.390000
6781.390000
6781.390000
6781.390000
6781.390000
6781.390000
6781.390000
6781.390000
6781.390000
6781.390000
6781.390000
6781.390000
6781.390000
6781.390000
6781.390000
6781.390000
6781.390000
6781.390000
6781.390000
6781.390000
6781.390000
6781.390000
6781.390000
6781.390000
6781.390000
6781.390000
6781.390000
6781.390000
6781.390000
6781.390000
6781.390000
6781.390000
6781.390000
6781.390000
6781.390000
6781.390000
6781.390000
6781.390000
6781.390000
6781.390000
6781.390000
6781.390000
6781.390000
6781.390000
6781.390000
6781.390000
6781.390000
6781.390000
6781.390000
6781.390000
6781.390000
6781.390000
6781.390000
6781.390000
6781.390000
6781.390000
6781.390000
6781.390000
6781.390000
6781.390000
6781.390000
6781.390000
6781.390000
6781.390000
6781.390000
6781.390000
6781.390000
6781.390000
6781.390000
6781.390000
6781.390000
6781.390000
6781.390000
6781.390000
6781.390000
6781.390000
6781.390000
6781.390000
6781.390000
6781.390000
6781.390000
6781.390000
6781.390000
6781.390000
6781.390000
6781.390000
6781.390000
6781.390000
6781.390000
6781.390000
6781.390000
6781.390000
6781.390000
6781.390000
6781.390000
6781.390000
6781.390000
6781.390000
6781.390000
6781.390000
6781.390000
6781.390000
6781.390000
6781.390000
6781.390000
6781.390000
6781.390000
6781.390000
6781.390000
6781.390000
6781.390000
6781.390000
6781.390000
6781.390000
6781.390000
6781.390000
6781.390000
6781.390000
6781.390000
6781.390000
6781.390000
6781.390000
6781.390000
6781.390000
6781.390000
6781.390000
6781.390000
6781.390000
6781.390000
6781.390000
6781.390000
6781.390000
6781.390000
6781.390000
6781.390000
6781.390000
6781.390000
6781.390000
6781.390000
6781.390000
6781.390000
6781.390000
6781.390000
6781.390000
6781.390000
6781.390000
6781.390000
6781.390000
6781.390000
6781.390000
6781.390000
6781.390000
6781.390000
6781.390000
6781.390000
6781.390000
6781.390000
6781.390000
6781.390000
6781.390000
6781.390000
6781.390000
6781.390000
6781.390000
6781.390000
6781.390000
6781.390000
6781.390000
6781.390000
6781.390000
6781.390000
6781.390000
6781.390000
6781.390000
6781.390000
6781.390000
6781.390000
6781.390000
6781.390000
6781.390000
6781.390000
6781.390000
6781.390000
6781.390000
6781.390000
6781.390000
6781.390000
6781.390000
6781.390000
6781.390000
6781.390000
6781.390000
6781.390000
6781.390000
6781.390000
6781.390000
6781.390000
6781.390000
6781.390000
6781.390000
6781.390000
6781.390000
6781.390000
6781.390000
6781.390000
6781.390000
6781.390000
6781.390000
6781.390000
6781.390000
6781.390000
6781.390000
6781.390000
6781.390000
6781.390000
6781.390000
6781.390000
6781.390000
6781.390000
6781.390000
6781.390000
6781.390000
6781.390000
6781.390000
6781.390000
6781.390000
6781.390000
6781.390000
6781.390000
6781.390000
6781.390000
6781.390000
6781.390000
6781.390000
6781.390000
6781.390000
6781.390000
6781.390000
6781.390000
6781.390000
6781.390000
6781.390000
6781.390000
6781.390000
6781.390000
6781.390000
6781.390000
6781.390000
6781.390000
6781.390000
6781.390000
6781.390000
6781.390000
6781.390000
6781.390000
6781.390000
6781.390000
6781.390000
6781.390000
6781.390000
6781.390000
6781.390000
6781.390000
6781.390000
6781.390000
6781.390000
6781.390000
6781.390000
6781.390000
6781.390000
6781.390000
6781.390000
6781.390000
6781.390000
6781.390000
6781.390000
6781.390000
6781.390000
6781.390000
6781.390000
6781.390000
6781.390000
6781.390000
6781.390000
6781.390000
6781.390000
6781.390000
6781.390000
6781.390000
6781.390000
6781.390000
6781.390000
6781.390000
6781.390000
6781.390000
6781.390000
6781.390000
6781.390000
6781.390000
6781.390000
6781.390000
6781.390000
6781.390000
6781.390000
6781.390000
6781.390000
6781.390000
6781.390000
6781.390000
6781.390000
6781.390000
6781.390000
6781.390000
6781.390000
6781.390000
6781.390000
6781.390000
6781.390000
6781.390000
6781.390000
6781.390000
6781.390000
6781.390000
6781.390000
6781.390000
6781.390000
6781.390000
6781.390000
6781.390000
6781.390000
6781.390000
6781.390000
6781.390000
6781.390000
6781.390000
6781.390000
6781.390000
6781.390000
6781.390000
6781.390000
6781.390000
6781.390000
6781.390000
6781.390000
6781.390000
6781.390000
6781.390000
6781.390000
6781.390000
6781.390000
6781.390000
6781.390000
6781.390000
6781.390000
6781.390000
6781.390000
6781.390000
6781.390000
6781.390000
6781.390000
6781.390000
6781.390000
6781.390000
6781.390000
6781.390000
6781.390000
6781.390000
6781.390000
6781.390000
6781.390000
6781.390000
6781.390000
6781.390000
0.000000
0.000000
0.000000
0.000000
0.000000
0.000000
0.000000
0.000000
0.000000
0.000000
85.660923
0.000000
5759.686170
6569.838801
6781.390000
6781.390000
6781.390000
6781.390000
6781.390000
6781.390000
6781.390000
6781.390000
6781.390000
6781.390000
6781.390000
6781.390000
6781.390000
6781.390000
6781.390000
6781.390000
6781.390000
6781.390000
6781.390000
6781.390000
6781.390000
6781.390000
6781.390000
6781.390000
6781.390000
6781.390000
6781.390000
6781.390000
6781.390000
6781.390000
6781.390000
6781.390000
6781.390000
6781.390000
0.000000
241.628516
0.000000
0.000000
0.000000
0.000000
0.000000
0.000000
0.000000
611.958844
6781.390000
6781.390000
6781.390000
6781.390000
6781.390000
6781.390000
6781.390000
6781.390000
6781.390000
6781.390000
6781.390000
6781.390000
6781.390000
6781.390000
6781.390000
6781.390000
6781.390000
6781.390000
6781.390000
6781.390000
6781.390000
6781.390000
6781.390000
6781.390000
6781.390000
6781.390000
6781.390000
6781.390000
6781.390000
6781.390000
6781.390000
6781.390000
6781.390000
6781.390000
6781.390000
6781.390000
6781.390000
6781.390000
0.000000
1637.076213
0.000000
0.000000
0.000000
0.000000
0.000000
0.000000
2588.099911
3459.705240
6781.390000
6781.390000
6781.390000
6781.390000
6781.390000
6781.390000
6781.390000
6781.390000
6781.390000
6781.390000
6781.390000
6781.390000
6781.390000
6781.390000
6781.390000
6781.390000
6781.390000
6781.390000
6781.390000
6781.390000
6781.390000
6781.390000
6781.390000
6781.390000
6781.390000
6781.390000
6781.390000
6781.390000
6781.390000
6781.390000
6781.390000
6781.390000
6781.390000
6781.390000
6781.390000
6781.390000
6781.390000
6781.390000
0.000000
0.000000
0.000000
0.000000
0.000000
0.000000
5308.483412
5547.084134
3265.679700
4021.225893
6781.390000
6781.390000
6781.390000
6781.390000
6781.390000
6781.390000
6781.390000
6781.390000
6781.390000
6781.390000
6781.390000
6781.390000
6781.390000
6781.390000
6781.390000
6781.390000
6781.390000
6781.390000
6781.390000
6781.390000
6781.390000
6781.390000
6781.390000
6781.390000
6781.390000
6781.390000
6781.390000
6781.390000
6781.390000
6781.390000
6781.390000
6781.390000
6781.390000
6781.390000
6781.390000
6781.390000
6781.390000
6781.390000
6781.390000
6781.390000
6781.390000
6781.390000
6781.390000
6781.390000
6781.390000
6781.390000
6781.390000
6781.390000
6781.390000
6781.390000
6781.390000
6781.390000
6781.390000
6781.390000
6781.390000
6781.390000
6781.390000
6781.390000
6781.390000
6781.390000
6781.390000
6781.390000
6781.390000
6781.390000
6781.390000
6781.390000
6781.390000
6781.390000
6781.390000
6781.390000
6781.390000
6781.390000
6781.390000
6781.390000
6781.390000
6781.390000
6781.390000
6781.390000
6781.390000
6781.390000
6781.390000
6781.390000
6781.390000
6781.390000
6781.390000
6781.390000
6781.390000
6781.390000
6781.390000
6781.390000
6781.390000
6781.390000
6781.390000
6781.390000
6781.390000
6781.390000
6781.390000
6781.390000
6781.390000
6781.390000
6781.390000
6781.390000
6781.390000
6781.390000
6781.390000
6781.390000
6781.390000
6781.390000
6781.390000
6781.390000
6781.390000
6781.390000
6781.390000
6781.390000
6781.390000
6781.390000
6781.390000
6781.390000
6781.390000
6781.390000
6781.390000
6781.390000
6781.390000
6781.390000
6781.390000
6781.390000
6781.390000
6781.390000
6781.390000
6781.390000
6781.390000
6781.390000
6781.390000
6781.390000
6781.390000
6781.390000
6781.390000
6781.390000
6781.390000
6781.390000
6781.390000
6781.390000
6781.390000
6781.390000
6781.390000
6781.390000
6781.390000
6781.390000
6781.390000
6781.390000
6781.390000
6781.390000
6781.390000
6781.390000
6781.390000
6781.390000
6781.390000
6781.390000
6781.390000
6781.390000
6781.390000
6781.390000
6781.390000
6781.390000
6781.390000
6781.390000
6781.390000
6781.390000
6781.390000
6781.390000
6781.390000
6781.390000
6781.390000
6781.390000
6781.390000
6781.390000
6781.390000
6781.390000
6781.390000
6781.390000
6781.390000
6781.390000
893.422125
2192.926132
0.000000
0.000000
0.000000
0.000000
0.000000
863.277550
5355.660960
5221.016607
6781.390000
6781.390000
6781.390000
6781.390000
6781.390000
6781.390000
6781.390000
6781.390000
6781.390000
6781.390000
6781.390000
6781.390000
6781.390000
6781.390000
6781.390000
6781.390000
6781.390000
6781.390000
6781.390000
6781.390000
6781.390000
6781.390000
6781.390000
6781.390000
6781.390000
6781.390000
6781.390000
6781.390000
6781.390000
6781.390000
6781.390000
6781.390000
6781.390000
6781.390000
6781.390000
6781.390000
6781.390000
6781.390000
6781.390000
6781.390000
3779.951305
1496.731081
0.000000
0.000000
0.000000
0.000000
3479.572876
4234.636811
6781.390000
6781.390000
6781.390000
6781.390000
6781.390000
6781.390000
6781.390000
6781.390000
6781.390000
6781.390000
6781.390000
6781.390000
6781.390000
6781.390000
6781.390000
6781.390000
6781.390000
6781.390000
6781.390000
6781.390000
6781.390000
6781.390000
6781.390000
6781.390000
6781.390000
6781.390000
6781.390000
6781.390000
6781.390000
6781.390000
6781.390000
6781.390000
6781.390000
6781.390000
6781.390000
6781.390000
6781.390000
6781.390000
6781.390000
6781.390000
2935.094704
449.361973
0.000000
0.000000
0.000000
0.000000
0.000000
0.000000
1562.895286
2302.502170
6781.390000
6781.390000
6781.390000
6781.390000
6781.390000
6781.390000
6781.390000
6781.390000
6781.390000
6781.390000
6781.390000
6781.390000
6781.390000
6781.390000
6781.390000
6781.390000
6781.390000
6781.390000
6781.390000
6781.390000
6781.390000
6781.390000
6781.390000
6781.390000
6781.390000
6781.390000
6781.390000
6781.390000
6781.390000
6781.390000
6781.390000
6781.390000
6781.390000
6781.390000
6781.390000
6781.390000
0.000000
690.976736
0.000000
0.000000
0.000000
0.000000
0.000000
0.000000
2920.162287
3839.405670
6781.390000
6781.390000
6781.390000
6781.390000
6781.390000
6781.390000
6781.390000
6781.390000
6781.390000
6781.390000
6781.390000
6781.390000
6781.390000
6781.390000
6781.390000
6781.390000
6781.390000
6781.390000
6781.390000
6781.390000
6781.390000
6781.390000
6781.390000
6781.390000
6781.390000
6781.390000
6781.390000
6781.390000
6781.390000
6781.390000
6781.390000
6781.390000
6781.390000
6781.390000
6781.390000
6781.390000
6781.390000
6781.390000
6781.390000
6781.390000
6781.390000
6013.504225
0.000000
0.000000
0.000000
0.000000
2496.649258
3064.424985
6781.390000
6781.390000
6781.390000
6781.390000
6781.390000
6781.390000
6781.390000
6781.390000
6781.390000
6781.390000
6781.390000
6781.390000
6781.390000
6781.390000
6781.390000
6781.390000
6781.390000
6781.390000
6781.390000
6781.390000
6781.390000
6781.390000
6781.390000
6781.390000
6781.390000
6781.390000
6781.390000
6781.390000
6781.390000
6781.390000
6781.390000
6781.390000
6781.390000
6781.390000
6781.390000
6781.390000
6781.390000
6781.390000
6781.390000
6781.390000
2783.961132
300.697379
0.000000
0.000000
0.000000
0.000000
0.000000
0.000000
6115.393377
6777.428457
0.000000
401.968768
2437.454632
6781.390000
6781.390000
6781.390000
6781.390000
6781.390000
6781.390000
6781.390000
6781.390000
6781.390000
6781.390000
6781.390000
6781.390000
6781.390000
6781.390000
6781.390000
6781.390000
6781.390000
6781.390000
6781.390000
6781.390000
6781.390000
6781.390000
6781.390000
6781.390000
6781.390000
6781.390000
6781.390000
6781.390000
6781.390000
6781.390000
6781.390000
6781.390000
6781.390000
0.000000
0.000000
0.000000
0.000000
0.000000
0.000000
0.000000
0.000000
0.000000
0.000000
6781.390000
6781.390000
6781.390000
6781.390000
6781.390000
6781.390000
6207.479637
6781.390000
6781.390000
6781.390000
6781.390000
6781.390000
6781.390000
6781.390000
6781.390000
6781.390000
6781.390000
6781.390000
6781.390000
6781.390000
6781.390000
6781.390000
6781.390000
6781.390000
6781.390000
6781.390000
6781.390000
6781.390000
6781.390000
6781.390000
6781.390000
6781.390000
6781.390000
6781.390000
6781.390000
6781.390000
6781.390000
6781.390000
0.000000
0.000000
0.000000
0.000000
0.000000
0.000000
0.000000
0.000000
0.000000
0.000000
1482.076313
1068.289282
0.000000
0.000000
2181.213863
6781.390000
6781.390000
6781.390000
6781.390000
6781.390000
6781.390000
6781.390000
6781.390000
6781.390000
6781.390000
6781.390000
6781.390000
6781.390000
6781.390000
6781.390000
6781.390000
6781.390000
6781.390000
6781.390000
6781.390000
6781.390000
6781.390000
6781.390000
6781.390000
6781.390000
6781.390000
6781.390000
6781.390000
6781.390000
6781.390000
6781.390000
6781.390000
6781.390000
0.000000
1359.447824
0.000000
0.000000
0.000000
0.000000
0.000000
0.000000
310.978948
740.375173
0.000000
0.000000
0.000000
517.112613
6274.532259
2142.332945
6781.390000
6781.390000
6781.390000
6781.390000
6781.390000
6781.390000
6781.390000
6781.390000
6781.390000
6781.390000
6781.390000
6781.390000
6781.390000
6781.390000
6781.390000
6781.390000
6781.390000
6781.390000
6781.390000
6781.390000
6781.390000
6781.390000
6781.390000
6781.390000
6781.390000
6781.390000
6781.390000
6781.390000
6781.390000
6781.390000
6781.390000
6781.390000
6781.390000
6781.390000
2845.696110
700.330628
0.000000
0.000000
0.000000
0.000000
0.000000
0.000000
0.000000
177.071563
179.645902
1971.024860
1764.506990
6781.390000
6781.390000
6781.390000
6781.390000
6781.390000
6781.390000
6781.390000
6781.390000
6781.390000
6781.390000
6781.390000
6781.390000
6781.390000
6781.390000
6781.390000
6781.390000
6781.390000
6781.390000
6781.390000
6781.390000
6781.390000
6781.390000
6781.390000
6781.390000
6781.390000
6781.390000
6781.390000
6781.390000
6781.390000
6781.390000
6781.390000
6781.390000
6781.390000
0.000000
0.000000
0.000000
0.000000
0.000000
0.000000
0.000000
0.000000
0.000000
165.677602
6415.598394
6781.390000
6781.390000
6781.390000
6781.390000
3521.681781
5853.227220
6781.390000
6781.390000
6781.390000
6781.390000
6781.390000
6781.390000
6781.390000
6781.390000
6781.390000
6781.390000
6781.390000
6781.390000
6781.390000
6781.390000
6781.390000
6781.390000
6781.390000
6781.390000
6781.390000
6781.390000
6781.390000
6781.390000
6781.390000
6781.390000
6781.390000
6781.390000
6781.390000
6781.390000
6781.390000
6781.390000
6781.390000
6781.390000
6781.390000
4844.700905
2329.242366
2668.145411
548.452385
2179.940759
1982.211532
6781.390000
6781.390000
6781.390000
6781.390000
6781.390000
6781.390000
6781.390000
6781.390000
6781.390000
6781.390000
6781.390000
6781.390000
6781.390000
6781.390000
6781.390000
6781.390000
6781.390000
6781.390000
6781.390000
6781.390000
6781.390000
6781.390000
6781.390000
6781.390000
6781.390000
6781.390000
6781.390000
6781.390000
6781.390000
6781.390000
6781.390000
6781.390000
6781.390000
6781.390000
6781.390000
6781.390000
6781.390000
6781.390000
6781.390000
6781.390000
6781.390000
6781.390000
6781.390000
6781.390000
6781.390000
6781.390000
6781.390000
6781.390000
6781.390000
6781.390000
6781.390000
6781.390000
6781.390000
6781.390000
6781.390000
6781.390000
6781.390000
6781.390000
6781.390000
6781.390000
6781.390000
6781.390000
6781.390000
6781.390000
6781.390000
6781.390000
6781.390000
6781.390000
6781.390000
6781.390000
6781.390000
6781.390000
6781.390000
6781.390000
6781.390000
6781.390000
6781.390000
6781.390000
6781.390000
6781.390000
6781.390000
6781.390000
6781.390000
6781.390000
6781.390000
6781.390000
6781.390000
6781.390000
6781.390000
6781.390000
0.000000
1229.925439
0.000000
1809.797219
4919.094682
6781.390000
2864.685305
2985.711989
6781.390000
6334.880815
461.421963
841.579225
6781.390000
6781.390000
6781.390000
6781.390000
6781.390000
6781.390000
6781.390000
6781.390000
6781.390000
6781.390000
6781.390000
6781.390000
6781.390000
6781.390000
6781.390000
6781.390000
6781.390000
6781.390000
6781.390000
6781.390000
6781.390000
6781.390000
6781.390000
6781.390000
6781.390000
6781.390000
6781.390000
6781.390000
6781.390000
6781.390000
6781.390000
6781.390000
6781.390000
6781.390000
6781.390000
6781.390000
2383.919251
4131.532939
6781.390000
6781.390000
0.000000
0.000000
6781.390000
6781.390000
6781.390000
6781.390000
6781.390000
6781.390000
6781.390000
6781.390000
6781.390000
6781.390000
6781.390000
6781.390000
6781.390000
6781.390000
6781.390000
6781.390000
6781.390000
6781.390000
6781.390000
6781.390000
6781.390000
6781.390000
6781.390000
6781.390000
6781.390000
6781.390000
6781.390000
6781.390000
6781.390000
6781.390000
6781.390000
6781.390000
6781.390000
6781.390000
6781.390000
6781.390000
6781.390000
6781.390000
6781.390000
6781.390000
6781.390000
6781.390000
5165.027864
2725.726467
0.000000
0.000000
0.000000
0.000000
5050.095222
5917.598130
3742.641078
4384.403775
6781.390000
6781.390000
6781.390000
5400.249963
6781.390000
6781.390000
6781.390000
6781.390000
6781.390000
6781.390000
6781.390000
6781.390000
6781.390000
6781.390000
6781.390000
6781.390000
6781.390000
6781.390000
6781.390000
6781.390000
6781.390000
6781.390000
6781.390000
6781.390000
6781.390000
6781.390000
6781.390000
6781.390000
6781.390000
6781.390000
6781.390000
6781.390000
6781.390000
6781.390000
6781.390000
6781.390000
6781.390000
6781.390000
6781.390000
6781.390000
1379.726018
0.000000
0.000000
0.000000
6781.390000
6781.390000
6781.390000
6781.390000
6781.390000
6781.390000
6781.390000
6781.390000
6781.390000
6781.390000
6781.390000
6781.390000
6781.390000
6781.390000
6781.390000
6781.390000
6781.390000
6781.390000
6781.390000
6781.390000
6781.390000
6781.390000
6781.390000
6781.390000
6781.390000
6781.390000
6781.390000
6781.390000
6781.390000
6781.390000
6781.390000
6781.390000
6781.390000
6781.390000
6781.390000
6781.390000
6781.390000
6781.390000
6781.390000
6781.390000
6781.390000
6781.390000
6781.390000
4710.152220
0.000000
0.000000
0.000000
0.000000
0.000000
0.000000
6781.390000
6781.390000
6781.390000
6781.390000
6781.390000
6781.390000
6781.390000
6781.390000
6781.390000
6781.390000
6781.390000
6781.390000
6781.390000
6781.390000
6781.390000
6781.390000
6781.390000
6781.390000
6781.390000
6781.390000
6781.390000
6781.390000
6781.390000
6781.390000
6781.390000
6781.390000
6781.390000
6781.390000
6781.390000
6781.390000
6781.390000
6781.390000
6781.390000
6781.390000
6781.390000
6781.390000
6781.390000
6781.390000
6781.390000
6781.390000
6781.390000
6781.390000
6781.390000
6781.390000
6781.390000
6781.390000
6781.390000
6781.390000
6781.390000
6781.390000
6781.390000
6781.390000
6781.390000
6781.390000
6781.390000
6781.390000
6781.390000
6781.390000
6781.390000
6781.390000
6781.390000
6781.390000
6781.390000
6781.390000
6781.390000
6781.390000
6781.390000
6781.390000
6781.390000
6781.390000
6781.390000
6781.390000
6781.390000
6781.390000
6781.390000
6781.390000
6781.390000
6781.390000
6781.390000
6781.390000
6781.390000
6781.390000
6781.390000
6781.390000
6781.390000
6781.390000
6781.390000
6781.390000
6781.390000
6781.390000
0.000000
0.000000
0.000000
0.000000
2325.943022
2998.325828
6781.390000
6781.390000
6781.390000
6781.390000
6781.390000
6781.390000
6781.390000
6781.390000
6781.390000
6781.390000
6781.390000
6781.390000
6781.390000
6781.390000
6781.390000
6781.390000
6781.390000
6781.390000
6781.390000
6781.390000
6781.390000
6781.390000
6781.390000
6781.390000
6781.390000
6781.390000
6781.390000
6781.390000
6781.390000
6781.390000
6781.390000
6781.390000
6781.390000
6781.390000
6781.390000
6781.390000
6781.390000
6781.390000
0.000000
0.000000
0.000000
0.000000
0.000000
0.000000
0.000000
0.000000
2152.323262
2070.211336
6781.390000
6781.390000
6781.390000
6781.390000
6781.390000
6781.390000
6781.390000
6781.390000
6781.390000
6781.390000
6781.390000
6781.390000
6781.390000
6781.390000
6781.390000
6781.390000
6781.390000
6781.390000
6781.390000
6781.390000
6781.390000
6781.390000
6781.390000
6781.390000
6781.390000
6781.390000
6781.390000
6781.390000
6781.390000
6781.390000
6781.390000
6781.390000
6781.390000
6781.390000
6781.390000
6781.390000
6781.390000
6781.390000
6781.390000
6781.390000
2449.171133
4398.490226
4104.943144
6167.100741
574.802794
2024.159462
5449.422962
5434.327698
6781.390000
6781.390000
6781.390000
6781.390000
6781.390000
6781.390000
6781.390000
6781.390000
6781.390000
6781.390000
6781.390000
6781.390000
6781.390000
6781.390000
6781.390000
6781.390000
6781.390000
6781.390000
6781.390000
6781.390000
6781.390000
6781.390000
6781.390000
6781.390000
6781.390000
6781.390000
6781.390000
6781.390000
6781.390000
6781.390000
6781.390000
6781.390000
6781.390000
6781.390000
6781.390000
6781.390000
6781.390000
6781.390000
6781.390000
6781.390000
6781.390000
6781.390000
6781.390000
6781.390000
6781.390000
6781.390000
6781.390000
6781.390000
6781.390000
6781.390000
6781.390000
6781.390000
6781.390000
6781.390000
6781.390000
6781.390000
6781.390000
6781.390000
6781.390000
6781.390000
6781.390000
6781.390000
6781.390000
6781.390000
6781.390000
6781.390000
6781.390000
6781.390000
6781.390000
6781.390000
6781.390000
6781.390000
6781.390000
6781.390000
6781.390000
6781.390000
6781.390000
6781.390000
6781.390000
6781.390000
6781.390000
6781.390000
6781.390000
6781.390000
6781.390000
6781.390000
6781.390000
6781.390000
6781.390000
6781.390000
6781.390000
6781.390000
6781.390000
6781.390000
6781.390000
6781.390000
6781.390000
6781.390000
6781.390000
6781.390000
6781.390000
6781.390000
6781.390000
6781.390000
6781.390000
6781.390000
6781.390000
6781.390000
6781.390000
6781.390000
6781.390000
6781.390000
6781.390000
6781.390000
6781.390000
6781.390000
6781.390000
6781.390000
6781.390000
6781.390000
6781.390000
6781.390000
6781.390000
6781.390000
6781.390000
6781.390000
6781.390000
6781.390000
6781.390000
6781.390000
6781.390000
6781.390000
6781.390000
6781.390000
6781.390000
6781.390000
6781.390000
6781.390000
6781.390000
6781.390000
6781.390000
6781.390000
6781.390000
6781.390000
6781.390000
6781.390000
6781.390000
6781.390000
6781.390000
6781.390000
6781.390000
6781.390000
6781.390000
6781.390000
6781.390000
6781.390000
6781.390000
6781.390000
6781.390000
6781.390000
6781.390000
6781.390000
6781.390000
6781.390000
6781.390000
6781.390000
6781.390000
6781.390000
6781.390000
6781.390000
6781.390000
6781.390000
6781.390000
6781.390000
6781.390000
6781.390000
6781.390000
6781.390000
6781.390000
6781.390000
6781.390000
6781.390000
6781.390000
6781.390000
6781.390000
6781.390000
6781.390000
6781.390000
6781.390000
6781.390000
6781.390000
6781.390000
6781.390000
6781.390000
6781.390000
6781.390000
6781.390000
6781.390000
6781.390000
6781.390000
6781.390000
6781.390000
6781.390000
6781.390000
6781.390000
6781.390000
6781.390000
6781.390000
6781.390000
6781.390000
6781.390000
6781.390000
6781.390000
6781.390000
6781.390000
6781.390000
6781.390000
6781.390000
6781.390000
6781.390000
6781.390000
6781.390000
6781.390000
6781.390000
6781.390000
6781.390000
6781.390000
6781.390000
6781.390000
6781.390000
6781.390000
6781.390000
6781.390000
6781.390000
6781.390000
6781.390000
6781.390000
6781.390000
6781.390000
6781.390000
6781.390000
6781.390000
6781.390000
6781.390000
6781.390000
6781.390000
6781.390000
6781.390000
6781.390000
6781.390000
6781.390000
6781.390000
6781.390000
6781.390000
6781.390000
6781.390000
6781.390000
6781.390000
6781.390000
6781.390000
6781.390000
6781.390000
6781.390000
6781.390000
6781.390000
6781.390000
6781.390000
6781.390000
6781.390000
6781.390000
6781.390000
6781.390000
6781.390000
6781.390000
6781.390000
6781.390000
6781.390000
6781.390000
6781.390000
6781.390000
6781.390000
6781.390000
6781.390000
6781.390000
6781.390000
6781.390000
6781.390000
6781.390000
6781.390000
6781.390000
6781.390000
6781.390000
6781.390000
6781.390000
6781.390000
6781.390000
6781.390000
6781.390000
6781.390000
6781.390000
6781.390000
6781.390000
6781.390000
6781.390000
6781.390000
6781.390000
6781.390000
6781.390000
6781.390000
6781.390000
6781.390000
6781.390000
6781.390000
6781.390000
6781.390000
6781.390000
6781.390000
6781.390000
6781.390000
6781.390000
6781.390000
6781.390000
6781.390000
6781.390000
6781.390000
6781.390000
6781.390000
6781.390000
6781.390000
6781.390000
6781.390000
6781.390000
6781.390000
6781.390000
6781.390000
6781.390000
6781.390000
6781.390000
6781.390000
6781.390000
6781.390000
6781.390000
6781.390000
6781.390000
6781.390000
6781.390000
6781.390000
6781.390000
6781.390000
6781.390000
6781.390000
6781.390000
6781.390000
6781.390000
6781.390000
6781.390000
6781.390000
6781.390000
6781.390000
6781.390000
6781.390000
6781.390000
6781.390000
6781.390000
6781.390000
6781.390000
6781.390000
6781.390000
6781.390000
6781.390000
6781.390000
6781.390000
6781.390000
6781.390000
6781.390000
6781.390000
6781.390000
6781.390000
6781.390000
6781.390000
6781.390000
6781.390000
6781.390000
6781.390000
6781.390000
6781.390000
6781.390000
6781.390000
6781.390000
6781.390000
6781.390000
6781.390000
6781.390000
6781.390000
6781.390000
6781.390000
6781.390000
6781.390000
6781.390000
6781.390000
6781.390000
6781.390000
6781.390000
6781.390000
6781.390000
6781.390000
6781.390000
6781.390000
6781.390000
6781.390000
6781.390000
6781.390000
6781.390000
6781.390000
6781.390000
6781.390000
6781.390000
6781.390000
6781.390000
6781.390000
6781.390000
6781.390000
6781.390000
6781.390000
6781.390000
6781.390000
6781.390000
6781.390000
6781.390000
6781.390000
6781.390000
6781.390000
6781.390000
6781.390000
6781.390000
6781.390000
6781.390000
6781.390000
6781.390000
6781.390000
6781.390000
6781.390000
6781.390000
6781.390000
6781.390000
6781.390000
6781.390000
6781.390000
6781.390000
6781.390000
6781.390000
6781.390000
6781.390000
6781.390000
6781.390000
6781.390000
6781.390000
6781.390000
6781.390000
6781.390000
6781.390000
6781.390000
6781.390000
6781.390000
6781.390000
6781.390000
6781.390000
6781.390000
6781.390000
6781.390000
6781.390000
6781.390000
6781.390000
6781.390000
6781.390000
6781.390000
6781.390000
6781.390000
6781.390000
6781.390000
6781.390000
6781.390000
6781.390000
6781.390000
6781.390000
6781.390000
6781.390000
6781.390000
6781.390000
6781.390000
6781.390000
6781.390000
6781.390000
6781.390000
6781.390000
6781.390000
6781.390000
6781.390000
6781.390000
6781.390000
6781.390000
6781.390000
6781.390000
6781.390000
6781.390000
6781.390000
6781.390000
6781.390000
6781.390000
6781.390000
6781.390000
6781.390000
6781.390000
6781.390000
6781.390000
6781.390000
6781.390000
6781.390000
6781.390000
6781.390000
6781.390000
6781.390000
6781.390000
6781.390000
6781.390000
6781.390000
6781.390000
6781.390000
6781.390000
6781.390000
6781.390000
6781.390000
6781.390000
6781.390000
6781.390000
6781.390000
6781.390000
6781.390000
6781.390000
6781.390000
6781.390000
6781.390000
6781.390000
6781.390000
6781.390000
6781.390000
6781.390000
6781.390000
6781.390000
6781.390000
6781.390000
6781.390000
6781.390000
6781.390000
6781.390000
6781.390000
6781.390000
6781.390000
6781.390000
6781.390000
6781.390000
6781.390000
6781.390000
6781.390000
6781.390000
6781.390000
6781.390000
6781.390000
3785.003559
5311.467080
3369.772349
5163.266679
0.000000
1632.307614
0.000000
0.000000
0.000000
0.000000
0.000000
0.000000
0.000000
6781.390000
6781.390000
6781.390000
6781.390000
6781.390000
6781.390000
6781.390000
6781.390000
6781.390000
6781.390000
6781.390000
6781.390000
6781.390000
6781.390000
6781.390000
6781.390000
6781.390000
6781.390000
6781.390000
6781.390000
6781.390000
6781.390000
6781.390000
6781.390000
6781.390000
6781.390000
6781.390000
6781.390000
6781.390000
6781.390000
6781.390000
6781.390000
6781.390000
6781.390000
6781.390000
4420.026632
6229.138132
6781.390000
6781.390000
6781.390000
6781.390000
6781.390000
6781.390000
6781.390000
6781.390000
6781.390000
6781.390000
6781.390000
0.000000
4618.635540
6781.390000
6781.390000
6781.390000
6781.390000
6781.390000
6781.390000
6781.390000
6781.390000
6781.390000
6781.390000
6781.390000
6781.390000
6781.390000
6781.390000
6781.390000
6781.390000
6781.390000
6781.390000
6781.390000
6781.390000
6781.390000
6781.390000
6781.390000
6781.390000
6781.390000
6781.390000
6781.390000
6781.390000
6781.390000
6781.390000
6781.390000
6781.390000
6781.390000
6781.390000
6781.390000
6781.390000
6781.390000
6781.390000
6781.390000
6781.390000
6781.390000
6781.390000
6781.390000
6781.390000
6781.390000
6781.390000
6781.390000
6781.390000
6781.390000
6781.390000
6781.390000
6781.390000
6781.390000
6781.390000
6781.390000
6781.390000
6781.390000
6781.390000
6781.390000
6781.390000
6781.390000
6781.390000
6781.390000
6781.390000
6781.390000
6781.390000
6781.390000
6781.390000
6781.390000
6781.390000
6781.390000
6781.390000
6781.390000
6781.390000
6781.390000
6781.390000
6781.390000
6781.390000
6781.390000
6781.390000
6781.390000
6781.390000
6781.390000
6781.390000
6781.390000
6781.390000
6781.390000
6781.390000
6781.390000
6781.390000
6781.390000
6560.241957
6781.390000
6781.390000
6781.390000
6781.390000
6781.390000
6781.390000
6781.390000
6781.390000
6781.390000
6781.390000
6781.390000
6781.390000
6781.390000
6781.390000
6781.390000
6781.390000
6781.390000
6781.390000
6781.390000
6781.390000
6781.390000
6781.390000
6781.390000
6781.390000
6781.390000
6781.390000
6781.390000
6781.390000
6781.390000
6781.390000
6781.390000
6781.390000
6781.390000
6781.390000
6781.390000
2087.066113
4848.497839
6051.002038
3847.894862
6641.954516
4757.516257
6305.909801
6523.725250
6781.390000
6781.390000
6781.390000
6781.390000
6781.390000
6781.390000
6781.390000
6781.390000
6781.390000
6781.390000
6781.390000
6781.390000
6781.390000
6781.390000
6781.390000
6781.390000
6781.390000
6781.390000
6781.390000
6781.390000
6781.390000
6781.390000
6781.390000
6781.390000
6781.390000
6781.390000
6781.390000
6781.390000
6781.390000
6781.390000
6781.390000
6781.390000
6781.390000
6781.390000
6781.390000
6781.390000
6781.390000
6781.390000
6781.390000
6781.390000
6781.390000
6781.390000
6781.390000
6781.390000
6781.390000
6781.390000
6781.390000
6781.390000
6781.390000
6781.390000
6781.390000
6781.390000
6781.390000
6781.390000
6781.390000
6781.390000
6781.390000
6781.390000
6781.390000
6781.390000
6781.390000
6781.390000
6781.390000
6781.390000
6781.390000
6781.390000
6781.390000
6781.390000
6781.390000
6781.390000
6781.390000
6781.390000
6781.390000
6781.390000
6781.390000
6781.390000
6781.390000
6781.390000
6781.390000
6781.390000
6781.390000
6781.390000
6781.390000
6781.390000
6781.390000
6781.390000
6781.390000
6781.390000
6781.390000
6781.390000
6781.390000
6781.390000
6781.390000
6781.390000
6781.390000
6781.390000
6781.390000
6781.390000
6781.390000
6781.390000
6781.390000
6781.390000
6781.390000
6781.390000
6781.390000
6781.390000
6781.390000
6781.390000
6781.390000
6781.390000
6781.390000
6781.390000
6781.390000
6781.390000
6781.390000
6781.390000
6781.390000
6781.390000
6781.390000
6781.390000
6781.390000
6781.390000
6781.390000
6781.390000
6781.390000
6781.390000
6781.390000
6781.390000
6781.390000
6781.390000
6781.390000
6781.390000
6781.390000
6781.390000
6781.390000
6781.390000
6781.390000
6781.390000
6781.390000
6781.390000
6781.390000
6781.390000
6781.390000
6099.321827
6781.390000
6781.390000
6781.390000
6781.390000
6781.390000
6781.390000
6781.390000
6781.390000
6781.390000
6781.390000
6781.390000
6781.390000
6781.390000
6781.390000
6781.390000
6781.390000
6781.390000
6781.390000
6781.390000
6781.390000
6781.390000
6781.390000
6781.390000
6781.390000
6781.390000
6781.390000
6781.390000
6781.390000
6781.390000
6781.390000
6781.390000
6781.390000
6781.390000
6781.390000
6781.390000
6781.390000
6781.390000
6781.390000
6781.390000
6781.390000
6781.390000
6781.390000
894.989998
2351.518427
2432.478376
4720.351771
0.000000
0.000000
381.322030
2373.132334
6781.390000
6781.390000
6781.390000
6781.390000
6781.390000
6781.390000
6781.390000
6781.390000
6781.390000
6781.390000
6781.390000
6781.390000
6781.390000
6781.390000
6781.390000
6781.390000
6781.390000
6781.390000
6781.390000
6781.390000
6781.390000
6781.390000
6781.390000
6781.390000
6781.390000
6781.390000
6781.390000
6781.390000
6781.390000
6781.390000
6781.390000
6781.390000
6781.390000
6781.390000
6781.390000
6781.390000
6781.390000
6781.390000
6781.390000
6781.390000
6781.390000
6781.390000
6781.390000
6781.390000
6781.390000
6781.390000
6781.390000
6781.390000
6781.390000
6781.390000
6781.390000
6781.390000
6781.390000
6781.390000
6781.390000
6781.390000
6781.390000
6781.390000
6781.390000
6781.390000
6781.390000
6781.390000
6781.390000
6781.390000
6781.390000
6781.390000
6781.390000
6781.390000
6781.390000
6781.390000
6781.390000
6781.390000
6781.390000
6781.390000
6781.390000
6781.390000
6781.390000
6781.390000
6781.390000
6781.390000
6781.390000
6781.390000
6781.390000
6781.390000
6781.390000
6781.390000
6781.390000
6781.390000
5764.558258
6781.390000
3295.699277
0.000000
0.000000
0.000000
0.000000
0.000000
6278.762492
6781.390000
1424.233957
1739.125402
6781.390000
6781.390000
6781.390000
6781.390000
6781.390000
6781.390000
6781.390000
6781.390000
6781.390000
6781.390000
6781.390000
6781.390000
6781.390000
6781.390000
6781.390000
6781.390000
6781.390000
6781.390000
6781.390000
6781.390000
6781.390000
6781.390000
6781.390000
6781.390000
6781.390000
6781.390000
6781.390000
6781.390000
6781.390000
6781.390000
6781.390000
6781.390000
6781.390000
6781.390000
6781.390000
6781.390000
6061.999305
6781.390000
6781.390000
6781.390000
6781.390000
6781.390000
6781.390000
6781.390000
6781.390000
6781.390000
6781.390000
6781.390000
6781.390000
6781.390000
6781.390000
6781.390000
6781.390000
6781.390000
6781.390000
6781.390000
6781.390000
6781.390000
6781.390000
6781.390000
6781.390000
6781.390000
6781.390000
6781.390000
6781.390000
6781.390000
6781.390000
6781.390000
6781.390000
6781.390000
6781.390000
6781.390000
6781.390000
6781.390000
6781.390000
6781.390000
6781.390000
6781.390000
6781.390000
6781.390000
6781.390000
6781.390000
6781.390000
6781.390000
6781.390000
6781.390000
6781.390000
6781.390000
6781.390000
6781.390000
6781.390000
6781.390000
6781.390000
6781.390000
6781.390000
6781.390000
6781.390000
6781.390000
6781.390000
6781.390000
6781.390000
6781.390000
6781.390000
6781.390000
6781.390000
6781.390000
6781.390000
6781.390000
6781.390000
6781.390000
6781.390000
6781.390000
6781.390000
6781.390000
6781.390000
6781.390000
6781.390000
6781.390000
6781.390000
6781.390000
6781.390000
6781.390000
6781.390000
6781.390000
6781.390000
6781.390000
6781.390000
6781.390000
6781.390000
6781.390000
6781.390000
6781.390000
6781.390000
6781.390000
6781.390000
6781.390000
6781.390000
6781.390000
6781.390000
6781.390000
6781.390000
6781.390000
6781.390000
6781.390000
6781.390000
6781.390000
6781.390000
6781.390000
6781.390000
6781.390000
6781.390000
6781.390000
6781.390000
6781.390000
6781.390000
6781.390000
6781.390000
6781.390000
6781.390000
6781.390000
6781.390000
6781.390000
6781.390000
6781.390000
6781.390000
6781.390000
6781.390000
6781.390000
6781.390000
6781.390000
6781.390000
6781.390000
6781.390000
6781.390000
6781.390000
6781.390000
6781.390000
6781.390000
6781.390000
6781.390000
6781.390000
6781.390000
6781.390000
6781.390000
6781.390000
6178.230887
6781.390000
6781.390000
6781.390000
6781.390000
6781.390000
6781.390000
6781.390000
6781.390000
6781.390000
6781.390000
6781.390000
6781.390000
6781.390000
6781.390000
6781.390000
6781.390000
6781.390000
6781.390000
6781.390000
6781.390000
6781.390000
6781.390000
6781.390000
6781.390000
6781.390000
6781.390000
6781.390000
6781.390000
6781.390000
6781.390000
6781.390000
6781.390000
6781.390000
6781.390000
6781.390000
6781.390000
6781.390000
6781.390000
6781.390000
6781.390000
6781.390000
6781.390000
1269.088625
2676.459794
2686.035517
4957.676024
0.000000
0.000000
635.725631
2576.640169
6781.390000
6781.390000
6781.390000
6781.390000
6781.390000
6781.390000
6781.390000
6781.390000
6781.390000
6781.390000
6781.390000
6781.390000
6781.390000
6781.390000
6781.390000
6781.390000
6781.390000
6781.390000
6781.390000
6781.390000
6781.390000
6781.390000
6781.390000
6781.390000
6781.390000
6781.390000
6781.390000
6781.390000
6781.390000
6781.390000
6781.390000
6781.390000
6781.390000
6781.390000
6781.390000
6781.390000
6781.390000
6781.390000
6781.390000
6781.390000
6781.390000
6781.390000
6781.390000
6781.390000
6781.390000
6781.390000
6781.390000
6781.390000
6781.390000
6781.390000
6781.390000
6781.390000
6781.390000
6781.390000
6781.390000
6781.390000
6781.390000
6781.390000
6781.390000
6781.390000
6781.390000
6781.390000
6781.390000
6781.390000
6781.390000
6781.390000
6781.390000
6781.390000
6781.390000
6781.390000
6781.390000
6781.390000
6781.390000
6781.390000
6781.390000
6781.390000
6781.390000
6781.390000
6781.390000
6781.390000
6781.390000
6781.390000
6781.390000
6781.390000
6781.390000
6781.390000
0.000000
883.042237
0.000000
0.000000
0.000000
0.000000
0.000000
0.000000
0.000000
0.000000
0.000000
0.000000
0.000000
0.000000
0.000000
6781.390000
6781.390000
6781.390000
6781.390000
6781.390000
6781.390000
6781.390000
6781.390000
6781.390000
6781.390000
6781.390000
6781.390000
6781.390000
6781.390000
6781.390000
6781.390000
6781.390000
6781.390000
6781.390000
6781.390000
6781.390000
6781.390000
6781.390000
6781.390000
6781.390000
6781.390000
6781.390000
6781.390000
6781.390000
6781.390000
6781.390000
6781.390000
6781.390000
6781.390000
6781.390000
6781.390000
6781.390000
6781.390000
3364.296807
0.000000
0.000000
2416.462242
2988.460003
6781.390000
6781.390000
6781.390000
6781.390000
6781.390000
6781.390000
6781.390000
6781.390000
6781.390000
6781.390000
6781.390000
6781.390000
6781.390000
6781.390000
6781.390000
6781.390000
6781.390000
6781.390000
6781.390000
6781.390000
6781.390000
6781.390000
6781.390000
6781.390000
6781.390000
6781.390000
6781.390000
6781.390000
6781.390000
6781.390000
6781.390000
6781.390000
6781.390000
6781.390000
6781.390000
6781.390000
6781.390000
6781.390000
6781.390000
6781.390000
6781.390000
6781.390000
6781.390000
6781.390000
6781.390000
6781.390000
6781.390000
6781.390000
6781.390000
6781.390000
6781.390000
6781.390000
6781.390000
6781.390000
6781.390000
6781.390000
6781.390000
6781.390000
6781.390000
6781.390000
6781.390000
6781.390000
6781.390000
6781.390000
6781.390000
6781.390000
6781.390000
6781.390000
6781.390000
6781.390000
6781.390000
6781.390000
6781.390000
6781.390000
6781.390000
6781.390000
6781.390000
6781.390000
6781.390000
6781.390000
6781.390000
6781.390000
6781.390000
6781.390000
6781.390000
6781.390000
6781.390000
6781.390000
0.000000
1978.251641
0.000000
0.000000
0.000000
0.000000
0.000000
0.000000
3245.768968
4037.325425
6781.390000
6781.390000
6781.390000
6781.390000
6781.390000
6781.390000
6781.390000
6781.390000
6781.390000
6781.390000
6781.390000
6781.390000
6781.390000
6781.390000
6781.390000
6781.390000
6781.390000
6781.390000
6781.390000
6781.390000
6781.390000
6781.390000
6781.390000
6781.390000
6781.390000
6781.390000
6781.390000
6781.390000
6781.390000
6781.390000
6781.390000
6781.390000
6781.390000
6781.390000
6781.390000
6781.390000
6781.390000
6781.390000
6781.390000
6781.390000
6781.390000
6781.390000
6781.390000
6781.390000
6781.390000
6781.390000
6781.390000
6781.390000
6781.390000
6781.390000
6781.390000
6781.390000
6781.390000
6781.390000
6781.390000
6781.390000
6781.390000
6781.390000
6781.390000
6781.390000
6781.390000
6781.390000
6781.390000
6781.390000
6781.390000
6781.390000
6781.390000
6781.390000
6781.390000
6781.390000
6781.390000
6781.390000
6781.390000
6781.390000
6781.390000
6781.390000
6781.390000
6781.390000
6781.390000
6781.390000
6781.390000
6781.390000
6781.390000
6781.390000
6781.390000
6781.390000
6781.390000
6781.390000
6781.390000
6781.390000
6781.390000
6781.390000
6781.390000
6781.390000
6781.390000
6781.390000
6781.390000
6781.390000
6781.390000
6781.390000
6781.390000
6781.390000
6781.390000
6781.390000
6781.390000
6781.390000
6781.390000
6781.390000
6781.390000
6781.390000
6781.390000
6781.390000
6781.390000
6781.390000
6781.390000
6781.390000
6781.390000
6781.390000
6781.390000
6781.390000
6781.390000
6781.390000
6781.390000
6781.390000
6781.390000
6781.390000
6781.390000
6781.390000
6781.390000
6781.390000
6781.390000
6781.390000
6781.390000
6781.390000
6781.390000
6781.390000
6781.390000
6781.390000
6781.390000
6781.390000
6781.390000
6781.390000
6781.390000
6781.390000
6781.390000
6781.390000
6781.390000
6781.390000
6781.390000
6781.390000
6781.390000
6781.390000
6781.390000
6781.390000
6781.390000
6781.390000
6781.390000
6781.390000
6781.390000
6781.390000
6781.390000
6781.390000
6781.390000
6781.390000
6781.390000
6781.390000
6781.390000
6781.390000
6781.390000
6781.390000
6781.390000
6781.390000
6781.390000
6781.390000
6781.390000
6781.390000
6781.390000
6781.390000
6781.390000
6781.390000
6781.390000
6781.390000
6781.390000
6781.390000
6781.390000
6781.390000
6781.390000
6781.390000
6781.390000
6781.390000
6781.390000
6781.390000
6781.390000
1767.172868
3503.325162
58.903170
6781.390000
6781.390000
6781.390000
6781.390000
6781.390000
6781.390000
6781.390000
6781.390000
6781.390000
6781.390000
6781.390000
6781.390000
6781.390000
6781.390000
6781.390000
6781.390000
6781.390000
6781.390000
6781.390000
6781.390000
6781.390000
6781.390000
6781.390000
6781.390000
6781.390000
6781.390000
6781.390000
6781.390000
6781.390000
6781.390000
6781.390000
6781.390000
3425.848995
6444.583245
0.000000
840.206261
0.000000
0.000000
0.000000
0.000000
0.000000
0.000000
2691.576513
3818.861189
4823.379624
5411.511397
6781.390000
6781.390000
6781.390000
6781.390000
6781.390000
6781.390000
6781.390000
6781.390000
6781.390000
6781.390000
6781.390000
6781.390000
6781.390000
6781.390000
6781.390000
6781.390000
6781.390000
6781.390000
6781.390000
6781.390000
6781.390000
6781.390000
6781.390000
6781.390000
6781.390000
6781.390000
6781.390000
6781.390000
6781.390000
6781.390000
6781.390000
6781.390000
6781.390000
6781.390000
6781.390000
6781.390000
6781.390000
6781.390000
6781.390000
6781.390000
6781.390000
6781.390000
6781.390000
6781.390000
6781.390000
6781.390000
6781.390000
6781.390000
6781.390000
6781.390000
6781.390000
6781.390000
6781.390000
6781.390000
6781.390000
6781.390000
6781.390000
6781.390000
6781.390000
6781.390000
6781.390000
6781.390000
6781.390000
6781.390000
6781.390000
6781.390000
6781.390000
6781.390000
6781.390000
6781.390000
6781.390000
6781.390000
6781.390000
6781.390000
6781.390000
6781.390000
6781.390000
6781.390000
6781.390000
6781.390000
6781.390000
6781.390000
6781.390000
6781.390000
6781.390000
6781.390000
6781.390000
6781.390000
6781.390000
6781.390000
6781.390000
6781.390000
6781.390000
6781.390000
6781.390000
6781.390000
6781.390000
6781.390000
6781.390000
6781.390000
6781.390000
6781.390000
6781.390000
6781.390000
6781.390000
6781.390000
6781.390000
6781.390000
6781.390000
6781.390000
6781.390000
6781.390000
6781.390000
6781.390000
6781.390000
6781.390000
6781.390000
6781.390000
6781.390000
6781.390000
6781.390000
6781.390000
6781.390000
6781.390000
6781.390000
6781.390000
6781.390000
6781.390000
6781.390000
6781.390000
6781.390000
6781.390000
6781.390000
6781.390000
6781.390000
6781.390000
6781.390000
6781.390000
6781.390000
6781.390000
6781.390000
6781.390000
6781.390000
6781.390000
6781.390000
6781.390000
6781.390000
6781.390000
6781.390000
6781.390000
6781.390000
6781.390000
6781.390000
6781.390000
6781.390000
6781.390000
6781.390000
6781.390000
6781.390000
6781.390000
6781.390000
6781.390000
6781.390000
6781.390000
6781.390000
6781.390000
6781.390000
6781.390000
6781.390000
6781.390000
6781.390000
6781.390000
6781.390000
6781.390000
6781.390000
6781.390000
6781.390000
6781.390000
6781.390000
6781.390000
5730.945791
6781.390000
4330.276333
5616.091397
0.000000
0.000000
6781.390000
6781.390000
6781.390000
6781.390000
6781.390000
6781.390000
6781.390000
6781.390000
6781.390000
6781.390000
6781.390000
6781.390000
6781.390000
6781.390000
6781.390000
6781.390000
6781.390000
6781.390000
6781.390000
6781.390000
6781.390000
6781.390000
6781.390000
6781.390000
6781.390000
6781.390000
6781.390000
6781.390000
6781.390000
6781.390000
6781.390000
6781.390000
6781.390000
6781.390000
6781.390000
6781.390000
6781.390000
6781.390000
6781.390000
6781.390000
6781.390000
6781.390000
3637.591104
3890.921174
0.000000
0.000000
5757.867674
6588.627182
6781.390000
6781.390000
6781.390000
6781.390000
6781.390000
6781.390000
6781.390000
6781.390000
6781.390000
6781.390000
6781.390000
6781.390000
6781.390000
6781.390000
6781.390000
6781.390000
6781.390000
6781.390000
6781.390000
6781.390000
6781.390000
6781.390000
6781.390000
6781.390000
6781.390000
6781.390000
6781.390000
6781.390000
6781.390000
6781.390000
6781.390000
6781.390000
6781.390000
6781.390000
6781.390000
6781.390000
6781.390000
6781.390000
6781.390000
6781.390000
6781.390000
6781.390000
401.542279
1569.345907
0.000000
0.000000
2261.108617
1069.510171
0.000000
0.000000
5482.428515
5842.673435
6781.390000
6781.390000
6781.390000
6781.390000
6781.390000
6781.390000
6781.390000
6781.390000
6781.390000
6781.390000
6781.390000
6781.390000
6781.390000
6781.390000
6781.390000
6781.390000
6781.390000
6781.390000
6781.390000
6781.390000
6781.390000
6781.390000
6781.390000
6781.390000
6781.390000
6781.390000
6781.390000
6781.390000
6781.390000
6781.390000
6781.390000
6781.390000
6781.390000
6781.390000
6781.390000
6781.390000
6781.390000
6781.390000
6781.390000
6781.390000
6781.390000
6781.390000
6781.390000
6781.390000
6781.390000
6781.390000
6781.390000
6781.390000
6781.390000
6781.390000
6781.390000
6781.390000
6781.390000
6781.390000
6781.390000
6781.390000
6781.390000
6781.390000
6781.390000
6781.390000
6781.390000
6781.390000
6781.390000
6781.390000
6781.390000
6781.390000
6781.390000
6781.390000
6781.390000
6781.390000
6781.390000
6781.390000
6781.390000
6781.390000
6781.390000
6781.390000
6781.390000
6781.390000
6781.390000
6781.390000
6781.390000
6781.390000
6781.390000
6781.390000
6781.390000
6781.390000
6781.390000
6781.390000
6781.390000
6781.390000
6781.390000
6781.390000
6781.390000
6781.390000
6781.390000
6781.390000
6781.390000
6781.390000
6781.390000
6781.390000
6781.390000
6781.390000
6781.390000
6781.390000
6781.390000
6781.390000
6781.390000
6781.390000
6781.390000
6781.390000
6781.390000
6781.390000
6781.390000
6781.390000
6781.390000
6781.390000
6781.390000
6781.390000
6781.390000
6781.390000
6781.390000
6781.390000
6781.390000
6781.390000
6781.390000
6781.390000
6781.390000
6781.390000
6781.390000
6781.390000
6781.390000
6781.390000
6781.390000
6781.390000
6781.390000
6781.390000
6781.390000
6781.390000
6781.390000
6781.390000
6781.390000
6781.390000
6781.390000
6781.390000
6781.390000
6781.390000
6781.390000
6781.390000
6781.390000
6781.390000
6781.390000
6781.390000
6781.390000
6781.390000
6781.390000
6781.390000
6781.390000
6781.390000
6781.390000
6781.390000
6781.390000
6781.390000
6781.390000
6781.390000
6781.390000
6781.390000
6781.390000
6781.390000
6781.390000
6781.390000
6781.390000
6781.390000
6781.390000
6781.390000
6781.390000
6781.390000
6781.390000
6781.390000
6781.390000
6781.390000
6781.390000
6781.390000
6781.390000
6781.390000
6781.390000
6352.606837
0.000000
0.000000
0.000000
0.000000
435.884282
1237.480863
6781.390000
6781.390000
6781.390000
6781.390000
6781.390000
6781.390000
6781.390000
6781.390000
6781.390000
6781.390000
6781.390000
6781.390000
6781.390000
6781.390000
6781.390000
6781.390000
6781.390000
6781.390000
6781.390000
6781.390000
6781.390000
6781.390000
6781.390000
6781.390000
6781.390000
6781.390000
6781.390000
6781.390000
6781.390000
6781.390000
6781.390000
6781.390000
6781.390000
6781.390000
6781.390000
6781.390000
6781.390000
6781.390000
0.000000
0.000000
279.356856
1085.748726
0.000000
0.000000
6781.390000
6781.390000
6781.390000
6781.390000
985.040168
883.063485
6781.390000
6781.390000
6781.390000
6781.390000
6781.390000
6781.390000
6781.390000
6781.390000
6781.390000
6781.390000
6781.390000
6781.390000
6781.390000
6781.390000
6781.390000
6781.390000
6781.390000
6781.390000
6781.390000
6781.390000
6781.390000
6781.390000
6781.390000
6781.390000
6781.390000
6781.390000
6781.390000
6781.390000
6781.390000
6781.390000
6781.390000
6781.390000
6781.390000
6781.390000
6781.390000
6781.390000
4416.139706
3860.910162
6719.104114
6781.390000
6781.390000
6781.390000
6781.390000
6781.390000
6781.390000
6781.390000
6781.390000
6781.390000
6781.390000
6781.390000
6781.390000
6781.390000
6781.390000
6781.390000
6781.390000
6781.390000
6781.390000
6781.390000
6781.390000
6781.390000
6781.390000
6781.390000
6781.390000
6781.390000
6781.390000
6781.390000
6781.390000
6781.390000
6781.390000
6781.390000
6781.390000
6781.390000
6781.390000
6781.390000
6781.390000
6781.390000
6781.390000
6781.390000
6781.390000
6781.390000
6781.390000
6781.390000
6781.390000
6781.390000
6781.390000
6781.390000
6781.390000
6150.611412
4704.814922
3152.758764
772.618089
1219.675255
4570.683292
5473.959286
6781.390000
6781.390000
6781.390000
6781.390000
6781.390000
6781.390000
6781.390000
6781.390000
6781.390000
6781.390000
6781.390000
6781.390000
6781.390000
6781.390000
6781.390000
6781.390000
6781.390000
6781.390000
6781.390000
6781.390000
6781.390000
6781.390000
6781.390000
6781.390000
6781.390000
6781.390000
6781.390000
6781.390000
6781.390000
6781.390000
6781.390000
6781.390000
6781.390000
6781.390000
6781.390000
6781.390000
6781.390000
6781.390000
6781.390000
6781.390000
4970.582553
137.307801
0.000000
0.000000
0.000000
0.000000
541.054572
1597.536785
4382.343754
5203.239426
6781.390000
6781.390000
6781.390000
6781.390000
6781.390000
6781.390000
6781.390000
6781.390000
6781.390000
6781.390000
6781.390000
6781.390000
6781.390000
6781.390000
6781.390000
6781.390000
6781.390000
6781.390000
6781.390000
6781.390000
6781.390000
6781.390000
6781.390000
6781.390000
6781.390000
6781.390000
6781.390000
6781.390000
6781.390000
6781.390000
6781.390000
6781.390000
6781.390000
6781.390000
6781.390000
6781.390000
6781.390000
6781.390000
0.000000
0.000000
0.000000
0.000000
0.000000
0.000000
0.000000
0.000000
6781.390000
6781.390000
6781.390000
6781.390000
6781.390000
6781.390000
6781.390000
6781.390000
6781.390000
6781.390000
6781.390000
6781.390000
6781.390000
6781.390000
6781.390000
6781.390000
6781.390000
6781.390000
6781.390000
6781.390000
6781.390000
6781.390000
6781.390000
6781.390000
6781.390000
6781.390000
6781.390000
6781.390000
6781.390000
6781.390000
6781.390000
6781.390000
6781.390000
6781.390000
6781.390000
6781.390000
6781.390000
6781.390000
811.599725
1597.430250
0.000000
0.000000
0.000000
0.000000
0.000000
0.000000
0.000000
0.000000
0.000000
0.000000
0.000000
6781.390000
6781.390000
6781.390000
6781.390000
6781.390000
6781.390000
6781.390000
6781.390000
6781.390000
6781.390000
6781.390000
6781.390000
6781.390000
6781.390000
6781.390000
6781.390000
6781.390000
6781.390000
6781.390000
6781.390000
6781.390000
6781.390000
6781.390000
6781.390000
6781.390000
6781.390000
6781.390000
6781.390000
6781.390000
6781.390000
6781.390000
6781.390000
6781.390000
6781.390000
6781.390000
0.000000
0.000000
0.000000
0.000000
0.000000
0.000000
0.000000
0.000000
0.000000
0.000000
0.000000
0.000000
3776.448818
6564.512623
6781.390000
6781.390000
6781.390000
6781.390000
6781.390000
6781.390000
6781.390000
6781.390000
6781.390000
6781.390000
6781.390000
6781.390000
6781.390000
6781.390000
6781.390000
6781.390000
6781.390000
6781.390000
6781.390000
6781.390000
6781.390000
6781.390000
6781.390000
6781.390000
6781.390000
6781.390000
6781.390000
6781.390000
6781.390000
6781.390000
6781.390000
6781.390000
656.084527
1675.908062
0.000000
0.000000
0.000000
0.000000
0.000000
0.000000
0.000000
0.000000
0.000000
0.000000
0.000000
0.000000
0.000000
6781.390000
6781.390000
6781.390000
6781.390000
6781.390000
6781.390000
6781.390000
6781.390000
6781.390000
6781.390000
6781.390000
6781.390000
6781.390000
6781.390000
6781.390000
6781.390000
6781.390000
6781.390000
6781.390000
6781.390000
6781.390000
6781.390000
6781.390000
6781.390000
6781.390000
6781.390000
6781.390000
6781.390000
6781.390000
6781.390000
6781.390000
6781.390000
6781.390000
6781.390000
6781.390000
0.000000
0.000000
0.000000
0.000000
0.000000
0.000000
5747.472407
6781.390000
6781.390000
6781.390000
6781.390000
6781.390000
6781.390000
6781.390000
6781.390000
6781.390000
6781.390000
6781.390000
6781.390000
6781.390000
6781.390000
6781.390000
6781.390000
6781.390000
6781.390000
6781.390000
6781.390000
6781.390000
6781.390000
6781.390000
6781.390000
6781.390000
6781.390000
6781.390000
6781.390000
6781.390000
6781.390000
6781.390000
6781.390000
6781.390000
6781.390000
6781.390000
6781.390000
6781.390000
6781.390000
6781.390000
6781.390000
6781.390000
6781.390000
6781.390000
4398.590138
199.737086
0.000000
0.000000
5893.325764
6513.984219
6781.390000
6781.390000
6781.390000
6781.390000
6781.390000
6781.390000
6781.390000
6781.390000
6781.390000
6781.390000
6781.390000
6781.390000
6781.390000
6781.390000
6781.390000
6781.390000
6781.390000
6781.390000
6781.390000
6781.390000
6781.390000
6781.390000
6781.390000
6781.390000
6781.390000
6781.390000
6781.390000
6781.390000
6781.390000
6781.390000
6781.390000
6781.390000
6781.390000
6781.390000
6781.390000
6781.390000
6781.390000
6781.390000
6781.390000
6781.390000
6781.390000
6781.390000
6781.390000
6781.390000
6781.390000
6781.390000
6781.390000
6781.390000
6781.390000
6781.390000
6781.390000
6781.390000
6781.390000
6781.390000
6781.390000
6781.390000
6781.390000
6781.390000
6781.390000
6781.390000
6781.390000
6781.390000
6781.390000
6781.390000
6781.390000
6781.390000
6781.390000
6781.390000
6781.390000
6781.390000
6781.390000
6781.390000
6781.390000
6781.390000
6781.390000
6781.390000
6781.390000
6781.390000
6781.390000
6781.390000
6781.390000
6781.390000
6781.390000
6781.390000
6781.390000
6781.390000
6781.390000
6781.390000
6781.390000
6781.390000
6781.390000
6781.390000
6781.390000
6781.390000
6781.390000
6781.390000
6781.390000
6781.390000
6781.390000
6781.390000
6781.390000
6781.390000
6781.390000
6781.390000
6781.390000
6781.390000
6781.390000
6781.390000
6781.390000
6781.390000
6781.390000
6781.390000
6781.390000
6781.390000
6781.390000
6781.390000
6781.390000
6781.390000
6781.390000
6781.390000
6781.390000
6781.390000
6781.390000
6781.390000
6781.390000
6781.390000
6781.390000
6781.390000
6781.390000
6781.390000
6781.390000
6781.390000
6781.390000
6781.390000
6781.390000
6781.390000
6781.390000
6781.390000
6781.390000
6781.390000
6781.390000
6781.390000
6781.390000
6781.390000
6781.390000
6781.390000
6781.390000
6781.390000
6781.390000
6781.390000
6781.390000
6781.390000
6781.390000
6781.390000
6781.390000
6781.390000
6781.390000
6781.390000
6781.390000
6781.390000
6781.390000
6781.390000
6781.390000
6781.390000
6781.390000
6781.390000
6781.390000
6781.390000
6781.390000
6781.390000
6781.390000
6781.390000
6781.390000
6781.390000
6781.390000
6781.390000
6781.390000
6781.390000
6781.390000
6781.390000
6781.390000
6781.390000
6781.390000
6781.390000
6781.390000
6781.390000
6781.390000
6781.390000
6781.390000
6781.390000
6781.390000
6781.390000
6781.390000
6781.390000
6781.390000
6781.390000
6781.390000
6781.390000
6781.390000
6781.390000
6781.390000
6781.390000
6781.390000
6781.390000
6781.390000
6781.390000
6781.390000
6781.390000
6781.390000
6781.390000
6781.390000
6781.390000
6781.390000
6781.390000
6781.390000
6781.390000
6781.390000
6781.390000
6781.390000
6781.390000
6781.390000
6781.390000
6781.390000
6781.390000
6781.390000
6781.390000
6781.390000
6781.390000
6781.390000
6781.390000
6781.390000
6781.390000
6781.390000
6781.390000
5250.596669
6687.341502
2958.694972
4423.003280
1811.965981
3568.520132
6781.390000
6520.293872
6781.390000
6781.390000
6781.390000
6781.390000
6781.390000
6781.390000
6781.390000
6781.390000
6781.390000
6781.390000
6781.390000
6781.390000
6781.390000
6781.390000
6781.390000
6781.390000
6781.390000
6781.390000
6781.390000
6781.390000
6781.390000
6781.390000
6781.390000
6781.390000
6781.390000
6781.390000
6781.390000
6781.390000
6781.390000
6781.390000
6781.390000
6781.390000
6781.390000
6781.390000
6781.390000
6781.390000
6781.390000
6781.390000
6781.390000
6781.390000
1729.498936
3439.224875
5945.302259
6781.390000
5023.819042
6759.870387
6781.390000
6781.390000
6781.390000
6781.390000
6781.390000
6781.390000
6781.390000
6781.390000
6781.390000
6781.390000
6781.390000
6781.390000
6781.390000
6781.390000
6781.390000
6781.390000
6781.390000
6781.390000
6781.390000
6781.390000
6781.390000
6781.390000
6781.390000
6781.390000
6781.390000
6781.390000
6781.390000
6781.390000
6781.390000
6781.390000
6781.390000
6781.390000
6781.390000
6781.390000
6781.390000
6781.390000
6781.390000
6781.390000
6781.390000
6781.390000
6781.390000
6781.390000
6781.390000
6781.390000
6781.390000
6781.390000
6781.390000
6781.390000
6781.390000
6781.390000
6781.390000
6781.390000
6781.390000
6781.390000
6781.390000
6781.390000
6781.390000
6781.390000
6781.390000
6781.390000
6781.390000
6781.390000
6781.390000
6781.390000
6781.390000
6781.390000
6781.390000
6781.390000
6781.390000
6781.390000
6781.390000
6781.390000
6781.390000
6781.390000
6781.390000
6781.390000
6781.390000
6781.390000
6781.390000
6781.390000
6781.390000
6781.390000
6781.390000
6781.390000
6781.390000
6781.390000
6781.390000
6781.390000
5324.466649
6715.509275
0.000000
0.000000
0.000000
0.000000
0.000000
0.000000
0.000000
0.000000
0.000000
0.000000
0.000000
6781.390000
6781.390000
6781.390000
6781.390000
6781.390000
6781.390000
6781.390000
6781.390000
6781.390000
6781.390000
6781.390000
6781.390000
6781.390000
6781.390000
6781.390000
6781.390000
6781.390000
6781.390000
6781.390000
6781.390000
6781.390000
6781.390000
6781.390000
6781.390000
6781.390000
6781.390000
6781.390000
6781.390000
6781.390000
6781.390000
6781.390000
6781.390000
6781.390000
6781.390000
6781.390000
6781.390000
6781.390000
6781.390000
6781.390000
6781.390000
6781.390000
6781.390000
6781.390000
6781.390000
6781.390000
6781.390000
6781.390000
6781.390000
6781.390000
6781.390000
6781.390000
6781.390000
6781.390000
6781.390000
6781.390000
6781.390000
6781.390000
6781.390000
6781.390000
6781.390000
6781.390000
6781.390000
6781.390000
6781.390000
6781.390000
6781.390000
6781.390000
6781.390000
6781.390000
6781.390000
6781.390000
6781.390000
6781.390000
6781.390000
6781.390000
6781.390000
6781.390000
6781.390000
6781.390000
6781.390000
6781.390000
6781.390000
6781.390000
6781.390000
6781.390000
6781.390000
6781.390000
6781.390000
6781.390000
6781.390000
6781.390000
6781.390000
6781.390000
6781.390000
6781.390000
6781.390000
6781.390000
6781.390000
6781.390000
6781.390000
6781.390000
6781.390000
6781.390000
6781.390000
6781.390000
6781.390000
6781.390000
6781.390000
6781.390000
6781.390000
6781.390000
6781.390000
6781.390000
6781.390000
6781.390000
6781.390000
6781.390000
6781.390000
6781.390000
6781.390000
6781.390000
6781.390000
6781.390000
6781.390000
6781.390000
6781.390000
6781.390000
6781.390000
6781.390000
6781.390000
6781.390000
6781.390000
6781.390000
6781.390000
6781.390000
6781.390000
6781.390000
6781.390000
6781.390000
6781.390000
6781.390000
6781.390000
6781.390000
6781.390000
6781.390000
6781.390000
6781.390000
6781.390000
6781.390000
6781.390000
6781.390000
6781.390000
6781.390000
6781.390000
6781.390000
6781.390000
6781.390000
6781.390000
6781.390000
6781.390000
6781.390000
6781.390000
6781.390000
6781.390000
6781.390000
6781.390000
6781.390000
6781.390000
6781.390000
6781.390000
6781.390000
6781.390000
6781.390000
6781.390000
6781.390000
6781.390000
6781.390000
6781.390000
6781.390000
6781.390000
6781.390000
6781.390000
6781.390000
6781.390000
6781.390000
6781.390000
6781.390000
6781.390000
6781.390000
6781.390000
6781.390000
6781.390000
6781.390000
6781.390000
6781.390000
6781.390000
6781.390000
6781.390000
6781.390000
6781.390000
6781.390000
6781.390000
6781.390000
6781.390000
6781.390000
6781.390000
6781.390000
6781.390000
6781.390000
6781.390000
6781.390000
6781.390000
6781.390000
6781.390000
6781.390000
6781.390000
6781.390000
6781.390000
6781.390000
6781.390000
6781.390000
6781.390000
6781.390000
6781.390000
6781.390000
6781.390000
6781.390000
6781.390000
6781.390000
6781.390000
6781.390000
6781.390000
6781.390000
6781.390000
6781.390000
6781.390000
6781.390000
6781.390000
6781.390000
6781.390000
6781.390000
6781.390000
6781.390000
6781.390000
6781.390000
6781.390000
6781.390000
6781.390000
6781.390000
6781.390000
6781.390000
6781.390000
6781.390000
6781.390000
6781.390000
6781.390000
6781.390000
6781.390000
6781.390000
6781.390000
6781.390000
6781.390000
6781.390000
6781.390000
6781.390000
6781.390000
6781.390000
6781.390000
6781.390000
6781.390000
6781.390000
6781.390000
6781.390000
6781.390000
6781.390000
6781.390000
6781.390000
6781.390000
6781.390000
6781.390000
6781.390000
6781.390000
6781.390000
6781.390000
6781.390000
6781.390000
6781.390000
6781.390000
6781.390000
6781.390000
6781.390000
6781.390000
6781.390000
6781.390000
6781.390000
6781.390000
6781.390000
6781.390000
6781.390000
6781.390000
6781.390000
6781.390000
6781.390000
6781.390000
6781.390000
6781.390000
6781.390000
6781.390000
6781.390000
6781.390000
6781.390000
6781.390000
6781.390000
6781.390000
6781.390000
6781.390000
6781.390000
6781.390000
6781.390000
6781.390000
6781.390000
6781.390000
6781.390000
6781.390000
6781.390000
6781.390000
6781.390000
6781.390000
6781.390000
6781.390000
6781.390000
6781.390000
6781.390000
6781.390000
6781.390000
6781.390000
6781.390000
6781.390000
6781.390000
6781.390000
6781.390000
6781.390000
6781.390000
6781.390000
6781.390000
6781.390000
6781.390000
6781.390000
6781.390000
6781.390000
6781.390000
6781.390000
6781.390000
6781.390000
6781.390000
6781.390000
6781.390000
6781.390000
6781.390000
6781.390000
6781.390000
6781.390000
6781.390000
6781.390000
6781.390000
6781.390000
6781.390000
6781.390000
6781.390000
6781.390000
6781.390000
6781.390000
6781.390000
6781.390000
6781.390000
6781.390000
6781.390000
6781.390000
6781.390000
6781.390000
6781.390000
6781.390000
6781.390000
6781.390000
6781.390000
6781.390000
6781.390000
6781.390000
6781.390000
6781.390000
6781.390000
6781.390000
6781.390000
6781.390000
6781.390000
6781.390000
6781.390000
6781.390000
6781.390000
6781.390000
6781.390000
6781.390000
6781.390000
6781.390000
6781.390000
6781.390000
6781.390000
6781.390000
6781.390000
6781.390000
6781.390000
6781.390000
6781.390000
6781.390000
6781.390000
6781.390000
6781.390000
6781.390000
6781.390000
6781.390000
6781.390000
6781.390000
6781.390000
6781.390000
6781.390000
6781.390000
6781.390000
6781.390000
6781.390000
6781.390000
6781.390000
6781.390000
6781.390000
6781.390000
6781.390000
6781.390000
6781.390000
6781.390000
6781.390000
6781.390000
6781.390000
6781.390000
6781.390000
6781.390000
6781.390000
6781.390000
6781.390000
6781.390000
6781.390000
6781.390000
6781.390000
6781.390000
6781.390000
6781.390000
6781.390000
6781.390000
6781.390000
6781.390000
6781.390000
6781.390000
6781.390000
6781.390000
6781.390000
6781.390000
6781.390000
6781.390000
6781.390000
6781.390000
6781.390000
6781.390000
6781.390000
6781.390000
6781.390000
6781.390000
6781.390000
6781.390000
6781.390000
6781.390000
6781.390000
6781.390000
6781.390000
6781.390000
6781.390000
6781.390000
6781.390000
6781.390000
6781.390000
6781.390000
6781.390000
6781.390000
6781.390000
6781.390000
6781.390000
6781.390000
6781.390000
6781.390000
6781.390000
6781.390000
6781.390000
6781.390000
6781.390000
6781.390000
6781.390000
6781.390000
6781.390000
6781.390000
6781.390000
6781.390000
6781.390000
6781.390000
6781.390000
6781.390000
6781.390000
6781.390000
6781.390000
6781.390000
6781.390000
6781.390000
6781.390000
6781.390000
6781.390000
6781.390000
6781.390000
6781.390000
6781.390000
6781.390000
6781.390000
6781.390000
6781.390000
6781.390000
6781.390000
6781.390000
6781.390000
6781.390000
6781.390000
6781.390000
6781.390000
6781.390000
6781.390000
6781.390000
6781.390000
6781.390000
6781.390000
6781.390000
6781.390000
6781.390000
6781.390000
6781.390000
6781.390000
6781.390000
6781.390000
6781.390000
6781.390000
6781.390000
6781.390000
6781.390000
6781.390000
6781.390000
6781.390000
6781.390000
6781.390000
6781.390000
6781.390000
6781.390000
6781.390000
6781.390000
6781.390000
6781.390000
6781.390000
6781.390000
6781.390000
6781.390000
6781.390000
6781.390000
6781.390000
6781.390000
6781.390000
6781.390000
6781.390000
6781.390000
6781.390000
6781.390000
6781.390000
6781.390000
6781.390000
6781.390000
6781.390000
6781.390000
6781.390000
6781.390000
6781.390000
6781.390000
6781.390000
6781.390000
6781.390000
6781.390000
6781.390000
6781.390000
6781.390000
6781.390000
6781.390000
6781.390000
6781.390000
6781.390000
6781.390000
6781.390000
6781.390000
6781.390000
6781.390000
6781.390000
6781.390000
5392.163349
6662.243182
0.000000
0.000000
356.199881
599.752681
537.814477
1512.572646
2883.051146
2777.310462
841.071070
944.099971
5976.341987
6781.390000
6781.390000
6781.390000
6781.390000
6781.390000
6781.390000
6781.390000
6781.390000
6781.390000
6781.390000
6781.390000
6781.390000
6781.390000
6781.390000
6781.390000
6781.390000
6781.390000
6781.390000
6781.390000
6781.390000
6781.390000
6781.390000
6781.390000
6781.390000
6781.390000
6781.390000
6781.390000
6781.390000
6781.390000
6781.390000
6781.390000
6781.390000
6781.390000
6781.390000
6781.390000
6781.390000
6781.390000
1153.670929
0.000000
0.000000
0.000000
0.000000
0.000000
0.000000
0.000000
472.943434
1194.290411
4719.367153
6781.390000
6781.390000
6781.390000
6781.390000
6781.390000
6781.390000
6781.390000
6781.390000
6781.390000
6781.390000
6781.390000
6781.390000
6781.390000
6781.390000
6781.390000
6781.390000
6781.390000
6781.390000
6781.390000
6781.390000
6781.390000
6781.390000
6781.390000
6781.390000
6781.390000
6781.390000
6781.390000
6781.390000
6781.390000
6781.390000
6781.390000
6781.390000
6781.390000
6781.390000
6781.390000
6781.390000
6781.390000
6781.390000
3741.092319
0.000000
0.000000
0.000000
0.000000
966.721205
1816.247715
6781.390000
6781.390000
6781.390000
6781.390000
6781.390000
6781.390000
6781.390000
6781.390000
6781.390000
6781.390000
6781.390000
6781.390000
6781.390000
6781.390000
6781.390000
6781.390000
6781.390000
6781.390000
6781.390000
6781.390000
6781.390000
6781.390000
6781.390000
6781.390000
6781.390000
6781.390000
6781.390000
6781.390000
6781.390000
6781.390000
6781.390000
6781.390000
6781.390000
6781.390000
6781.390000
6781.390000
6781.390000
6781.390000
6781.390000
6781.390000
6781.390000
6781.390000
596.846427
0.000000
0.000000
0.000000
953.488165
1741.583261
6781.390000
6781.390000
6781.390000
6781.390000
6781.390000
6781.390000
6781.390000
6781.390000
6781.390000
6781.390000
6781.390000
6781.390000
6781.390000
6781.390000
6781.390000
6781.390000
6781.390000
6781.390000
6781.390000
6781.390000
6781.390000
6781.390000
6781.390000
6781.390000
6781.390000
6781.390000
6781.390000
6781.390000
6781.390000
6781.390000
6781.390000
6781.390000
6781.390000
6781.390000
6781.390000
6781.390000
6781.390000
6781.390000
6781.390000
6781.390000
6781.390000
6781.390000
6781.390000
6781.390000
6781.390000
6781.390000
6781.390000
6781.390000
6781.390000
6781.390000
6781.390000
6781.390000
6781.390000
6781.390000
6781.390000
6781.390000
6781.390000
6781.390000
6781.390000
6781.390000
6781.390000
6781.390000
6781.390000
6781.390000
6781.390000
6781.390000
6781.390000
6781.390000
6781.390000
6781.390000
6781.390000
6781.390000
6781.390000
6781.390000
6781.390000
6781.390000
6781.390000
6781.390000
6781.390000
6781.390000
6781.390000
6781.390000
6781.390000
6781.390000
6781.390000
6781.390000
6781.390000
6781.390000
6781.390000
6781.390000
6781.390000
6781.390000
6781.390000
6781.390000
6781.390000
6781.390000
6781.390000
6781.390000
6781.390000
6781.390000
6781.390000
6781.390000
6781.390000
6781.390000
6781.390000
6781.390000
6781.390000
6781.390000
6781.390000
6781.390000
6781.390000
6781.390000
6781.390000
6781.390000
6781.390000
6781.390000
6781.390000
6781.390000
6781.390000
6781.390000
6781.390000
6781.390000
6781.390000
6781.390000
6781.390000
6781.390000
6781.390000
6781.390000
6781.390000
6781.390000
6781.390000
6781.390000
6781.390000
6781.390000
6719.793984
6781.390000
0.000000
0.000000
0.000000
0.000000
6773.688828
6781.390000
1890.748845
1034.139060
6781.390000
6781.390000
6781.390000
6781.390000
6781.390000
6781.390000
6781.390000
6781.390000
6781.390000
6781.390000
6781.390000
6781.390000
6781.390000
6781.390000
6781.390000
6781.390000
6781.390000
6781.390000
6781.390000
6781.390000
6781.390000
6781.390000
6781.390000
6781.390000
6781.390000
6781.390000
6781.390000
6781.390000
6781.390000
6781.390000
6781.390000
6781.390000
6781.390000
6781.390000
6781.390000
6781.390000
6781.390000
6781.390000
6781.390000
6781.390000
388.736533
0.000000
0.000000
0.000000
6781.390000
6781.390000
6781.390000
6781.390000
6781.390000
6781.390000
6781.390000
6781.390000
6781.390000
6781.390000
6781.390000
6781.390000
6781.390000
6781.390000
6781.390000
6781.390000
6781.390000
6781.390000
6781.390000
6781.390000
6781.390000
6781.390000
6781.390000
6781.390000
6781.390000
6781.390000
6781.390000
6781.390000
6781.390000
6781.390000
6781.390000
6781.390000
6781.390000
6781.390000
6781.390000
6781.390000
6781.390000
6781.390000
6781.390000
6781.390000
6781.390000
6781.390000
6781.390000
6781.390000
5488.437111
0.000000
0.000000
0.000000
0.000000
0.000000
0.000000
0.000000
6781.390000
6781.390000
6781.390000
6781.390000
6781.390000
6781.390000
6781.390000
6781.390000
6781.390000
6781.390000
6781.390000
6781.390000
6781.390000
6781.390000
6781.390000
6781.390000
6781.390000
6781.390000
6781.390000
6781.390000
6781.390000
6781.390000
6781.390000
6781.390000
6781.390000
6781.390000
6781.390000
6781.390000
6781.390000
6781.390000
6781.390000
6781.390000
6781.390000
6781.390000
6781.390000
6781.390000
6781.390000
6781.390000
6781.390000
6781.390000
6781.390000
6781.390000
6781.390000
6781.390000
2438.895566
2603.287460
6781.390000
6781.390000
6781.390000
6781.390000
6781.390000
6781.390000
6781.390000
6781.390000
6781.390000
6781.390000
6781.390000
6781.390000
6781.390000
6781.390000
6781.390000
6781.390000
6781.390000
6781.390000
6781.390000
6781.390000
6781.390000
6781.390000
6781.390000
6781.390000
6781.390000
6781.390000
6781.390000
6781.390000
6781.390000
6781.390000
6781.390000
6781.390000
6781.390000
6781.390000
6781.390000
6781.390000
6781.390000
6781.390000
6781.390000
6781.390000
6781.390000
6781.390000
6781.390000
6781.390000
6781.390000
6781.390000
0.000000
0.000000
5141.850388
5832.748500
5808.662612
6495.354802
6781.390000
6781.390000
6781.390000
6781.390000
6781.390000
6781.390000
6781.390000
6781.390000
6781.390000
6781.390000
6781.390000
6781.390000
6781.390000
6781.390000
6781.390000
6781.390000
6781.390000
6781.390000
6781.390000
6781.390000
6781.390000
6781.390000
6781.390000
6781.390000
6781.390000
6781.390000
6781.390000
6781.390000
6781.390000
6781.390000
6781.390000
6781.390000
6781.390000
6781.390000
6781.390000
6781.390000
6781.390000
6781.390000
6781.390000
6781.390000
6781.390000
6781.390000
6781.390000
6781.390000
6781.390000
6781.390000
6781.390000
6781.390000
6781.390000
6781.390000
6781.390000
6781.390000
6781.390000
6781.390000
6781.390000
6781.390000
6781.390000
6781.390000
6781.390000
6781.390000
6781.390000
6781.390000
6781.390000
6781.390000
6781.390000
6781.390000
6781.390000
6781.390000
6781.390000
6781.390000
6781.390000
6781.390000
6781.390000
6781.390000
6781.390000
6781.390000
6781.390000
6781.390000
6781.390000
6781.390000
6781.390000
6781.390000
6781.390000
6781.390000
6781.390000
6781.390000
6781.390000
6781.390000
6781.390000
6781.390000
6781.390000
6781.390000
6781.390000
6781.390000
6781.390000
6781.390000
6781.390000
6781.390000
6781.390000
6781.390000
6781.390000
6781.390000
6781.390000
6781.390000
6781.390000
6781.390000
6781.390000
6781.390000
6781.390000
6781.390000
6781.390000
6781.390000
6781.390000
6781.390000
6781.390000
6781.390000
6781.390000
6781.390000
6781.390000
6781.390000
6781.390000
6781.390000
6781.390000
6781.390000
6781.390000
6781.390000
6781.390000
6781.390000
6781.390000
6781.390000
6781.390000
6781.390000
6781.390000
6781.390000
6781.390000
6781.390000
6781.390000
6781.390000
6781.390000
6781.390000
6781.390000
6781.390000
6781.390000
6781.390000
6781.390000
6781.390000
6781.390000
6781.390000
6781.390000
6781.390000
6781.390000
6781.390000
6781.390000
6781.390000
6781.390000
6781.390000
6781.390000
6781.390000
6781.390000
6781.390000
6781.390000
6781.390000
6781.390000
6781.390000
6781.390000
6781.390000
6781.390000
6781.390000
6781.390000
6781.390000
6781.390000
6781.390000
6781.390000
6781.390000
6781.390000
6781.390000
6781.390000
6781.390000
6781.390000
6781.390000
6781.390000
6781.390000
6781.390000
6781.390000
6781.390000
6781.390000
6781.390000
6781.390000
6504.600627
6781.390000
6781.390000
6781.390000
6781.390000
6781.390000
6781.390000
6781.390000
6781.390000
6781.390000
6781.390000
6781.390000
6781.390000
6781.390000
6781.390000
6781.390000
6781.390000
6781.390000
6781.390000
6781.390000
6781.390000
6781.390000
6781.390000
6781.390000
6781.390000
6781.390000
6781.390000
6781.390000
6781.390000
6781.390000
6781.390000
6781.390000
6781.390000
6781.390000
6781.390000
6781.390000
6781.390000
6781.390000
6781.390000
6781.390000
6781.390000
6781.390000
6781.390000
6781.390000
4001.292159
1974.252521
0.000000
0.000000
0.000000
0.000000
0.000000
0.000000
6125.679524
6781.390000
6781.390000
6781.390000
6781.390000
6781.390000
6781.390000
6781.390000
6781.390000
6781.390000
6781.390000
6781.390000
6781.390000
6781.390000
6781.390000
6781.390000
6781.390000
6781.390000
6781.390000
6781.390000
6781.390000
6781.390000
6781.390000
6781.390000
6781.390000
6781.390000
6781.390000
6781.390000
6781.390000
6781.390000
6781.390000
6781.390000
6781.390000
6781.390000
6781.390000
6781.390000
6781.390000
6781.390000
6781.390000
955.645289
0.000000
0.000000
0.000000
0.000000
0.000000
0.000000
0.000000
0.000000
0.000000
0.000000
1368.284894
4923.463112
6781.390000
6781.390000
6781.390000
6781.390000
6781.390000
6781.390000
6781.390000
6781.390000
6781.390000
6781.390000
6781.390000
6781.390000
6781.390000
6781.390000
6781.390000
6781.390000
6781.390000
6781.390000
6781.390000
6781.390000
6781.390000
6781.390000
6781.390000
6781.390000
6781.390000
6781.390000
6781.390000
6781.390000
6781.390000
6781.390000
6781.390000
6781.390000
0.000000
864.792511
0.000000
0.000000
0.000000
0.000000
0.000000
0.000000
0.000000
0.000000
2062.450192
3020.334642
6596.754676
4944.057907
6781.390000
6781.390000
6781.390000
6781.390000
6781.390000
6781.390000
6781.390000
6781.390000
6781.390000
6781.390000
6781.390000
6781.390000
6781.390000
6781.390000
6781.390000
6781.390000
6781.390000
6781.390000
6781.390000
6781.390000
6781.390000
6781.390000
6781.390000
6781.390000
6781.390000
6781.390000
6781.390000
6781.390000
6781.390000
6781.390000
6781.390000
6781.390000
6781.390000
6781.390000
6781.390000
6781.390000
6781.390000
5324.973887
0.000000
0.000000
0.000000
0.000000
0.000000
0.000000
0.000000
0.000000
6015.649679
6781.390000
6781.390000
6781.390000
6781.390000
6781.390000
6781.390000
6781.390000
6781.390000
6781.390000
6781.390000
6781.390000
6781.390000
6781.390000
6781.390000
6781.390000
6781.390000
6781.390000
6781.390000
6781.390000
6781.390000
6781.390000
6781.390000
6781.390000
6781.390000
6781.390000
6781.390000
6781.390000
6781.390000
6781.390000
6781.390000
6781.390000
6781.390000
6781.390000
6781.390000
6781.390000
6781.390000
6781.390000
6781.390000
6781.390000
6781.390000
6781.390000
6781.390000
6781.390000
6781.390000
6781.390000
6781.390000
6781.390000
6781.390000
6781.390000
6781.390000
6781.390000
6781.390000
6781.390000
6781.390000
6781.390000
6781.390000
6781.390000
6781.390000
6781.390000
6781.390000
6781.390000
6781.390000
6781.390000
6781.390000
6781.390000
6781.390000
6781.390000
6781.390000
6781.390000
6781.390000
6781.390000
6781.390000
6781.390000
6781.390000
6781.390000
6781.390000
6781.390000
6781.390000
6781.390000
6781.390000
6781.390000
0.000000
543.134389
0.000000
0.000000
0.000000
0.000000
0.000000
0.000000
0.000000
0.000000
0.000000
0.000000
0.000000
0.000000
4480.081988
6781.390000
6781.390000
6781.390000
6781.390000
6781.390000
6781.390000
6781.390000
6781.390000
6781.390000
6781.390000
6781.390000
6781.390000
6781.390000
6781.390000
6781.390000
6781.390000
6781.390000
6781.390000
6781.390000
6781.390000
6781.390000
6781.390000
6781.390000
6781.390000
6781.390000
6781.390000
6781.390000
6781.390000
6781.390000
6781.390000
6781.390000
6781.390000
6781.390000
6781.390000
6781.390000
6781.390000
6781.390000
6781.390000
4067.675308
6370.743878
5233.752561
3611.580191
3894.916044
5700.480564
6220.176209
6781.390000
6781.390000
6781.390000
6781.390000
6781.390000
6781.390000
6781.390000
6781.390000
6781.390000
6781.390000
6781.390000
6781.390000
6781.390000
6781.390000
6781.390000
6781.390000
6781.390000
6781.390000
6781.390000
6781.390000
6781.390000
6781.390000
6781.390000
6781.390000
6781.390000
6781.390000
6781.390000
6781.390000
6781.390000
6781.390000
6781.390000
6781.390000
6781.390000
6781.390000
6781.390000
6781.390000
6781.390000
6781.390000
6781.390000
6781.390000
5682.481658
0.000000
0.000000
0.000000
0.000000
0.000000
0.000000
0.000000
0.000000
0.000000
2394.958419
5893.146035
6781.390000
6781.390000
6781.390000
6781.390000
6781.390000
6781.390000
6781.390000
6781.390000
6781.390000
6781.390000
6781.390000
6781.390000
6781.390000
6781.390000
6781.390000
6781.390000
6781.390000
6781.390000
6781.390000
6781.390000
6781.390000
6781.390000
6781.390000
6781.390000
6781.390000
6781.390000
6781.390000
6781.390000
6781.390000
6781.390000
6781.390000
6781.390000
6781.390000
6781.390000
6781.390000
6781.390000
6781.390000
6781.390000
6781.390000
6781.390000
6781.390000
6781.390000
6781.390000
6781.390000
6781.390000
6781.390000
6781.390000
3350.211270
6781.390000
6781.390000
6781.390000
6781.390000
6781.390000
6781.390000
6781.390000
6781.390000
6781.390000
6781.390000
6781.390000
6781.390000
6781.390000
6781.390000
6781.390000
6781.390000
6781.390000
6781.390000
6781.390000
6781.390000
6781.390000
6781.390000
6781.390000
6781.390000
6781.390000
6781.390000
6781.390000
6781.390000
6781.390000
6781.390000
6781.390000
6781.390000
6781.390000
6781.390000
6781.390000
6781.390000
6781.390000
2456.280646
0.000000
0.000000
0.000000
0.000000
6781.390000
6781.390000
6781.390000
6781.390000
6781.390000
6781.390000
6781.390000
6781.390000
6781.390000
6781.390000
6781.390000
6781.390000
6781.390000
6781.390000
6781.390000
6781.390000
6781.390000
6781.390000
6781.390000
6781.390000
6781.390000
6781.390000
6781.390000
6781.390000
6781.390000
6781.390000
6781.390000
6781.390000
6781.390000
6781.390000
6781.390000
6781.390000
6781.390000
6781.390000
6781.390000
6781.390000
6781.390000
6781.390000
6781.390000
6781.390000
6781.390000
6781.390000
6781.390000
6781.390000
6781.390000
6781.390000
2921.478601
2882.923540
6465.795024
6717.235170
6781.390000
6781.390000
6781.390000
6781.390000
6781.390000
6781.390000
6781.390000
6781.390000
6781.390000
6781.390000
6781.390000
6781.390000
6781.390000
6781.390000
6781.390000
6781.390000
6781.390000
6781.390000
6781.390000
6781.390000
6781.390000
6781.390000
6781.390000
6781.390000
6781.390000
6781.390000
6781.390000
6781.390000
6781.390000
6781.390000
6781.390000
6781.390000
6781.390000
6781.390000
6781.390000
6781.390000
6781.390000
6781.390000
6781.390000
6781.390000
6781.390000
6781.390000
5103.328659
4875.771640
4021.314478
5141.825581
6587.705863
5777.798020
6719.611291
6482.855754
6781.390000
6781.390000
6781.390000
6781.390000
6781.390000
6781.390000
6781.390000
6781.390000
6781.390000
6781.390000
6781.390000
6781.390000
6781.390000
6781.390000
6781.390000
6781.390000
6781.390000
6781.390000
6781.390000
6781.390000
6781.390000
6781.390000
6781.390000
6781.390000
6781.390000
6781.390000
6781.390000
6781.390000
6781.390000
6781.390000
6781.390000
6781.390000
6781.390000
6781.390000
6781.390000
6781.390000
0.000000
355.958211
1209.939155
1303.798299
6781.390000
6781.390000
5663.294695
6781.390000
6781.390000
6781.390000
6781.390000
6781.390000
6781.390000
6781.390000
6781.390000
6781.390000
6781.390000
6781.390000
6781.390000
6781.390000
6781.390000
6781.390000
6781.390000
6781.390000
6781.390000
6781.390000
6781.390000
6781.390000
6781.390000
6781.390000
6781.390000
6781.390000
6781.390000
6781.390000
6781.390000
6781.390000
6781.390000
6781.390000
6781.390000
6781.390000
6781.390000
6781.390000
6781.390000
6781.390000
6781.390000
6781.390000
6781.390000
6781.390000
6781.390000
6781.390000
6781.390000
6781.390000
6781.390000
6781.390000
6781.390000
6781.390000
6781.390000
6781.390000
6781.390000
6781.390000
6781.390000
6781.390000
6781.390000
6781.390000
6781.390000
6781.390000
6781.390000
6781.390000
6781.390000
6781.390000
6781.390000
6781.390000
6781.390000
6781.390000
6781.390000
6781.390000
6781.390000
6781.390000
6781.390000
6781.390000
6781.390000
6781.390000
6781.390000
6781.390000
6781.390000
6781.390000
6781.390000
6781.390000
6781.390000
6781.390000
6781.390000
6781.390000
6781.390000
6781.390000
6781.390000
6781.390000
6781.390000
6781.390000
6781.390000
6781.390000
6781.390000
6781.390000
6781.390000
6781.390000
6781.390000
6781.390000
6781.390000
6781.390000
6781.390000
6781.390000
6781.390000
6781.390000
6781.390000
6781.390000
6781.390000
6781.390000
6781.390000
6781.390000
6781.390000
6781.390000
6781.390000
6781.390000
6781.390000
6781.390000
6781.390000
6781.390000
6781.390000
6781.390000
6781.390000
6781.390000
6781.390000
6781.390000
6781.390000
6781.390000
6781.390000
6781.390000
6781.390000
6781.390000
6781.390000
6781.390000
6781.390000
6781.390000
6781.390000
6781.390000
6781.390000
6781.390000
6781.390000
6781.390000
6781.390000
6781.390000
6781.390000
6781.390000
6781.390000
6781.390000
6781.390000
6781.390000
6781.390000
6781.390000
6781.390000
6781.390000
6781.390000
6781.390000
6781.390000
6781.390000
6781.390000
6781.390000
6781.390000
6781.390000
6781.390000
6781.390000
6781.390000
6781.390000
6781.390000
6781.390000
6781.390000
6781.390000
6781.390000
6781.390000
6781.390000
6781.390000
6781.390000
6781.390000
6781.390000
6781.390000
6781.390000
6781.390000
6781.390000
6781.390000
6781.390000
6781.390000
6781.390000
6781.390000
6781.390000
6781.390000
6781.390000
6781.390000
6781.390000
6781.390000
0.000000
0.000000
900.174520
1269.003802
4908.346805
5370.037529
6781.390000
6781.390000
6781.390000
6781.390000
6781.390000
6781.390000
6781.390000
6781.390000
6781.390000
6781.390000
6781.390000
6781.390000
6781.390000
6781.390000
6781.390000
6781.390000
6781.390000
6781.390000
6781.390000
6781.390000
6781.390000
6781.390000
6781.390000
6781.390000
6781.390000
6781.390000
6781.390000
6781.390000
6781.390000
6781.390000
6781.390000
6781.390000
6781.390000
6781.390000
6781.390000
6781.390000
6781.390000
6781.390000
6781.390000
6781.390000
2241.558582
0.000000
0.000000
0.000000
6781.390000
6781.390000
6781.390000
6781.390000
6781.390000
6781.390000
6781.390000
6781.390000
6781.390000
6781.390000
6781.390000
6781.390000
6781.390000
6781.390000
6781.390000
6781.390000
6781.390000
6781.390000
6781.390000
6781.390000
6781.390000
6781.390000
6781.390000
6781.390000
6781.390000
6781.390000
6781.390000
6781.390000
6781.390000
6781.390000
6781.390000
6781.390000
6781.390000
6781.390000
6781.390000
6781.390000
6781.390000
6781.390000
6781.390000
6781.390000
6781.390000
6781.390000
6781.390000
6781.390000
6781.390000
6781.390000
6781.390000
6781.390000
6781.390000
6781.390000
6781.390000
6781.390000
6781.390000
6781.390000
6781.390000
6781.390000
6781.390000
6781.390000
6781.390000
6781.390000
6781.390000
6781.390000
6781.390000
6781.390000
6781.390000
6781.390000
6781.390000
6781.390000
6781.390000
6781.390000
6781.390000
6781.390000
6781.390000
6781.390000
6781.390000
6781.390000
6781.390000
6781.390000
6781.390000
6781.390000
6781.390000
6781.390000
6781.390000
6781.390000
6781.390000
6781.390000
6781.390000
6781.390000
6781.390000
6781.390000
6781.390000
6781.390000
4370.256998
5129.961872
2148.664117
3883.687379
6781.390000
6781.390000
6781.390000
6781.390000
6781.390000
6781.390000
6781.390000
6781.390000
6781.390000
6781.390000
6781.390000
6781.390000
6781.390000
6781.390000
6781.390000
6781.390000
6781.390000
6781.390000
6781.390000
6781.390000
6781.390000
6781.390000
6781.390000
6781.390000
6781.390000
6781.390000
6781.390000
6781.390000
6781.390000
6781.390000
6781.390000
6781.390000
6781.390000
6781.390000
6781.390000
6781.390000
6781.390000
6781.390000
6781.390000
6781.390000
6781.390000
6781.390000
6781.390000
6781.390000
4455.462442
2373.997378
6781.390000
6781.390000
6781.390000
6781.390000
6781.390000
6781.390000
6781.390000
6781.390000
6781.390000
6781.390000
6781.390000
6781.390000
6781.390000
6781.390000
6781.390000
6781.390000
6781.390000
6781.390000
6781.390000
6781.390000
6781.390000
6781.390000
6781.390000
6781.390000
6781.390000
6781.390000
6781.390000
6781.390000
6781.390000
6781.390000
6781.390000
6781.390000
6781.390000
6781.390000
6781.390000
6781.390000
6781.390000
6781.390000
6781.390000
6781.390000
6781.390000
6781.390000
6781.390000
6781.390000
6781.390000
6781.390000
6781.390000
6781.390000
6781.390000
6781.390000
6781.390000
6781.390000
6781.390000
6781.390000
6781.390000
6781.390000
6781.390000
6781.390000
6781.390000
6781.390000
6781.390000
6781.390000
6781.390000
6781.390000
6781.390000
6781.390000
6781.390000
6781.390000
6781.390000
6781.390000
6781.390000
6781.390000
6781.390000
6781.390000
6781.390000
6781.390000
6781.390000
6781.390000
6781.390000
6781.390000
6781.390000
6781.390000
6781.390000
6781.390000
6781.390000
6781.390000
6781.390000
6781.390000
6781.390000
6781.390000
6781.390000
6781.390000
6781.390000
3793.656607
0.000000
0.000000
0.000000
0.000000
0.000000
0.000000
1303.888546
1762.505473
0.000000
6781.390000
6781.390000
6781.390000
6781.390000
6781.390000
6781.390000
6781.390000
6781.390000
6781.390000
6781.390000
6781.390000
6781.390000
6781.390000
6781.390000
6781.390000
6781.390000
6781.390000
6781.390000
6781.390000
6781.390000
6781.390000
6781.390000
6781.390000
6781.390000
6781.390000
6781.390000
6781.390000
6781.390000
6781.390000
6781.390000
6781.390000
6781.390000
6781.390000
6781.390000
6781.390000
6781.390000
6781.390000
6781.390000
6781.390000
1609.109093
0.000000
0.000000
0.000000
0.000000
0.000000
6781.390000
6781.390000
6781.390000
6781.390000
6781.390000
6781.390000
6781.390000
6781.390000
6781.390000
6781.390000
6781.390000
6781.390000
6781.390000
6781.390000
6781.390000
6781.390000
6781.390000
6781.390000
6781.390000
6781.390000
6781.390000
6781.390000
6781.390000
6781.390000
6781.390000
6781.390000
6781.390000
6781.390000
6781.390000
6781.390000
6781.390000
6781.390000
6781.390000
6781.390000
6781.390000
6781.390000
6781.390000
6781.390000
6781.390000
6781.390000
6781.390000
6781.390000
6781.390000
5077.396464
6781.390000
6781.390000
6781.390000
6781.390000
6781.390000
6781.390000
6781.390000
6781.390000
6781.390000
6781.390000
6781.390000
6781.390000
6781.390000
6781.390000
6781.390000
6781.390000
6781.390000
6781.390000
6781.390000
6781.390000
6781.390000
6781.390000
6781.390000
6781.390000
6781.390000
6781.390000
6781.390000
6781.390000
6781.390000
6781.390000
6781.390000
6781.390000
6781.390000
6781.390000
6781.390000
6781.390000
6781.390000
6781.390000
6781.390000
6781.390000
6781.390000
6781.390000
6781.390000
6781.390000
6781.390000
6781.390000
6781.390000
6781.390000
6781.390000
6781.390000
6781.390000
6781.390000
6781.390000
6781.390000
6781.390000
6781.390000
6781.390000
6781.390000
6781.390000
6781.390000
6781.390000
6781.390000
6781.390000
6781.390000
6781.390000
6781.390000
6781.390000
6781.390000
6781.390000
6781.390000
6781.390000
6781.390000
6781.390000
6781.390000
6781.390000
6781.390000
6781.390000
6781.390000
6781.390000
6781.390000
6781.390000
6781.390000
6781.390000
6781.390000
6781.390000
6781.390000
6781.390000
6781.390000
6781.390000
6781.390000
6408.428085
6781.390000
0.000000
599.641965
3022.462021
3593.032493
0.000000
1023.015755
943.638841
389.847185
1426.904310
1372.483180
6781.390000
6781.390000
6781.390000
6781.390000
6781.390000
6781.390000
6781.390000
6781.390000
6781.390000
6781.390000
6781.390000
6781.390000
6781.390000
6781.390000
6781.390000
6781.390000
6781.390000
6781.390000
6781.390000
6781.390000
6781.390000
6781.390000
6781.390000
6781.390000
6781.390000
6781.390000
6781.390000
6781.390000
6781.390000
6781.390000
6781.390000
6781.390000
6781.390000
6781.390000
6781.390000
6781.390000
6781.390000
6781.390000
6781.390000
6781.390000
6781.390000
6781.390000
6781.390000
6781.390000
6781.390000
6781.390000
6781.390000
6781.390000
6781.390000
6781.390000
6781.390000
6781.390000
6781.390000
6781.390000
6781.390000
6781.390000
6781.390000
6781.390000
6781.390000
6781.390000
6781.390000
6781.390000
6781.390000
6781.390000
6781.390000
6781.390000
6781.390000
6781.390000
6781.390000
6781.390000
6781.390000
6781.390000
6781.390000
6781.390000
6781.390000
6781.390000
6781.390000
6781.390000
6781.390000
6781.390000
6781.390000
6781.390000
6781.390000
6781.390000
6781.390000
6781.390000
6781.390000
3776.139845
0.000000
0.000000
0.000000
0.000000
5609.344070
6148.014946
0.000000
0.000000
6781.390000
6781.390000
6781.390000
6781.390000
6781.390000
6781.390000
6781.390000
6781.390000
6781.390000
6781.390000
6781.390000
6781.390000
6781.390000
6781.390000
6781.390000
6781.390000
6781.390000
6781.390000
6781.390000
6781.390000
6781.390000
6781.390000
6781.390000
6781.390000
6781.390000
6781.390000
6781.390000
6781.390000
6781.390000
6781.390000
6781.390000
6781.390000
6781.390000
6781.390000
6781.390000
6781.390000
6781.390000
6781.390000
6781.390000
3391.928161
2323.595006
0.000000
1631.825998
1634.825048
6781.390000
6781.390000
6781.390000
6781.390000
6781.390000
6781.390000
6781.390000
6781.390000
6781.390000
6781.390000
6781.390000
6781.390000
6781.390000
6781.390000
6781.390000
6781.390000
6781.390000
6781.390000
6781.390000
6781.390000
6781.390000
6781.390000
6781.390000
6781.390000
6781.390000
6781.390000
6781.390000
6781.390000
6781.390000
6781.390000
6781.390000
6781.390000
6781.390000
6781.390000
6781.390000
6781.390000
6781.390000
6781.390000
6781.390000
6781.390000
6781.390000
6781.390000
6781.390000
6781.390000
6781.390000
6781.390000
6781.390000
6781.390000
6781.390000
6781.390000
6781.390000
6781.390000
6781.390000
6781.390000
6781.390000
6781.390000
6781.390000
6781.390000
6781.390000
6781.390000
6781.390000
6781.390000
6781.390000
6781.390000
6781.390000
6781.390000
6781.390000
6781.390000
6781.390000
6781.390000
6781.390000
6781.390000
6781.390000
6781.390000
6781.390000
6781.390000
6781.390000
6781.390000
6781.390000
6781.390000
6781.390000
6781.390000
6781.390000
6781.390000
6781.390000
6781.390000
6781.390000
6781.390000
6781.390000
6781.390000
6781.390000
68.092789
3153.851803
517.356214
3652.864488
3430.167926
2644.646608
2956.607897
5367.399723
5557.009791
6781.390000
6781.390000
6781.390000
6781.390000
6781.390000
6781.390000
6781.390000
6781.390000
6781.390000
6781.390000
6781.390000
6781.390000
6781.390000
6781.390000
6781.390000
6781.390000
6781.390000
6781.390000
6781.390000
6781.390000
6781.390000
6781.390000
6781.390000
6781.390000
6781.390000
6781.390000
6781.390000
6781.390000
6781.390000
6781.390000
6781.390000
6781.390000
6781.390000
6781.390000
6781.390000
6781.390000
1007.051071
2115.080379
2186.427048
0.000000
0.000000
0.000000
0.000000
1115.175090
3894.123011
2903.797501
6781.390000
6781.390000
6781.390000
6781.390000
6781.390000
6781.390000
6781.390000
6781.390000
6781.390000
6781.390000
6781.390000
6781.390000
6781.390000
6781.390000
6781.390000
6781.390000
6781.390000
6781.390000
6781.390000
6781.390000
6781.390000
6781.390000
6781.390000
6781.390000
6781.390000
6781.390000
6781.390000
6781.390000
6781.390000
6781.390000
6781.390000
6781.390000
6781.390000
6781.390000
6781.390000
6781.390000
4264.861241
5898.964581
0.000000
0.000000
0.000000
0.000000
0.000000
0.000000
0.000000
0.000000
0.000000
0.000000
0.000000
0.000000
0.000000
6781.390000
6781.390000
6781.390000
6781.390000
6781.390000
6781.390000
6781.390000
6781.390000
6781.390000
6781.390000
6781.390000
6781.390000
6781.390000
6781.390000
6781.390000
6781.390000
6781.390000
6781.390000
6781.390000
6781.390000
6781.390000
6781.390000
6781.390000
6781.390000
6781.390000
6781.390000
6781.390000
6781.390000
6781.390000
6781.390000
6781.390000
6781.390000
6781.390000
6781.390000
6781.390000
6781.390000
6781.390000
6781.390000
6781.390000
5032.234278
2731.272147
0.000000
0.000000
6781.390000
6781.390000
6781.390000
6781.390000
6781.390000
6781.390000
6781.390000
6781.390000
6781.390000
6781.390000
6781.390000
6781.390000
6781.390000
6781.390000
6781.390000
6781.390000
6781.390000
6781.390000
6781.390000
6781.390000
6781.390000
6781.390000
6781.390000
6781.390000
6781.390000
6781.390000
6781.390000
6781.390000
6781.390000
6781.390000
6781.390000
6781.390000
6781.390000
6781.390000
6781.390000
6781.390000
6781.390000
6781.390000
6781.390000
6781.390000
6781.390000
6781.390000
6781.390000
6781.390000
6781.390000
6781.390000
6781.390000
6781.390000
6781.390000
6781.390000
6781.390000
6781.390000
6781.390000
6781.390000
6781.390000
6781.390000
6781.390000
6781.390000
6781.390000
6781.390000
6781.390000
6781.390000
6781.390000
6781.390000
6781.390000
6781.390000
6781.390000
6781.390000
6781.390000
6781.390000
6781.390000
6781.390000
6781.390000
6781.390000
6781.390000
6781.390000
6781.390000
6781.390000
6781.390000
6781.390000
6781.390000
6781.390000
6781.390000
6781.390000
6781.390000
6781.390000
6781.390000
6781.390000
6781.390000
6781.390000
6781.390000
4203.002543
5958.873582
3550.767232
6781.390000
6781.390000
6781.390000
6781.390000
6781.390000
6781.390000
6781.390000
6781.390000
6781.390000
6781.390000
6781.390000
6781.390000
6781.390000
6781.390000
6781.390000
6781.390000
6781.390000
6781.390000
6781.390000
6781.390000
6781.390000
6781.390000
6781.390000
6781.390000
6781.390000
6781.390000
6781.390000
6781.390000
6781.390000
6781.390000
6781.390000
6781.390000
6781.390000
6781.390000
6781.390000
6781.390000
6781.390000
6781.390000
6781.390000
6781.390000
6781.390000
6781.390000
6781.390000
6781.390000
6781.390000
6781.390000
6781.390000
6781.390000
6781.390000
6781.390000
6781.390000
6781.390000
6781.390000
6781.390000
6781.390000
6781.390000
6781.390000
6781.390000
6781.390000
6781.390000
6781.390000
6781.390000
6781.390000
6781.390000
6781.390000
6781.390000
6781.390000
6781.390000
6781.390000
6781.390000
6781.390000
6781.390000
6781.390000
6781.390000
6781.390000
6781.390000
6781.390000
6781.390000
6781.390000
6781.390000
6781.390000
6781.390000
6781.390000
6781.390000
6781.390000
6781.390000
6781.390000
6781.390000
6781.390000
6781.390000
6781.390000
6781.390000
6781.390000
6781.390000
6781.390000
4679.674438
6781.390000
6781.390000
6781.390000
6781.390000
6781.390000
6781.390000
6781.390000
6781.390000
6781.390000
6781.390000
6781.390000
6781.390000
6781.390000
6781.390000
6781.390000
6781.390000
6781.390000
6781.390000
6781.390000
6781.390000
6781.390000
6781.390000
6781.390000
6781.390000
6781.390000
6781.390000
6781.390000
6781.390000
6781.390000
6781.390000
6781.390000
6781.390000
6781.390000
6781.390000
6781.390000
6781.390000
6781.390000
6781.390000
6781.390000
6781.390000
6781.390000
6781.390000
0.000000
0.000000
0.000000
0.000000
1861.968291
2965.354778
0.000000
0.000000
0.000000
0.000000
0.000000
0.000000
4947.692182
6781.390000
6781.390000
6781.390000
6781.390000
6781.390000
6781.390000
6781.390000
6781.390000
6781.390000
6781.390000
6781.390000
6781.390000
6781.390000
6781.390000
6781.390000
6781.390000
6781.390000
6781.390000
6781.390000
6781.390000
6781.390000
6781.390000
6781.390000
6781.390000
6781.390000
6781.390000
6781.390000
6781.390000
6781.390000
6781.390000
6781.390000
6781.390000
6781.390000
6781.390000
6781.390000
3444.509844
4985.245788
4003.451084
5258.381916
0.000000
0.000000
0.000000
676.898585
1739.635323
1122.674495
2630.208771
2529.050565
6781.390000
6132.712904
6781.390000
6781.390000
6781.390000
6781.390000
6781.390000
6781.390000
6781.390000
6781.390000
6781.390000
6781.390000
6781.390000
6781.390000
6781.390000
6781.390000
6781.390000
6781.390000
6781.390000
6781.390000
6781.390000
6781.390000
6781.390000
6781.390000
6781.390000
6781.390000
6781.390000
6781.390000
6781.390000
6781.390000
6781.390000
6781.390000
6781.390000
6781.390000
6781.390000
6781.390000
6781.390000
6781.390000
6781.390000
6781.390000
5753.395680
2474.222098
0.000000
0.000000
3191.864799
3282.367762
0.000000
0.000000
0.000000
1697.848125
6781.390000
6781.390000
6781.390000
6781.390000
6781.390000
6781.390000
6781.390000
6781.390000
6781.390000
6781.390000
6781.390000
6781.390000
6781.390000
6781.390000
6781.390000
6781.390000
6781.390000
6781.390000
6781.390000
6781.390000
6781.390000
6781.390000
6781.390000
6781.390000
6781.390000
6781.390000
6781.390000
6781.390000
6781.390000
6781.390000
6781.390000
6781.390000
6781.390000
6781.390000
6781.390000
6781.390000
6781.390000
6781.390000
3472.562224
788.760288
2326.607914
2605.300844
0.000000
0.000000
0.000000
0.000000
0.000000
0.000000
0.000000
0.000000
6781.390000
6781.390000
6781.390000
6781.390000
6781.390000
6781.390000
6781.390000
6781.390000
6781.390000
6781.390000
6781.390000
6781.390000
6781.390000
6781.390000
6781.390000
6781.390000
6781.390000
6781.390000
6781.390000
6781.390000
6781.390000
6781.390000
6781.390000
6781.390000
6781.390000
6781.390000
6781.390000
6781.390000
6781.390000
6781.390000
6781.390000
6781.390000
6781.390000
6781.390000
6781.390000
6781.390000
6781.390000
6781.390000
6781.390000
6781.390000
6781.390000
6781.390000
6781.390000
6781.390000
6781.390000
6781.390000
6781.390000
6781.390000
6781.390000
6781.390000
6781.390000
6781.390000
6781.390000
6781.390000
6781.390000
6781.390000
6781.390000
6781.390000
6781.390000
6781.390000
6781.390000
6781.390000
6781.390000
6781.390000
6781.390000
6781.390000
6781.390000
6781.390000
6781.390000
6781.390000
6781.390000
6781.390000
6781.390000
6781.390000
6781.390000
6781.390000
6781.390000
6781.390000
6781.390000
6781.390000
6781.390000
6781.390000
6781.390000
6781.390000
6781.390000
6781.390000
5155.206068
5231.939070
4078.064390
4543.710540
3539.053695
4182.695794
3580.400034
6781.390000
6781.390000
6781.390000
6781.390000
6781.390000
6781.390000
6781.390000
6781.390000
6781.390000
6781.390000
6781.390000
6781.390000
6781.390000
6781.390000
6781.390000
6781.390000
6781.390000
6781.390000
6781.390000
6781.390000
6781.390000
6781.390000
6781.390000
6781.390000
6781.390000
6781.390000
6781.390000
6781.390000
6781.390000
6781.390000
6781.390000
6781.390000
6781.390000
6781.390000
6781.390000
6781.390000
6781.390000
6781.390000
1704.626767
2062.664566
0.000000
142.535465
293.066115
4370.168526
5141.362719
5095.759861
5878.055435
170.364998
0.000000
4227.895714
6781.390000
6781.390000
6781.390000
6781.390000
6781.390000
6781.390000
6781.390000
6781.390000
6781.390000
6781.390000
6781.390000
6781.390000
6781.390000
6781.390000
6781.390000
6781.390000
6781.390000
6781.390000
6781.390000
6781.390000
6781.390000
6781.390000
6781.390000
6781.390000
6781.390000
6781.390000
6781.390000
6781.390000
6781.390000
6781.390000
6781.390000
5630.552053
6374.385510
0.000000
0.000000
0.000000
0.000000
0.000000
0.000000
0.000000
0.000000
0.000000
0.000000
0.000000
0.000000
5721.856273
6781.390000
6781.390000
6781.390000
6781.390000
6781.390000
6781.390000
6781.390000
6781.390000
6781.390000
6781.390000
6781.390000
6781.390000
6781.390000
6781.390000
6781.390000
6781.390000
6781.390000
6781.390000
6781.390000
6781.390000
6781.390000
6781.390000
6781.390000
6781.390000
6781.390000
6781.390000
6781.390000
6781.390000
6781.390000
6781.390000
6781.390000
6781.390000
6781.390000
6781.390000
6781.390000
6781.390000
6781.390000
5071.244728
5406.618937
6781.390000
6781.390000
6781.390000
6781.390000
6781.390000
6781.390000
6781.390000
6781.390000
6781.390000
6781.390000
6781.390000
6781.390000
6781.390000
6781.390000
6781.390000
6781.390000
6781.390000
6781.390000
6781.390000
6781.390000
6781.390000
6781.390000
6781.390000
6781.390000
6781.390000
6781.390000
6781.390000
6781.390000
6781.390000
6781.390000
6781.390000
6781.390000
6781.390000
6781.390000
6781.390000
6781.390000
6781.390000
6781.390000
6781.390000
6781.390000
6781.390000
6781.390000
6781.390000
6781.390000
6781.390000
6781.390000
6781.390000
4000.588641
2615.602490
285.050333
0.000000
0.000000
0.000000
0.000000
886.574827
1415.343357
6781.390000
6781.390000
6781.390000
6781.390000
6781.390000
6781.390000
6781.390000
6781.390000
6781.390000
6781.390000
6781.390000
6781.390000
6781.390000
6781.390000
6781.390000
6781.390000
6781.390000
6781.390000
6781.390000
6781.390000
6781.390000
6781.390000
6781.390000
6781.390000
6781.390000
6781.390000
6781.390000
6781.390000
6781.390000
6781.390000
6781.390000
6781.390000
6781.390000
6781.390000
6781.390000
6781.390000
6781.390000
6781.390000
6781.390000
6781.390000
2059.482555
0.000000
0.000000
0.000000
0.000000
0.000000
0.000000
0.000000
2746.871608
5980.190733
6781.390000
6781.390000
6781.390000
6781.390000
6781.390000
6781.390000
6781.390000
6781.390000
6781.390000
6781.390000
6781.390000
6781.390000
6781.390000
6781.390000
6781.390000
6781.390000
6781.390000
6781.390000
6781.390000
6781.390000
6781.390000
6781.390000
6781.390000
6781.390000
6781.390000
6781.390000
6781.390000
6781.390000
6781.390000
6781.390000
6781.390000
6781.390000
6781.390000
6781.390000
6781.390000
6781.390000
6781.390000
6781.390000
6781.390000
6781.390000
6781.390000
6781.390000
6781.390000
6781.390000
6781.390000
6781.390000
6781.390000
6781.390000
6781.390000
6781.390000
6781.390000
6781.390000
6781.390000
6781.390000
6781.390000
6781.390000
6781.390000
6781.390000
6781.390000
6781.390000
6781.390000
6781.390000
6781.390000
6781.390000
6781.390000
6781.390000
6781.390000
6781.390000
6781.390000
6781.390000
6781.390000
6781.390000
6781.390000
6781.390000
6781.390000
6781.390000
6781.390000
6781.390000
6781.390000
6781.390000
6781.390000
6781.390000
6781.390000
6781.390000
6516.048694
0.000000
0.000000
0.000000
0.000000
0.000000
0.000000
0.000000
0.000000
0.000000
0.000000
0.000000
0.000000
0.000000
6781.390000
6781.390000
6781.390000
6781.390000
6781.390000
6781.390000
6781.390000
6781.390000
6781.390000
6781.390000
6781.390000
6781.390000
6781.390000
6781.390000
6781.390000
6781.390000
6781.390000
6781.390000
6781.390000
6781.390000
6781.390000
6781.390000
6781.390000
6781.390000
6781.390000
6781.390000
6781.390000
6781.390000
6781.390000
6781.390000
6781.390000
6781.390000
6781.390000
6781.390000
6781.390000
0.000000
0.000000
0.000000
0.000000
0.000000
0.000000
0.000000
0.000000
0.000000
0.000000
3977.739254
6781.390000
6781.390000
6781.390000
6781.390000
6781.390000
6781.390000
6781.390000
6781.390000
6781.390000
6781.390000
6781.390000
6781.390000
6781.390000
6781.390000
6781.390000
6781.390000
6781.390000
6781.390000
6781.390000
6781.390000
6781.390000
6781.390000
6781.390000
6781.390000
6781.390000
6781.390000
6781.390000
6781.390000
6781.390000
6781.390000
6781.390000
6781.390000
6781.390000
6781.390000
6781.390000
6781.390000
6781.390000
6781.390000
6781.390000
6781.390000
6781.390000
6781.390000
6781.390000
6781.390000
6781.390000
6781.390000
6781.390000
6781.390000
6781.390000
6781.390000
6781.390000
6781.390000
6781.390000
6781.390000
6781.390000
6781.390000
6781.390000
6781.390000
6781.390000
6781.390000
6781.390000
6781.390000
6781.390000
6781.390000
6781.390000
6781.390000
6781.390000
6781.390000
6781.390000
6781.390000
6781.390000
6781.390000
6781.390000
6781.390000
6781.390000
6781.390000
6781.390000
6781.390000
6781.390000
6781.390000
6781.390000
6781.390000
6781.390000
6781.390000
770.839661
1078.764000
0.000000
0.000000
0.000000
0.000000
0.000000
0.000000
0.000000
0.000000
0.000000
58.218291
5794.726809
6499.308115
6781.390000
6781.390000
6781.390000
6781.390000
6781.390000
6781.390000
6781.390000
6781.390000
6781.390000
6781.390000
6781.390000
6781.390000
6781.390000
6781.390000
6781.390000
6781.390000
6781.390000
6781.390000
6781.390000
6781.390000
6781.390000
6781.390000
6781.390000
6781.390000
6781.390000
6781.390000
6781.390000
6781.390000
6781.390000
6781.390000
6781.390000
6781.390000
6781.390000
6781.390000
6781.390000
5632.657991
0.000000
0.000000
0.000000
0.000000
0.000000
0.000000
0.000000
0.000000
1079.340019
4591.935257
6781.390000
6781.390000
6781.390000
6781.390000
6781.390000
6781.390000
6781.390000
6781.390000
6781.390000
6781.390000
6781.390000
6781.390000
6781.390000
6781.390000
6781.390000
6781.390000
6781.390000
6781.390000
6781.390000
6781.390000
6781.390000
6781.390000
6781.390000
6781.390000
6781.390000
6781.390000
6781.390000
6781.390000
6781.390000
6781.390000
6781.390000
6781.390000
6781.390000
6781.390000
0.000000
0.000000
0.000000
0.000000
0.000000
0.000000
0.000000
0.000000
0.000000
0.000000
0.000000
0.000000
0.000000
1364.018955
6781.390000
6781.390000
6781.390000
6781.390000
6781.390000
6781.390000
6781.390000
6781.390000
6781.390000
6781.390000
6781.390000
6781.390000
6781.390000
6781.390000
6781.390000
6781.390000
6781.390000
6781.390000
6781.390000
6781.390000
6781.390000
6781.390000
6781.390000
6781.390000
6781.390000
6781.390000
6781.390000
6781.390000
6781.390000
6781.390000
6781.390000
6781.390000
6781.390000
6781.390000
6781.390000
6781.390000
6781.390000
3197.360523
0.000000
0.000000
0.000000
0.000000
0.000000
0.000000
0.000000
0.000000
864.757869
0.000000
0.000000
131.479311
6781.390000
6781.390000
6781.390000
6781.390000
6781.390000
6781.390000
6781.390000
6781.390000
6781.390000
6781.390000
6781.390000
6781.390000
6781.390000
6781.390000
6781.390000
6781.390000
6781.390000
6781.390000
6781.390000
6781.390000
6781.390000
6781.390000
6781.390000
6781.390000
6781.390000
6781.390000
6781.390000
6781.390000
6781.390000
6781.390000
6781.390000
6781.390000
6781.390000
6781.390000
6781.390000
6781.390000
3473.508706
1119.907568
2568.859963
3133.780948
1813.424755
2582.677313
6781.390000
6781.390000
6781.390000
6781.390000
6781.390000
6781.390000
6781.390000
6781.390000
6781.390000
6781.390000
6781.390000
6781.390000
6781.390000
6781.390000
6781.390000
6781.390000
6781.390000
6781.390000
6781.390000
6781.390000
6781.390000
6781.390000
6781.390000
6781.390000
6781.390000
6781.390000
6781.390000
6781.390000
6781.390000
6781.390000
6781.390000
6781.390000
6781.390000
6781.390000
6781.390000
6781.390000
6781.390000
6781.390000
6781.390000
6781.390000
6781.390000
6781.390000
6781.390000
6781.390000
1012.915756
1525.387905
0.000000
510.284383
1524.675159
2116.616790
6467.667658
6781.390000
6781.390000
6781.390000
6781.390000
6781.390000
6781.390000
6781.390000
6781.390000
6781.390000
6781.390000
6781.390000
6781.390000
6781.390000
6781.390000
6781.390000
6781.390000
6781.390000
6781.390000
6781.390000
6781.390000
6781.390000
6781.390000
6781.390000
6781.390000
6781.390000
6781.390000
6781.390000
6781.390000
6781.390000
6781.390000
6781.390000
6781.390000
6781.390000
3160.299620
3534.683820
0.000000
0.000000
0.000000
0.000000
0.000000
0.000000
1057.782682
2774.373873
3935.789244
3102.720844
6781.390000
6781.390000
6781.390000
0.000000
6061.615336
6453.930256
6781.390000
6781.390000
6781.390000
6781.390000
6781.390000
6781.390000
6781.390000
6781.390000
6781.390000
6781.390000
6781.390000
6781.390000
6781.390000
6781.390000
6781.390000
6781.390000
6781.390000
6781.390000
6781.390000
6781.390000
6781.390000
6781.390000
6781.390000
6781.390000
6781.390000
6781.390000
6781.390000
6781.390000
6781.390000
6781.390000
6781.390000
6781.390000
0.000000
0.000000
0.000000
0.000000
0.000000
0.000000
3268.494061
4977.151831
6781.390000
6781.390000
6781.390000
6781.390000
6781.390000
6781.390000
6781.390000
6781.390000
6781.390000
6781.390000
6781.390000
6781.390000
6781.390000
6781.390000
6781.390000
6781.390000
6781.390000
6781.390000
6781.390000
6781.390000
6781.390000
6781.390000
6781.390000
6781.390000
6781.390000
6781.390000
6781.390000
6781.390000
6781.390000
6781.390000
6781.390000
6781.390000
6781.390000
6781.390000
6781.390000
6781.390000
6781.390000
6781.390000
6781.390000
6781.390000
6781.390000
6781.390000
6781.390000
6781.390000
6781.390000
6781.390000
6781.390000
6781.390000
6781.390000
6781.390000
6781.390000
6781.390000
6781.390000
6781.390000
6781.390000
6781.390000
6781.390000
6781.390000
6781.390000
6781.390000
6781.390000
6781.390000
6781.390000
6781.390000
6781.390000
6781.390000
6781.390000
6781.390000
6781.390000
6781.390000
6781.390000
6781.390000
6781.390000
6781.390000
6781.390000
6781.390000
6781.390000
6781.390000
6781.390000
6781.390000
6781.390000
6781.390000
6781.390000
6781.390000
6781.390000
6781.390000
6781.390000
6781.390000
6781.390000
6781.390000
6781.390000
6781.390000
6781.390000
6781.390000
6781.390000
6781.390000
6781.390000
6781.390000
6781.390000
6781.390000
6781.390000
6781.390000
6781.390000
6781.390000
6781.390000
6781.390000
6781.390000
6781.390000
6781.390000
6781.390000
6781.390000
6781.390000
6781.390000
6781.390000
6781.390000
6781.390000
6781.390000
6781.390000
6781.390000
6781.390000
6781.390000
6781.390000
6781.390000
6781.390000
6781.390000
6781.390000
6781.390000
6781.390000
6781.390000
6781.390000
6781.390000
6781.390000
6781.390000
6781.390000
6781.390000
6781.390000
6781.390000
6781.390000
6781.390000
6781.390000
6781.390000
6781.390000
6781.390000
6781.390000
6781.390000
6781.390000
6781.390000
6781.390000
6781.390000
6781.390000
6781.390000
6781.390000
6781.390000
6781.390000
6781.390000
6781.390000
6781.390000
6781.390000
6781.390000
6781.390000
6781.390000
6781.390000
6781.390000
6781.390000
6781.390000
6781.390000
6781.390000
6781.390000
6781.390000
6781.390000
6781.390000
6781.390000
6781.390000
6781.390000
6781.390000
6781.390000
6781.390000
6781.390000
6781.390000
6781.390000
6781.390000
6781.390000
6781.390000
6781.390000
6781.390000
6781.390000
6781.390000
6781.390000
4816.034789
3187.703199
6781.390000
6781.390000
5399.148484
6097.692659
0.000000
0.000000
2400.507942
6781.390000
6781.390000
6781.390000
6781.390000
6781.390000
6781.390000
6781.390000
6781.390000
6781.390000
6781.390000
6781.390000
6781.390000
6781.390000
6781.390000
6781.390000
6781.390000
6781.390000
6781.390000
6781.390000
6781.390000
6781.390000
6781.390000
6781.390000
6781.390000
6781.390000
6781.390000
6781.390000
6781.390000
6781.390000
6781.390000
6781.390000
6781.390000
6781.390000
6781.390000
6781.390000
105.747938
1225.249605
0.000000
0.000000
0.000000
0.000000
0.000000
0.000000
0.000000
0.000000
0.000000
0.000000
0.000000
3297.808803
6781.390000
6781.390000
6781.390000
6781.390000
6781.390000
6781.390000
6781.390000
6781.390000
6781.390000
6781.390000
6781.390000
6781.390000
6781.390000
6781.390000
6781.390000
6781.390000
6781.390000
6781.390000
6781.390000
6781.390000
6781.390000
6781.390000
6781.390000
6781.390000
6781.390000
6781.390000
6781.390000
6781.390000
6781.390000
6781.390000
6781.390000
6781.390000
6781.390000
6781.390000
6781.390000
6781.390000
6781.390000
6781.390000
0.000000
530.097329
6781.390000
6781.390000
6781.390000
6781.390000
6781.390000
6781.390000
6781.390000
6659.479285
6781.390000
6781.390000
6781.390000
6781.390000
6781.390000
6781.390000
6781.390000
6781.390000
6781.390000
6781.390000
6781.390000
6781.390000
6781.390000
6781.390000
6781.390000
6781.390000
6781.390000
6781.390000
6781.390000
6781.390000
6781.390000
6781.390000
6781.390000
6781.390000
6781.390000
6781.390000
6781.390000
6781.390000
6781.390000
6781.390000
6781.390000
6781.390000
6781.390000
6781.390000
6781.390000
6781.390000
6781.390000
4544.554889
3682.873404
4509.719783
6781.390000
6781.390000
6781.390000
6781.390000
6781.390000
6781.390000
6781.390000
6781.390000
6781.390000
6781.390000
6781.390000
6781.390000
6781.390000
6781.390000
6781.390000
6781.390000
6781.390000
6781.390000
6781.390000
6781.390000
6781.390000
6781.390000
6781.390000
6781.390000
6781.390000
6781.390000
6781.390000
6781.390000
6781.390000
6781.390000
6781.390000
6781.390000
6781.390000
6781.390000
6781.390000
6781.390000
6781.390000
6781.390000
6781.390000
6781.390000
3060.629904
4944.433814
0.000000
0.000000
52.144031
0.000000
0.000000
0.000000
4223.977220
4568.706381
4332.014391
4952.043399
6781.390000
6781.390000
5616.162617
6781.390000
6781.390000
6781.390000
6781.390000
6781.390000
6781.390000
6781.390000
6781.390000
6781.390000
6781.390000
6781.390000
6781.390000
6781.390000
6781.390000
6781.390000
6781.390000
6781.390000
6781.390000
6781.390000
6781.390000
6781.390000
6781.390000
6781.390000
6781.390000
6781.390000
6781.390000
6781.390000
6781.390000
6781.390000
6781.390000
6781.390000
6781.390000
6781.390000
6781.390000
6781.390000
0.000000
0.000000
0.000000
0.000000
0.000000
0.000000
0.000000
0.000000
0.000000
0.000000
1949.384515
2416.423630
6781.390000
6781.390000
6781.390000
6781.390000
6781.390000
6781.390000
6781.390000
6781.390000
6781.390000
6781.390000
6781.390000
6781.390000
6781.390000
6781.390000
6781.390000
6781.390000
6781.390000
6781.390000
6781.390000
6781.390000
6781.390000
6781.390000
6781.390000
6781.390000
6781.390000
6781.390000
6781.390000
6781.390000
6781.390000
6781.390000
6781.390000
6781.390000
6781.390000
6781.390000
0.000000
97.167125
0.000000
0.000000
0.000000
0.000000
0.000000
0.000000
0.000000
0.000000
0.000000
0.000000
0.000000
0.000000
0.000000
6781.390000
6781.390000
6781.390000
6781.390000
6781.390000
6781.390000
6781.390000
6781.390000
6781.390000
6781.390000
6781.390000
6781.390000
6781.390000
6781.390000
6781.390000
6781.390000
6781.390000
6781.390000
6781.390000
6781.390000
6781.390000
6781.390000
6781.390000
6781.390000
6781.390000
6781.390000
6781.390000
6781.390000
6781.390000
6781.390000
6781.390000
6781.390000
6781.390000
0.000000
0.000000
0.000000
0.000000
0.000000
0.000000
0.000000
0.000000
0.000000
0.000000
0.000000
0.000000
0.000000
0.000000
0.000000
1409.440878
6781.390000
6781.390000
6781.390000
6781.390000
6781.390000
6781.390000
6781.390000
6781.390000
6781.390000
6781.390000
6781.390000
6781.390000
6781.390000
6781.390000
6781.390000
6781.390000
6781.390000
6781.390000
6781.390000
6781.390000
6781.390000
6781.390000
6781.390000
6781.390000
6781.390000
6781.390000
6781.390000
6781.390000
6781.390000
6781.390000
6781.390000
6781.390000
6781.390000
6781.390000
5315.389886
6781.390000
4010.835590
0.000000
0.000000
0.000000
0.000000
0.000000
0.000000
0.000000
0.000000
398.646535
0.000000
0.000000
4114.631813
6781.390000
6781.390000
6781.390000
6781.390000
6781.390000
6781.390000
6781.390000
6781.390000
6781.390000
6781.390000
6781.390000
6781.390000
6781.390000
6781.390000
6781.390000
6781.390000
6781.390000
6781.390000
6781.390000
6781.390000
6781.390000
6781.390000
6781.390000
6781.390000
6781.390000
6781.390000
6781.390000
6781.390000
6781.390000
6781.390000
6781.390000
0.000000
0.000000
0.000000
0.000000
0.000000
0.000000
0.000000
0.000000
0.000000
0.000000
240.974035
0.000000
3681.322038
3653.920460
6781.390000
3980.908522
6781.390000
6781.390000
6781.390000
6781.390000
6781.390000
6781.390000
6781.390000
6781.390000
6781.390000
6781.390000
6781.390000
6781.390000
6781.390000
6781.390000
6781.390000
6781.390000
6781.390000
6781.390000
6781.390000
6781.390000
6781.390000
6781.390000
6781.390000
6781.390000
6781.390000
6781.390000
6781.390000
6781.390000
6781.390000
6781.390000
6781.390000
6781.390000
6781.390000
6781.390000
5934.279164
5908.337974
3091.147753
3627.651367
6265.738970
6781.390000
6781.390000
6781.390000
6781.390000
6781.390000
6781.390000
6781.390000
6781.390000
6781.390000
6781.390000
6781.390000
6781.390000
6781.390000
6781.390000
6781.390000
6781.390000
6781.390000
6781.390000
6781.390000
6781.390000
6781.390000
6781.390000
6781.390000
6781.390000
6781.390000
6781.390000
6781.390000
6781.390000
6781.390000
6781.390000
6781.390000
6781.390000
6781.390000
6781.390000
6781.390000
6781.390000
6781.390000
6781.390000
6781.390000
6781.390000
6781.390000
6781.390000
6781.390000
6611.609217
6781.390000
4549.427000
0.000000
0.000000
0.000000
0.000000
0.000000
0.000000
0.000000
0.000000
0.000000
0.000000
6781.390000
6781.390000
6781.390000
6781.390000
6781.390000
6781.390000
6781.390000
6781.390000
6781.390000
6781.390000
6781.390000
6781.390000
6781.390000
6781.390000
6781.390000
6781.390000
6781.390000
6781.390000
6781.390000
6781.390000
6781.390000
6781.390000
6781.390000
6781.390000
6781.390000
6781.390000
6781.390000
6781.390000
6781.390000
6781.390000
6781.390000
6781.390000
6781.390000
6781.390000
6781.390000
6781.390000
6781.390000
4231.005807
0.000000
0.000000
0.000000
0.000000
0.000000
0.000000
0.000000
0.000000
162.128971
6781.390000
0.000000
3335.946578
6519.171509
6781.390000
6781.390000
6781.390000
6781.390000
6781.390000
6781.390000
6781.390000
6781.390000
6781.390000
6781.390000
6781.390000
6781.390000
6781.390000
6781.390000
6781.390000
6781.390000
6781.390000
6781.390000
6781.390000
6781.390000
6781.390000
6781.390000
6781.390000
6781.390000
6781.390000
6781.390000
6781.390000
6781.390000
6781.390000
6781.390000
6781.390000
6781.390000
3947.258884
4110.018428
2680.741394
0.000000
0.000000
0.000000
0.000000
0.000000
0.000000
0.000000
0.000000
0.000000
2365.493417
6781.390000
6781.390000
6781.390000
6781.390000
6781.390000
6781.390000
6781.390000
6781.390000
6781.390000
6781.390000
6781.390000
6781.390000
6781.390000
6781.390000
6781.390000
6781.390000
6781.390000
6781.390000
6781.390000
6781.390000
6781.390000
6781.390000
6781.390000
6781.390000
6781.390000
6781.390000
6781.390000
6781.390000
6781.390000
6781.390000
6781.390000
6781.390000
6781.390000
6781.390000
6781.390000
6781.390000
6781.390000
6781.390000
6781.390000
6781.390000
6781.390000
6781.390000
6781.390000
3049.785523
3996.149988
6781.390000
6781.390000
6781.390000
6781.390000
6781.390000
6781.390000
6781.390000
6781.390000
6781.390000
6781.390000
6781.390000
6781.390000
6781.390000
6781.390000
6781.390000
6781.390000
6781.390000
6781.390000
6781.390000
6781.390000
6781.390000
6781.390000
6781.390000
6781.390000
6781.390000
6781.390000
6781.390000
6781.390000
6781.390000
6781.390000
6781.390000
6781.390000
6781.390000
6781.390000
6781.390000
6781.390000
6781.390000
6781.390000
6781.390000
6781.390000
6781.390000
6781.390000
6781.390000
6781.390000
6781.390000
6781.390000
6781.390000
6781.390000
6781.390000
6781.390000
6781.390000
6781.390000
6781.390000
6781.390000
6781.390000
6781.390000
6781.390000
6781.390000
6781.390000
6781.390000
6781.390000
6781.390000
6781.390000
6781.390000
6781.390000
6781.390000
6781.390000
6781.390000
6781.390000
6781.390000
6781.390000
6781.390000
6781.390000
6781.390000
6781.390000
6781.390000
6781.390000
6781.390000
6781.390000
6781.390000
6781.390000
6781.390000
6781.390000
6781.390000
6781.390000
6781.390000
0.000000
0.000000
1023.394551
2113.826362
4537.645174
4244.997358
3364.589739
4980.012526
1812.573801
1081.181678
2054.228055
1551.960048
4863.957173
6781.390000
6781.390000
6781.390000
6781.390000
6781.390000
6781.390000
6781.390000
6781.390000
6781.390000
6781.390000
6781.390000
6781.390000
6781.390000
6781.390000
6781.390000
6781.390000
6781.390000
6781.390000
6781.390000
6781.390000
6781.390000
6781.390000
6781.390000
6781.390000
6781.390000
6781.390000
6781.390000
6781.390000
6781.390000
6781.390000
6781.390000
6781.390000
6781.390000
6781.390000
6781.390000
6781.390000
6781.390000
6781.390000
6781.390000
4227.816374
5648.164936
1719.563132
3700.613458
2935.670697
2210.021305
2491.621359
2022.260285
3863.890847
1078.552034
6781.390000
6781.390000
6781.390000
6781.390000
6781.390000
6781.390000
6781.390000
6781.390000
6781.390000
6781.390000
6781.390000
6781.390000
6781.390000
6781.390000
6781.390000
6781.390000
6781.390000
6781.390000
6781.390000
6781.390000
6781.390000
6781.390000
6781.390000
6781.390000
6781.390000
6781.390000
6781.390000
6781.390000
6781.390000
6781.390000
6781.390000
6781.390000
6781.390000
6781.390000
6781.390000
6781.390000
6781.390000
6781.390000
6781.390000
6781.390000
6781.390000
6781.390000
6781.390000
6781.390000
6781.390000
6781.390000
6781.390000
6781.390000
6781.390000
6781.390000
6781.390000
6781.390000
6781.390000
6781.390000
6781.390000
6781.390000
6781.390000
6781.390000
6781.390000
6781.390000
6781.390000
6781.390000
6781.390000
6781.390000
6781.390000
6781.390000
6781.390000
6781.390000
6781.390000
6781.390000
6781.390000
6781.390000
6781.390000
6781.390000
6781.390000
6781.390000
6781.390000
6781.390000
6781.390000
6781.390000
6781.390000
6781.390000
6781.390000
6781.390000
6781.390000
6781.390000
0.000000
0.000000
313.297142
916.293812
0.000000
0.000000
4591.761674
4796.291205
3202.533091
6781.390000
6781.390000
6781.390000
6781.390000
6781.390000
6781.390000
6781.390000
6781.390000
6781.390000
6781.390000
6781.390000
6781.390000
6781.390000
6781.390000
6781.390000
6781.390000
6781.390000
6781.390000
6781.390000
6781.390000
6781.390000
6781.390000
6781.390000
6781.390000
6781.390000
6781.390000
6781.390000
6781.390000
6781.390000
6781.390000
6781.390000
6781.390000
6781.390000
6781.390000
6781.390000
3928.056329
4162.922090
2689.262750
0.000000
0.000000
0.000000
0.000000
0.000000
0.000000
0.000000
0.000000
0.000000
0.000000
0.000000
3443.174384
6781.390000
6781.390000
6781.390000
6781.390000
6781.390000
6781.390000
6781.390000
6781.390000
6781.390000
6781.390000
6781.390000
6781.390000
6781.390000
6781.390000
6781.390000
6781.390000
6781.390000
6781.390000
6781.390000
6781.390000
6781.390000
6781.390000
6781.390000
6781.390000
6781.390000
6781.390000
6781.390000
6781.390000
6781.390000
6781.390000
6781.390000
6781.390000
6781.390000
6781.390000
6781.390000
1878.272100
0.000000
0.000000
0.000000
0.000000
0.000000
0.000000
0.000000
0.000000
0.000000
0.000000
0.000000
2291.948555
5404.083235
6781.390000
6781.390000
6781.390000
6781.390000
6781.390000
6781.390000
6781.390000
6781.390000
6781.390000
6781.390000
6781.390000
6781.390000
6781.390000
6781.390000
6781.390000
6781.390000
6781.390000
6781.390000
6781.390000
6781.390000
6781.390000
6781.390000
6781.390000
6781.390000
6781.390000
6781.390000
6781.390000
6781.390000
6781.390000
6781.390000
624.536862
3131.264148
465.580600
1979.509868
0.000000
0.000000
0.000000
0.000000
0.000000
0.000000
0.000000
0.000000
0.000000
0.000000
0.000000
0.000000
0.000000
0.000000
6781.390000
6781.390000
6781.390000
6781.390000
6781.390000
6781.390000
6781.390000
6781.390000
6781.390000
6781.390000
6781.390000
6781.390000
6781.390000
6781.390000
6781.390000
6781.390000
6781.390000
6781.390000
6781.390000
6781.390000
6781.390000
6781.390000
6781.390000
6781.390000
6781.390000
6781.390000
6781.390000
6781.390000
2262.822699
2872.298282
0.000000
0.000000
0.000000
0.000000
0.000000
0.000000
0.000000
345.393065
5056.450665
6781.390000
6781.390000
6781.390000
6781.390000
6781.390000
6781.390000
0.000000
0.000000
505.548785
6781.390000
6781.390000
6781.390000
6781.390000
6781.390000
6781.390000
6781.390000
6781.390000
6781.390000
6781.390000
6781.390000
6781.390000
6781.390000
6781.390000
6781.390000
6781.390000
6781.390000
6781.390000
6781.390000
6781.390000
6781.390000
6781.390000
6781.390000
6781.390000
6781.390000
6781.390000
6781.390000
6781.390000
6781.390000
6781.390000
2802.582292
2834.451197
0.000000
0.000000
0.000000
653.651087
4007.283577
4964.543120
3412.984002
5406.006830
1581.265302
904.836608
729.552485
471.938017
6781.390000
6781.390000
6781.390000
6781.390000
6781.390000
6781.390000
6781.390000
6781.390000
6781.390000
6781.390000
6781.390000
6781.390000
6781.390000
6781.390000
6781.390000
6781.390000
6781.390000
6781.390000
6781.390000
6781.390000
6781.390000
6781.390000
6781.390000
6781.390000
6781.390000
6781.390000
6781.390000
6781.390000
6781.390000
6781.390000
6781.390000
6781.390000
6781.390000
6781.390000
6781.390000
6781.390000
6781.390000
6781.390000
6781.390000
7.162069
0.000000
0.000000
0.000000
0.000000
0.000000
0.000000
0.000000
0.000000
109.031150
6781.390000
6781.390000
6781.390000
6781.390000
6781.390000
6781.390000
6781.390000
6781.390000
6781.390000
6781.390000
6781.390000
6781.390000
6781.390000
6781.390000
6781.390000
6781.390000
6781.390000
6781.390000
6781.390000
6781.390000
6781.390000
6781.390000
6781.390000
6781.390000
6781.390000
6781.390000
6781.390000
6781.390000
6781.390000
6781.390000
6781.390000
6781.390000
6781.390000
6781.390000
6781.390000
6781.390000
6781.390000
3162.698098
0.000000
0.000000
0.000000
0.000000
0.000000
0.000000
0.000000
0.000000
0.000000
0.000000
0.000000
0.000000
1456.420239
6781.390000
6781.390000
6781.390000
6781.390000
6781.390000
6781.390000
6781.390000
6781.390000
6781.390000
6781.390000
6781.390000
6781.390000
6781.390000
6781.390000
6781.390000
6781.390000
6781.390000
6781.390000
6781.390000
6781.390000
6781.390000
6781.390000
6781.390000
6781.390000
6781.390000
6781.390000
6781.390000
6781.390000
6781.390000
6781.390000
974.144972
2438.911202
0.000000
0.000000
0.000000
0.000000
0.000000
0.000000
0.000000
0.000000
0.000000
0.000000
0.000000
0.000000
0.000000
6781.390000
4097.123082
6781.390000
6781.390000
6781.390000
6781.390000
6781.390000
6781.390000
6781.390000
6781.390000
6781.390000
6781.390000
6781.390000
6781.390000
6781.390000
6781.390000
6781.390000
6781.390000
6781.390000
6781.390000
6781.390000
6781.390000
6781.390000
6781.390000
6781.390000
6781.390000
6781.390000
6781.390000
6781.390000
6781.390000
6781.390000
6781.390000
6781.390000
0.000000
0.000000
0.000000
0.000000
0.000000
0.000000
0.000000
0.000000
0.000000
0.000000
0.000000
0.000000
0.000000
0.000000
0.000000
0.000000
0.000000
0.000000
6781.390000
6781.390000
6781.390000
6781.390000
6781.390000
6781.390000
6781.390000
6781.390000
6781.390000
6781.390000
6781.390000
6781.390000
6781.390000
6781.390000
6781.390000
6781.390000
6781.390000
6781.390000
6781.390000
6781.390000
6781.390000
6781.390000
6781.390000
6781.390000
6781.390000
6781.390000
6781.390000
6781.390000
6781.390000
6781.390000
497.945912
2441.509107
0.000000
0.000000
176.868044
0.000000
0.000000
0.000000
0.000000
0.000000
6171.364729
6781.390000
3143.142133
4002.309020
6781.390000
0.000000
0.000000
269.988749
6781.390000
6781.390000
6781.390000
6781.390000
6781.390000
6781.390000
6781.390000
6781.390000
6781.390000
6781.390000
6781.390000
6781.390000
6781.390000
6781.390000
6781.390000
6781.390000
6781.390000
6781.390000
6781.390000
6781.390000
6781.390000
6781.390000
6781.390000
6781.390000
6781.390000
6781.390000
6781.390000
6781.390000
6781.390000
6781.390000
0.000000
0.000000
0.000000
0.000000
0.000000
0.000000
0.000000
0.000000
0.000000
0.000000
0.000000
0.000000
0.000000
0.000000
0.000000
6040.169033
6781.390000
6781.390000
6781.390000
6781.390000
6781.390000
6781.390000
6781.390000
6781.390000
6781.390000
6781.390000
6781.390000
6781.390000
6781.390000
6781.390000
6781.390000
6781.390000
6781.390000
6781.390000
6781.390000
6781.390000
6781.390000
6781.390000
6781.390000
6781.390000
6781.390000
6781.390000
6781.390000
6781.390000
6781.390000
6781.390000
6781.390000
6781.390000
1133.865364
1618.849361
0.000000
0.000000
0.000000
0.000000
0.000000
0.000000
0.000000
0.000000
0.000000
0.000000
0.000000
0.000000
0.000000
0.000000
0.000000
0.000000
6781.390000
6781.390000
6781.390000
6781.390000
6781.390000
6781.390000
6781.390000
6781.390000
6781.390000
6781.390000
6781.390000
6781.390000
6781.390000
6781.390000
6781.390000
6781.390000
6781.390000
6781.390000
6781.390000
6781.390000
6781.390000
6781.390000
6781.390000
6781.390000
6781.390000
6781.390000
6781.390000
6781.390000
6781.390000
6781.390000
0.000000
0.000000
0.000000
241.160561
0.000000
0.000000
0.000000
0.000000
0.000000
0.000000
0.000000
0.000000
0.000000
0.000000
0.000000
6781.390000
6781.390000
6781.390000
6781.390000
6781.390000
6781.390000
6781.390000
6781.390000
6781.390000
6781.390000
6781.390000
6781.390000
6781.390000
6781.390000
6781.390000
6781.390000
6781.390000
6781.390000
6781.390000
6781.390000
6781.390000
6781.390000
6781.390000
6781.390000
6781.390000
6781.390000
6781.390000
6781.390000
6781.390000
6781.390000
6781.390000
3819.396823
6693.285582
0.000000
0.000000
0.000000
0.000000
0.000000
0.000000
0.000000
0.000000
0.000000
0.000000
0.000000
0.000000
0.000000
0.000000
161.401321
6781.390000
6781.390000
6781.390000
6781.390000
6781.390000
6781.390000
6781.390000
6781.390000
6781.390000
6781.390000
6781.390000
6781.390000
6781.390000
6781.390000
6781.390000
6781.390000
6781.390000
6781.390000
6781.390000
6781.390000
6781.390000
6781.390000
6781.390000
6781.390000
6781.390000
6781.390000
6781.390000
6781.390000
6781.390000
6781.390000
6781.390000
6781.390000
6781.390000
6781.390000
6781.390000
6361.929741
6781.390000
2479.592082
0.000000
0.000000
0.000000
0.000000
0.000000
0.000000
0.000000
0.000000
0.000000
0.000000
0.000000
0.000000
0.000000
6781.390000
6781.390000
6781.390000
6781.390000
6781.390000
6781.390000
6781.390000
6781.390000
6781.390000
6781.390000
6781.390000
6781.390000
6781.390000
6781.390000
6781.390000
6781.390000
6781.390000
6781.390000
6781.390000
6781.390000
6781.390000
6781.390000
6781.390000
6781.390000
6781.390000
6781.390000
6781.390000
6781.390000
6781.390000
6781.390000
0.000000
0.000000
0.000000
0.000000
0.000000
0.000000
0.000000
0.000000
0.000000
0.000000
0.000000
0.000000
0.000000
0.000000
6086.648607
0.000000
0.000000
0.000000
6781.390000
6781.390000
6781.390000
6781.390000
6781.390000
6781.390000
6781.390000
6781.390000
6781.390000
6781.390000
6781.390000
6781.390000
6781.390000
6781.390000
6781.390000
6781.390000
6781.390000
6781.390000
6781.390000
6781.390000
6781.390000
6781.390000
6781.390000
6781.390000
6781.390000
6781.390000
6781.390000
6781.390000
2093.645421
4591.620747
0.000000
0.000000
3805.224003
5550.964493
6482.647521
1880.941217
1553.333841
291.306742
3106.614165
3531.867983
2839.805603
3933.126273
5794.731668
6512.799238
6781.390000
5424.140672
6781.390000
6781.390000
6781.390000
6781.390000
6781.390000
6781.390000
6781.390000
6781.390000
6781.390000
6781.390000
6781.390000
6781.390000
6781.390000
6781.390000
6781.390000
6781.390000
6781.390000
6781.390000
6781.390000
6781.390000
6781.390000
6781.390000
6781.390000
6781.390000
6781.390000
6781.390000
6781.390000
6781.390000
6781.390000
6781.390000
6781.390000
6781.390000
0.000000
0.000000
0.000000
0.000000
0.000000
0.000000
0.000000
0.000000
0.000000
0.000000
0.000000
0.000000
0.000000
0.000000
0.000000
6781.390000
6781.390000
6781.390000
6781.390000
6781.390000
6781.390000
6781.390000
6781.390000
6781.390000
6781.390000
6781.390000
6781.390000
6781.390000
6781.390000
6781.390000
6781.390000
6781.390000
6781.390000
6781.390000
6781.390000
6781.390000
6781.390000
6781.390000
6781.390000
6781.390000
6781.390000
6781.390000
6781.390000
6781.390000
6781.390000
6781.390000
6781.390000
6781.390000
0.000000
0.000000
0.000000
0.000000
0.000000
0.000000
0.000000
0.000000
0.000000
0.000000
1220.784652
812.103749
0.000000
0.000000
0.000000
0.000000
2904.093125
3472.111596
6781.390000
6781.390000
6781.390000
6781.390000
6781.390000
6781.390000
6781.390000
6781.390000
6781.390000
6781.390000
6781.390000
6781.390000
6781.390000
6781.390000
6781.390000
6781.390000
6781.390000
6781.390000
6781.390000
6781.390000
6781.390000
6781.390000
6781.390000
6781.390000
6781.390000
6781.390000
6781.390000
6781.390000
6781.390000
6781.390000
0.000000
0.000000
1219.408177
1992.747843
6344.998960
5556.545528
3947.352381
4521.674073
6736.284887
6781.390000
6781.390000
6781.390000
6781.390000
6781.390000
6781.390000
6781.390000
6781.390000
6781.390000
6781.390000
6781.390000
6781.390000
6781.390000
6781.390000
6781.390000
6781.390000
6781.390000
6781.390000
6781.390000
6781.390000
6781.390000
6781.390000
6781.390000
6781.390000
6781.390000
6781.390000
6781.390000
6781.390000
6781.390000
6781.390000
6781.390000
6781.390000
6781.390000
6781.390000
6781.390000
6781.390000
6781.390000
6781.390000
6781.390000
0.000000
0.000000
0.000000
0.000000
0.000000
0.000000
0.000000
0.000000
0.000000
0.000000
0.000000
0.000000
0.000000
0.000000
0.000000
6781.390000
6781.390000
6781.390000
6781.390000
6781.390000
6781.390000
6781.390000
6781.390000
6781.390000
6781.390000
6781.390000
6781.390000
6781.390000
6781.390000
6781.390000
6781.390000
6781.390000
6781.390000
6781.390000
6781.390000
6781.390000
6781.390000
6781.390000
6781.390000
6781.390000
6781.390000
6781.390000
6781.390000
6781.390000
6781.390000
6781.390000
0.000000
0.000000
0.000000
0.000000
0.000000
0.000000
0.000000
0.000000
0.000000
0.000000
0.000000
0.000000
0.000000
0.000000
0.000000
0.000000
408.854783
6781.390000
6239.176445
6781.390000
6781.390000
6781.390000
6781.390000
6781.390000
6781.390000
6781.390000
6781.390000
6781.390000
6781.390000
6781.390000
6781.390000
6781.390000
6781.390000
6781.390000
6781.390000
6781.390000
6781.390000
6781.390000
6781.390000
6781.390000
6781.390000
6781.390000
6781.390000
6781.390000
6781.390000
6781.390000
6781.390000
6781.390000
3492.791128
6507.664446
0.000000
0.000000
0.000000
0.000000
0.000000
0.000000
0.000000
0.000000
0.000000
0.000000
0.000000
0.000000
0.000000
0.000000
851.729318
6048.387544
6781.390000
6781.390000
6781.390000
6781.390000
6781.390000
6781.390000
6781.390000
6781.390000
6781.390000
6781.390000
6781.390000
6781.390000
6781.390000
6781.390000
6781.390000
6781.390000
6781.390000
6781.390000
6781.390000
6781.390000
6781.390000
6781.390000
6781.390000
6781.390000
6781.390000
6781.390000
6781.390000
6781.390000
6781.390000
6781.390000
6781.390000
6781.390000
2403.537050
3986.799414
4593.656049
1514.836536
6781.390000
6781.390000
0.000000
0.000000
0.000000
0.000000
0.000000
0.000000
0.000000
0.000000
2310.373295
0.000000
3589.862510
5808.220252
6781.390000
6781.390000
6781.390000
6781.390000
6781.390000
6781.390000
6781.390000
6781.390000
6781.390000
6781.390000
6781.390000
6781.390000
6781.390000
6781.390000
6781.390000
6781.390000
6781.390000
6781.390000
6781.390000
6781.390000
6781.390000
6781.390000
6781.390000
6781.390000
6781.390000
6781.390000
6781.390000
6781.390000
6781.390000
6781.390000
6781.390000
6781.390000
4035.219376
5648.691417
6781.390000
6781.390000
6781.390000
6781.390000
6781.390000
6781.390000
6781.390000
6781.390000
6781.390000
6781.390000
6781.390000
6781.390000
6781.390000
6781.390000
6781.390000
6781.390000
6781.390000
6781.390000
6781.390000
6781.390000
6781.390000
6781.390000
6781.390000
6781.390000
6781.390000
6781.390000
6781.390000
6781.390000
6781.390000
6781.390000
6781.390000
6781.390000
6781.390000
6781.390000
6781.390000
6781.390000
6781.390000
6781.390000
6781.390000
6781.390000
6781.390000
6781.390000
6781.390000
6781.390000
5915.694057
6781.390000
6781.390000
6781.390000
6781.390000
6781.390000
4069.756067
5640.226902
0.000000
0.000000
6161.380158
6103.219314
6781.390000
6781.390000
6781.390000
6781.390000
6781.390000
6781.390000
6781.390000
6781.390000
6781.390000
6781.390000
6781.390000
6781.390000
6781.390000
6781.390000
6781.390000
6781.390000
6781.390000
6781.390000
6781.390000
6781.390000
6781.390000
6781.390000
6781.390000
6781.390000
6781.390000
6781.390000
6781.390000
6781.390000
6781.390000
6781.390000
6781.390000
6781.390000
6781.390000
6781.390000
6781.390000
6781.390000
0.000000
0.000000
0.000000
0.000000
0.000000
0.000000
0.000000
0.000000
0.000000
0.000000
0.000000
0.000000
0.000000
0.000000
0.000000
0.000000
0.000000
0.000000
6781.390000
6781.390000
6781.390000
6781.390000
6781.390000
6781.390000
6781.390000
6781.390000
6781.390000
6781.390000
6781.390000
6781.390000
6781.390000
6781.390000
6781.390000
6781.390000
6781.390000
6781.390000
6781.390000
6781.390000
6781.390000
6781.390000
6781.390000
6781.390000
6781.390000
6781.390000
6781.390000
6781.390000
0.000000
0.000000
0.000000
0.000000
0.000000
0.000000
0.000000
0.000000
0.000000
0.000000
0.000000
0.000000
0.000000
0.000000
0.000000
0.000000
0.000000
0.000000
0.000000
0.000000
6781.390000
6781.390000
6781.390000
6781.390000
6781.390000
6781.390000
6781.390000
6781.390000
6781.390000
6781.390000
6781.390000
6781.390000
6781.390000
6781.390000
6781.390000
6781.390000
6781.390000
6781.390000
6781.390000
6781.390000
6781.390000
6781.390000
6781.390000
6781.390000
6781.390000
6781.390000
6781.390000
6781.390000
0.000000
0.000000
0.000000
0.000000
0.000000
0.000000
0.000000
0.000000
0.000000
0.000000
0.000000
0.000000
0.000000
0.000000
0.000000
0.000000
0.000000
3630.979513
6781.390000
6781.390000
6781.390000
6781.390000
6781.390000
6781.390000
6781.390000
6781.390000
6781.390000
6781.390000
6781.390000
6781.390000
6781.390000
6781.390000
6781.390000
6781.390000
6781.390000
6781.390000
6781.390000
6781.390000
6781.390000
6781.390000
6781.390000
6781.390000
6781.390000
6781.390000
6781.390000
6781.390000
6781.390000
6781.390000
0.000000
0.000000
0.000000
0.000000
0.000000
0.000000
0.000000
0.000000
0.000000
0.000000
0.000000
0.000000
0.000000
0.000000
1153.774686
3359.966819
0.000000
0.000000
6781.390000
6781.390000
6781.390000
6781.390000
6781.390000
6781.390000
6781.390000
6781.390000
6781.390000
6781.390000
6781.390000
6781.390000
6781.390000
6781.390000
6781.390000
6781.390000
6781.390000
6781.390000
6781.390000
6781.390000
6781.390000
6781.390000
6781.390000
6781.390000
6781.390000
6781.390000
6781.390000
6781.390000
6781.390000
6781.390000
6781.390000
6781.390000
6781.390000
6781.390000
6781.390000
6781.390000
6781.390000
6781.390000
6781.390000
6781.390000
6781.390000
6781.390000
6781.390000
6781.390000
6781.390000
6781.390000
6781.390000
6781.390000
6781.390000
6781.390000
6781.390000
6781.390000
6781.390000
6781.390000
6781.390000
6781.390000
6781.390000
6781.390000
6781.390000
6781.390000
6781.390000
6781.390000
6781.390000
6781.390000
6781.390000
6781.390000
6781.390000
6781.390000
6781.390000
6781.390000
6781.390000
6781.390000
6781.390000
6781.390000
6781.390000
6781.390000
6781.390000
6781.390000
0.000000
0.000000
0.000000
0.000000
0.000000
0.000000
0.000000
0.000000
3445.673235
4955.636791
5441.686725
5209.432920
6357.797178
5868.052555
6781.390000
6781.390000
6781.390000
6781.390000
6781.390000
6781.390000
6781.390000
6781.390000
6781.390000
6781.390000
6781.390000
6781.390000
6781.390000
6781.390000
6781.390000
6781.390000
6781.390000
6781.390000
6781.390000
6781.390000
6781.390000
6781.390000
6781.390000
6781.390000
6781.390000
6781.390000
6781.390000
6781.390000
6781.390000
6781.390000
6781.390000
6781.390000
6781.390000
6781.390000
0.000000
0.000000
0.000000
0.000000
0.000000
0.000000
0.000000
0.000000
0.000000
0.000000
0.000000
0.000000
2361.043642
2013.665957
3843.829221
5080.260093
6271.686908
6781.390000
6781.390000
6781.390000
6781.390000
6781.390000
6781.390000
6781.390000
6781.390000
6781.390000
6781.390000
6781.390000
6781.390000
6781.390000
6781.390000
6781.390000
6781.390000
6781.390000
6781.390000
6781.390000
6781.390000
6781.390000
6781.390000
6781.390000
6781.390000
6781.390000
6781.390000
6781.390000
6781.390000
6781.390000
6781.390000
6781.390000
0.000000
179.271840
0.000000
0.000000
0.000000
0.000000
0.000000
0.000000
0.000000
0.000000
0.000000
0.000000
0.000000
0.000000
3129.651429
5447.092338
6781.390000
6781.390000
6781.390000
6781.390000
6781.390000
6781.390000
6781.390000
6781.390000
6781.390000
6781.390000
6781.390000
6781.390000
6781.390000
6781.390000
6781.390000
6781.390000
6781.390000
6781.390000
6781.390000
6781.390000
6781.390000
6781.390000
6781.390000
6781.390000
6781.390000
6781.390000
6781.390000
6781.390000
6781.390000
6781.390000
6781.390000
6781.390000
5032.127602
6781.390000
1304.640014
3478.001003
2679.443416
409.988319
0.000000
0.000000
0.000000
0.000000
2464.888146
3280.249607
2577.277974
3656.979630
6781.390000
6781.390000
6781.390000
6781.390000
6781.390000
6781.390000
6781.390000
6781.390000
6781.390000
6781.390000
6781.390000
6781.390000
6781.390000
6781.390000
6781.390000
6781.390000
6781.390000
6781.390000
6781.390000
6781.390000
6781.390000
6781.390000
6781.390000
6781.390000
6781.390000
6781.390000
6781.390000
6781.390000
6781.390000
6781.390000
6781.390000
6781.390000
6781.390000
6781.390000
0.000000
0.000000
0.000000
0.000000
0.000000
0.000000
0.000000
0.000000
0.000000
0.000000
0.000000
0.000000
6781.390000
6781.390000
6781.390000
6781.390000
6781.390000
6781.390000
6781.390000
6781.390000
6781.390000
6781.390000
6781.390000
6781.390000
6781.390000
6781.390000
6781.390000
6781.390000
6781.390000
6781.390000
6781.390000
6781.390000
6781.390000
6781.390000
6781.390000
6781.390000
6781.390000
6781.390000
6781.390000
6781.390000
6781.390000
6781.390000
6781.390000
6781.390000
6781.390000
6781.390000
6781.390000
6781.390000
6781.390000
6781.390000
6781.390000
6781.390000
0.000000
0.000000
6781.390000
5997.893519
439.603435
375.406657
0.000000
332.192567
2650.659189
3370.115816
4072.728699
6232.005628
6781.390000
6781.390000
6781.390000
6781.390000
6781.390000
6781.390000
6781.390000
6781.390000
6781.390000
6781.390000
6781.390000
6781.390000
6781.390000
6781.390000
6781.390000
6781.390000
6781.390000
6781.390000
6781.390000
6781.390000
6781.390000
6781.390000
6781.390000
6781.390000
6781.390000
6781.390000
6781.390000
6781.390000
6781.390000
6781.390000
6781.390000
6781.390000
2153.782988
5491.528048
0.000000
0.000000
0.000000
0.000000
6371.630014
4258.152635
1263.504866
1126.788239
3417.315022
4186.164634
1829.551001
2266.499215
1685.677455
3607.469360
6590.855413
5768.404592
6781.390000
6781.390000
6781.390000
6781.390000
6781.390000
6781.390000
6781.390000
6781.390000
6781.390000
6781.390000
6781.390000
6781.390000
6781.390000
6781.390000
6781.390000
6781.390000
6781.390000
6781.390000
6781.390000
6781.390000
6781.390000
6781.390000
6781.390000
6781.390000
6781.390000
6781.390000
6781.390000
6781.390000
6781.390000
6781.390000
0.000000
0.000000
0.000000
0.000000
0.000000
0.000000
1523.102743
3290.606493
4645.758700
6185.417845
6781.390000
6781.390000
4888.863751
4332.203074
4745.428947
5636.714305
6374.536887
1404.907196
5660.677568
6781.390000
6781.390000
6781.390000
6781.390000
6781.390000
6781.390000
6781.390000
6781.390000
6781.390000
6781.390000
6781.390000
6781.390000
6781.390000
6781.390000
6781.390000
6781.390000
6781.390000
6781.390000
6781.390000
6781.390000
6781.390000
6781.390000
6781.390000
6781.390000
6781.390000
6781.390000
6781.390000
6781.390000
6781.390000
6781.390000
6781.390000
6781.390000
6781.390000
6781.390000
6781.390000
6781.390000
6781.390000
6781.390000
6781.390000
6781.390000
6781.390000
6781.390000
6781.390000
6781.390000
6781.390000
6781.390000
6781.390000
6781.390000
6781.390000
6781.390000
6781.390000
6781.390000
6781.390000
6781.390000
6781.390000
6781.390000
6781.390000
6781.390000
6781.390000
6781.390000
6781.390000
6781.390000
6781.390000
6781.390000
6781.390000
6781.390000
6781.390000
6781.390000
6781.390000
6781.390000
6781.390000
6781.390000
6781.390000
6781.390000
6781.390000
6781.390000
6781.390000
6781.390000
6781.390000
6781.390000
6781.390000
6781.390000
6781.390000
6781.390000
6781.390000
6781.390000
6781.390000
6781.390000
6781.390000
6781.390000
6781.390000
6781.390000
6781.390000
6781.390000
6781.390000
6781.390000
6781.390000
6781.390000
6781.390000
6781.390000
6781.390000
6781.390000
6781.390000
6781.390000
6781.390000
6781.390000
6781.390000
6781.390000
6781.390000
6781.390000
6781.390000
6781.390000
6781.390000
6781.390000
6781.390000
6781.390000
6781.390000
6781.390000
6781.390000
6781.390000
6781.390000
6781.390000
6781.390000
6781.390000
6781.390000
6781.390000
6781.390000
6781.390000
6781.390000
6781.390000
6781.390000
6781.390000
6781.390000
6781.390000
6781.390000
6781.390000
6781.390000
6781.390000
6781.390000
6781.390000
6781.390000
6781.390000
6781.390000
6781.390000
6781.390000
6781.390000
6781.390000
6781.390000
6781.390000
6781.390000
6781.390000
6781.390000
6781.390000
6781.390000
6781.390000
6781.390000
6781.390000
6781.390000
6781.390000
6781.390000
6781.390000
6781.390000
6781.390000
6781.390000
6781.390000
6781.390000
6781.390000
6781.390000
6781.390000
6781.390000
6781.390000
6781.390000
6781.390000
6781.390000
6781.390000
6781.390000
6781.390000
6781.390000
6781.390000
6781.390000
6781.390000
6781.390000
6781.390000
6781.390000
6781.390000
6781.390000
6781.390000
6781.390000
6781.390000
6781.390000
6781.390000
6781.390000
6781.390000
6781.390000
6781.390000
6781.390000
6781.390000
6781.390000
6781.390000
6781.390000
6781.390000
6781.390000
6781.390000
6781.390000
6781.390000
6781.390000
6781.390000
6781.390000
6781.390000
6781.390000
6781.390000
6781.390000
6781.390000
6781.390000
6781.390000
6781.390000
6781.390000
6781.390000
6781.390000
6781.390000
6781.390000
5967.225889
6781.390000
1892.821378
3750.868681
6574.548566
4164.936006
6781.390000
6781.390000
6781.390000
6781.390000
5889.433838
6415.025851
6781.390000
6781.390000
6781.390000
6781.390000
6781.390000
6781.390000
6781.390000
6781.390000
6781.390000
6781.390000
6781.390000
6781.390000
6781.390000
6781.390000
6781.390000
6781.390000
6781.390000
6781.390000
6781.390000
6781.390000
6781.390000
6781.390000
6781.390000
6781.390000
6781.390000
6781.390000
6781.390000
6781.390000
6781.390000
6781.390000
6781.390000
6781.390000
6781.390000
6781.390000
6781.390000
6781.390000
6781.390000
6781.390000
0.000000
0.000000
0.000000
0.000000
0.000000
0.000000
853.623692
691.249536
6781.390000
6781.390000
6781.390000
6781.390000
6781.390000
6781.390000
6781.390000
6781.390000
6781.390000
6781.390000
6781.390000
6781.390000
6781.390000
6781.390000
6781.390000
6781.390000
6781.390000
6781.390000
6781.390000
6781.390000
6781.390000
6781.390000
6781.390000
6781.390000
6781.390000
6781.390000
6781.390000
6781.390000
6781.390000
6781.390000
6781.390000
6781.390000
6781.390000
6781.390000
6781.390000
6781.390000
6781.390000
6781.390000
0.000000
0.000000
0.000000
0.000000
0.000000
0.000000
0.000000
0.000000
0.000000
0.000000
0.000000
0.000000
0.000000
0.000000
3211.924806
4253.547191
4346.305148
6781.390000
6781.390000
6781.390000
6781.390000
6781.390000
6781.390000
6781.390000
6781.390000
6781.390000
6781.390000
6781.390000
6781.390000
6781.390000
6781.390000
6781.390000
6781.390000
6781.390000
6781.390000
6781.390000
6781.390000
6781.390000
6781.390000
6781.390000
6781.390000
6781.390000
6781.390000
6781.390000
6781.390000
6781.390000
6781.390000
6781.390000
0.000000
0.000000
0.000000
0.000000
0.000000
0.000000
0.000000
0.000000
0.000000
0.000000
0.000000
0.000000
6781.390000
6781.390000
6781.390000
6781.390000
6781.390000
6781.390000
942.929686
4761.657891
6781.390000
6781.390000
6781.390000
6781.390000
6781.390000
6781.390000
6781.390000
6781.390000
6781.390000
6781.390000
6781.390000
6781.390000
6781.390000
6781.390000
6781.390000
6781.390000
6781.390000
6781.390000
6781.390000
6781.390000
6781.390000
6781.390000
6781.390000
6781.390000
6781.390000
6781.390000
6781.390000
6781.390000
3739.962255
6650.082699
0.000000
1512.546243
1730.388262
0.000000
0.000000
0.000000
0.000000
0.000000
0.000000
0.000000
0.000000
0.000000
0.000000
0.000000
2074.875448
3517.629901
6781.390000
6781.390000
6781.390000
6781.390000
6781.390000
6781.390000
6781.390000
6781.390000
6781.390000
6781.390000
6781.390000
6781.390000
6781.390000
6781.390000
6781.390000
6781.390000
6781.390000
6781.390000
6781.390000
6781.390000
6781.390000
6781.390000
6781.390000
6781.390000
6781.390000
6781.390000
6781.390000
6781.390000
6781.390000
6781.390000
4528.384427
6781.390000
0.000000
0.000000
0.000000
0.000000
0.000000
0.000000
0.000000
0.000000
0.000000
0.000000
6651.042335
6781.390000
6781.390000
6781.390000
6781.390000
6781.390000
6781.390000
6781.390000
6781.390000
6781.390000
6781.390000
6781.390000
6781.390000
6781.390000
6781.390000
6781.390000
6781.390000
6781.390000
6781.390000
6781.390000
6781.390000
6781.390000
6781.390000
6781.390000
6781.390000
6781.390000
6781.390000
6781.390000
6781.390000
6781.390000
6781.390000
6781.390000
6781.390000
6781.390000
6781.390000
6781.390000
1865.856479
4295.496366
0.000000
0.000000
0.000000
0.000000
0.000000
0.000000
0.000000
0.000000
0.000000
0.000000
5532.867648
6081.055545
6781.390000
6781.390000
6781.390000
6781.390000
6781.390000
6781.390000
6781.390000
6781.390000
6781.390000
6781.390000
6781.390000
6781.390000
6781.390000
6781.390000
6781.390000
6781.390000
6781.390000
6781.390000
6781.390000
6781.390000
6781.390000
6781.390000
6781.390000
6781.390000
6781.390000
6781.390000
6781.390000
6781.390000
6781.390000
6781.390000
6781.390000
6781.390000
6781.390000
6781.390000
3602.874704
6467.205918
1342.648172
3282.557744
6781.390000
6781.390000
6781.390000
5169.457475
3358.396327
3630.971217
5444.026705
6136.650123
6781.390000
6781.390000
6781.390000
6781.390000
6781.390000
6781.390000
6781.390000
6781.390000
6781.390000
6781.390000
6781.390000
6781.390000
6781.390000
6781.390000
6781.390000
6781.390000
6781.390000
6781.390000
6781.390000
6781.390000
6781.390000
6781.390000
6781.390000
6781.390000
6781.390000
6781.390000
6781.390000
6781.390000
6781.390000
6781.390000
6781.390000
6781.390000
6781.390000
6781.390000
6781.390000
6781.390000
6781.390000
6781.390000
6781.390000
6781.390000
6781.390000
6781.390000
6781.390000
6781.390000
5407.473727
5834.447475
5665.598466
6641.678552
6781.390000
6781.390000
6781.390000
6781.390000
6781.390000
6781.390000
6781.390000
6781.390000
6781.390000
6781.390000
6781.390000
6781.390000
6781.390000
6781.390000
6781.390000
6781.390000
6781.390000
6781.390000
6781.390000
6781.390000
6781.390000
6781.390000
6781.390000
6781.390000
6781.390000
6781.390000
6781.390000
6781.390000
6781.390000
6781.390000
6781.390000
6781.390000
6781.390000
6781.390000
6781.390000
6781.390000
6781.390000
6781.390000
5918.392534
6781.390000
6091.168539
6781.390000
0.000000
1237.764667
1109.114786
3155.559295
0.000000
0.000000
2619.326037
2214.098420
6781.390000
6781.390000
6420.555762
4819.531754
6781.390000
6781.390000
6781.390000
6781.390000
6781.390000
6781.390000
6781.390000
6781.390000
6781.390000
6781.390000
6781.390000
6781.390000
6781.390000
6781.390000
6781.390000
6781.390000
6781.390000
6781.390000
6781.390000
6781.390000
6781.390000
6781.390000
6781.390000
6781.390000
6781.390000
6781.390000
6781.390000
6781.390000
6781.390000
6781.390000
6781.390000
6781.390000
6781.390000
6781.390000
6781.390000
6781.390000
6781.390000
6781.390000
6781.390000
6781.390000
6781.390000
6781.390000
6781.390000
6781.390000
6781.390000
6781.390000
6781.390000
6781.390000
6781.390000
6781.390000
6781.390000
6781.390000
6781.390000
6781.390000
6781.390000
6781.390000
6781.390000
6781.390000
6781.390000
6781.390000
6781.390000
6781.390000
6781.390000
6781.390000
6781.390000
6781.390000
6781.390000
6781.390000
6781.390000
6781.390000
6781.390000
6781.390000
6781.390000
6781.390000
6781.390000
6781.390000
6781.390000
6781.390000
6781.390000
6781.390000
3913.624397
6117.304502
1273.020597
0.000000
0.000000
0.000000
2561.261234
2838.278891
0.000000
0.000000
333.694645
907.869589
6781.390000
6781.390000
6781.390000
6781.390000
6781.390000
6781.390000
6781.390000
6781.390000
6781.390000
6781.390000
6781.390000
6781.390000
6781.390000
6781.390000
6781.390000
6781.390000
6781.390000
6781.390000
6781.390000
6781.390000
6781.390000
6781.390000
6781.390000
6781.390000
6781.390000
6781.390000
6781.390000
6781.390000
6781.390000
6781.390000
6781.390000
6781.390000
6781.390000
6781.390000
6781.390000
6781.390000
6781.390000
6781.390000
6781.390000
6781.390000
6781.390000
6781.390000
6781.390000
6781.390000
6781.390000
6781.390000
6781.390000
6781.390000
6781.390000
6781.390000
6781.390000
6781.390000
6781.390000
6781.390000
6781.390000
6781.390000
6781.390000
6781.390000
6781.390000
6781.390000
6781.390000
6781.390000
6781.390000
6781.390000
6781.390000
6781.390000
6781.390000
6781.390000
6781.390000
6781.390000
6781.390000
6781.390000
6781.390000
6781.390000
6781.390000
6781.390000
6781.390000
6781.390000
6781.390000
6781.390000
6781.390000
6781.390000
6781.390000
6781.390000
6781.390000
6781.390000
6781.390000
6781.390000
6781.390000
6781.390000
6781.390000
6781.390000
6781.390000
6781.390000
6781.390000
6781.390000
6781.390000
6781.390000
6781.390000
6781.390000
6781.390000
6781.390000
6781.390000
6781.390000
6781.390000
6781.390000
6781.390000
6781.390000
6781.390000
6781.390000
6781.390000
6781.390000
6781.390000
6781.390000
6781.390000
6781.390000
6781.390000
6781.390000
6781.390000
6781.390000
6781.390000
6781.390000
6781.390000
6781.390000
6781.390000
6781.390000
6781.390000
6781.390000
6781.390000
6781.390000
6781.390000
6781.390000
6781.390000
6781.390000
6781.390000
6781.390000
6781.390000
6781.390000
6781.390000
6781.390000
6781.390000
6781.390000
6781.390000
6781.390000
6781.390000
6781.390000
6781.390000
6781.390000
6781.390000
6781.390000
6781.390000
6781.390000
6781.390000
6781.390000
6781.390000
6781.390000
6781.390000
6781.390000
6781.390000
6781.390000
6781.390000
6781.390000
6781.390000
6781.390000
6781.390000
6781.390000
6781.390000
6781.390000
6781.390000
6781.390000
6781.390000
6781.390000
6781.390000
6781.390000
6781.390000
6781.390000
6781.390000
6781.390000
6781.390000
6781.390000
6781.390000
6781.390000
6781.390000
6781.390000
6781.390000
6781.390000
6781.390000
6781.390000
6781.390000
6781.390000
6781.390000
6781.390000
6781.390000
6781.390000
6781.390000
6781.390000
6781.390000
6781.390000
6781.390000
6781.390000
6781.390000
6781.390000
6781.390000
6781.390000
6781.390000
6781.390000
6781.390000
6781.390000
6781.390000
6781.390000
6781.390000
6781.390000
6781.390000
6781.390000
6781.390000
6781.390000
6781.390000
6781.390000
6781.390000
6781.390000
6781.390000
6781.390000
6781.390000
6781.390000
6781.390000
6781.390000
6781.390000
6781.390000
6781.390000
6781.390000
6781.390000
6781.390000
6781.390000
6781.390000
6781.390000
6781.390000
6781.390000
6781.390000
6781.390000
6781.390000
6781.390000
6781.390000
6781.390000
6781.390000
6781.390000
6781.390000
6781.390000
6781.390000
6781.390000
6781.390000
6781.390000
6781.390000
6781.390000
6781.390000
6781.390000
6781.390000
6781.390000
6781.390000
6781.390000
6781.390000
6781.390000
6781.390000
6781.390000
6781.390000
6781.390000
6781.390000
6781.390000
6781.390000
6781.390000
6781.390000
6781.390000
6781.390000
6781.390000
6781.390000
6781.390000
6781.390000
6781.390000
6781.390000
6781.390000
6781.390000
6781.390000
6781.390000
6781.390000
6781.390000
6781.390000
6781.390000
6781.390000
6781.390000
6781.390000
6781.390000
6781.390000
6781.390000
6781.390000
6781.390000
6781.390000
6781.390000
6781.390000
6781.390000
6781.390000
6781.390000
6781.390000
6781.390000
6781.390000
6781.390000
6781.390000
6781.390000
6781.390000
6781.390000
6781.390000
6781.390000
6781.390000
6781.390000
6781.390000
6781.390000
6781.390000
6781.390000
6781.390000
6781.390000
6781.390000
6781.390000
6781.390000
6781.390000
6781.390000
6781.390000
6781.390000
6781.390000
6781.390000
6781.390000
6781.390000
142.164311
6781.390000
6781.390000
6781.390000
6781.390000
6781.390000
6781.390000
6781.390000
6781.390000
6781.390000
6781.390000
6781.390000
6781.390000
6781.390000
6781.390000
6781.390000
6781.390000
6781.390000
6781.390000
6781.390000
6781.390000
6781.390000
6781.390000
6781.390000
6781.390000
6781.390000
6781.390000
6781.390000
6781.390000
6781.390000
6781.390000
6781.390000
6781.390000
6781.390000
6781.390000
6781.390000
6781.390000
6781.390000
6781.390000
6781.390000
6781.390000
6781.390000
6781.390000
6781.390000
6781.390000
6781.390000
6781.390000
6781.390000
6781.390000
6781.390000
6781.390000
6781.390000
17.276735
0.000000
0.000000
6117.390865
6781.390000
6781.390000
6781.390000
6781.390000
6781.390000
6781.390000
6781.390000
6781.390000
6781.390000
6781.390000
6781.390000
6781.390000
6781.390000
6781.390000
6781.390000
6781.390000
6781.390000
6781.390000
6781.390000
6781.390000
6781.390000
6781.390000
6781.390000
6781.390000
6781.390000
6781.390000
6781.390000
6781.390000
6781.390000
6781.390000
6781.390000
6781.390000
6781.390000
6781.390000
6781.390000
6781.390000
6781.390000
6781.390000
6781.390000
6781.390000
0.000000
1007.227704
1115.513122
0.000000
0.000000
1799.436861
2495.030541
6688.783011
6781.390000
6781.390000
6781.390000
6781.390000
6781.390000
6781.390000
6781.390000
6781.390000
6781.390000
6781.390000
6781.390000
6781.390000
6781.390000
6781.390000
6781.390000
6781.390000
6781.390000
6781.390000
6781.390000
6781.390000
6781.390000
6781.390000
6781.390000
6781.390000
6781.390000
6781.390000
6781.390000
6781.390000
6781.390000
6781.390000
6781.390000
6781.390000
6781.390000
6781.390000
6781.390000
6781.390000
6781.390000
6781.390000
6781.390000
0.000000
0.000000
0.000000
0.000000
0.000000
0.000000
4295.573544
5059.563569
6781.390000
6781.390000
6781.390000
6781.390000
6781.390000
6781.390000
6781.390000
6781.390000
6781.390000
6781.390000
6781.390000
6781.390000
6781.390000
6781.390000
6781.390000
6781.390000
6781.390000
6781.390000
6781.390000
6781.390000
6781.390000
6781.390000
6781.390000
6781.390000
6781.390000
6781.390000
6781.390000
6781.390000
6781.390000
6781.390000
6781.390000
6781.390000
6781.390000
6781.390000
2258.901028
5949.744604
6085.663403
6781.390000
6781.390000
6781.390000
6781.390000
6781.390000
6781.390000
6781.390000
6781.390000
6781.390000
6781.390000
6781.390000
6781.390000
6781.390000
6781.390000
6781.390000
6781.390000
6781.390000
6781.390000
6781.390000
6781.390000
6781.390000
6781.390000
6781.390000
6781.390000
6781.390000
6781.390000
6781.390000
6781.390000
6781.390000
6781.390000
6781.390000
6781.390000
6781.390000
6781.390000
6781.390000
6781.390000
6781.390000
6781.390000
6781.390000
6781.390000
6781.390000
6781.390000
6781.390000
6781.390000
6781.390000
6781.390000
6781.390000
1287.071620
2607.751118
6781.390000
6781.390000
6781.390000
6781.390000
6781.390000
6781.390000
6781.390000
6781.390000
6781.390000
6781.390000
6781.390000
6781.390000
6781.390000
6781.390000
6781.390000
6781.390000
6781.390000
6781.390000
6781.390000
6781.390000
6781.390000
6781.390000
6781.390000
6781.390000
6781.390000
6781.390000
6781.390000
6781.390000
6781.390000
6781.390000
6781.390000
6781.390000
6781.390000
6781.390000
6781.390000
6781.390000
6781.390000
6781.390000
6781.390000
6781.390000
6781.390000
6781.390000
6781.390000
6781.390000
6781.390000
6781.390000
6781.390000
6781.390000
0.000000
0.000000
0.000000
1044.690351
2465.528337
4474.304033
6781.390000
6781.390000
6781.390000
6781.390000
6781.390000
6781.390000
6781.390000
6781.390000
6781.390000
6781.390000
6781.390000
6781.390000
6781.390000
6781.390000
6781.390000
6781.390000
6781.390000
6781.390000
6781.390000
6781.390000
6781.390000
6781.390000
6781.390000
6781.390000
6781.390000
6781.390000
6781.390000
6781.390000
6781.390000
6781.390000
6781.390000
6781.390000
6781.390000
6781.390000
6781.390000
6781.390000
6781.390000
6781.390000
6781.390000
6781.390000
6781.390000
6781.390000
6781.390000
6781.390000
6781.390000
6781.390000
6781.390000
6781.390000
6781.390000
6781.390000
6781.390000
6781.390000
6781.390000
6781.390000
6781.390000
6781.390000
6781.390000
6781.390000
6781.390000
6781.390000
6781.390000
6781.390000
6781.390000
6781.390000
6781.390000
6781.390000
6781.390000
6781.390000
6781.390000
6781.390000
6781.390000
6781.390000
6781.390000
6781.390000
6781.390000
6781.390000
6781.390000
6781.390000
6781.390000
6781.390000
6781.390000
6781.390000
6781.390000
6781.390000
6781.390000
6781.390000
6781.390000
6781.390000
6781.390000
6781.390000
6781.390000
6781.390000
6781.390000
5306.238629
6781.390000
6781.390000
6781.390000
6781.390000
6781.390000
6781.390000
6781.390000
6781.390000
6781.390000
6781.390000
6781.390000
6781.390000
6781.390000
6781.390000
6781.390000
6781.390000
6781.390000
6781.390000
6781.390000
6781.390000
6781.390000
6781.390000
6781.390000
6781.390000
6781.390000
6781.390000
6781.390000
6781.390000
6781.390000
6781.390000
6781.390000
6781.390000
6781.390000
6781.390000
6781.390000
6781.390000
6781.390000
6781.390000
6781.390000
6781.390000
0.000000
0.000000
0.000000
0.000000
0.000000
0.000000
0.000000
0.000000
0.000000
0.000000
3756.482110
4591.753287
6781.390000
6781.390000
6781.390000
6781.390000
6781.390000
6781.390000
6781.390000
6781.390000
6781.390000
6781.390000
6781.390000
6781.390000
6781.390000
6781.390000
6781.390000
6781.390000
6781.390000
6781.390000
6781.390000
6781.390000
6781.390000
6781.390000
6781.390000
6781.390000
6781.390000
6781.390000
6781.390000
6781.390000
6781.390000
6781.390000
6781.390000
6781.390000
6781.390000
6781.390000
6781.390000
6781.390000
2974.850058
5997.255590
0.000000
1449.126422
4837.170745
2601.739304
0.000000
0.000000
887.257696
1186.024485
2031.497525
2932.434458
6781.390000
6781.390000
6781.390000
6781.390000
6781.390000
6781.390000
6781.390000
6781.390000
6781.390000
6781.390000
6781.390000
6781.390000
6781.390000
6781.390000
6781.390000
6781.390000
6781.390000
6781.390000
6781.390000
6781.390000
6781.390000
6781.390000
6781.390000
6781.390000
6781.390000
6781.390000
6781.390000
6781.390000
6781.390000
6781.390000
6781.390000
6781.390000
6781.390000
6781.390000
6781.390000
6781.390000
6781.390000
6781.390000
6781.390000
6781.390000
6781.390000
6781.390000
6781.390000
6781.390000
6781.390000
6781.390000
6781.390000
6781.390000
6781.390000
6781.390000
6781.390000
6781.390000
6781.390000
6781.390000
6781.390000
6781.390000
6781.390000
6781.390000
6781.390000
6781.390000
6781.390000
6781.390000
6781.390000
6781.390000
6781.390000
6781.390000
6781.390000
6781.390000
6781.390000
6781.390000
6781.390000
6781.390000
6781.390000
6781.390000
6781.390000
6781.390000
6781.390000
6781.390000
6781.390000
6781.390000
6781.390000
6781.390000
6781.390000
6781.390000
6781.390000
6781.390000
6781.390000
6781.390000
6781.390000
6781.390000
6781.390000
6781.390000
6781.390000
6781.390000
6781.390000
6781.390000
6781.390000
6781.390000
6781.390000
6781.390000
6781.390000
6781.390000
6781.390000
6781.390000
6781.390000
6781.390000
6781.390000
6781.390000
6781.390000
6781.390000
6781.390000
6781.390000
6781.390000
6781.390000
6781.390000
6781.390000
6781.390000
6781.390000
6781.390000
6781.390000
6781.390000
6781.390000
6781.390000
6781.390000
6781.390000
6781.390000
6781.390000
6781.390000
6781.390000
6781.390000
6781.390000
6781.390000
0.000000
0.000000
0.000000
0.000000
0.000000
0.000000
0.000000
0.000000
0.000000
0.000000
5010.417604
5049.514544
6781.390000
6781.390000
6781.390000
6781.390000
6781.390000
6781.390000
6781.390000
6781.390000
6781.390000
6781.390000
6781.390000
6781.390000
6781.390000
6781.390000
6781.390000
6781.390000
6781.390000
6781.390000
6781.390000
6781.390000
6781.390000
6781.390000
6781.390000
6781.390000
6781.390000
6781.390000
6781.390000
6781.390000
6781.390000
6781.390000
6781.390000
6781.390000
6781.390000
6781.390000
6781.390000
6781.390000
0.000000
0.000000
0.000000
0.000000
0.000000
0.000000
0.000000
0.000000
4783.981246
5011.004290
6781.390000
6781.390000
6781.390000
6781.390000
6781.390000
6781.390000
6781.390000
6781.390000
6781.390000
6781.390000
6781.390000
6781.390000
6781.390000
6781.390000
6781.390000
6781.390000
6781.390000
6781.390000
6781.390000
6781.390000
6781.390000
6781.390000
6781.390000
6781.390000
6781.390000
6781.390000
6781.390000
6781.390000
6781.390000
6781.390000
6781.390000
6781.390000
6781.390000
6781.390000
6781.390000
6781.390000
6781.390000
6781.390000
6781.390000
6781.390000
6781.390000
6781.390000
6781.390000
6781.390000
6781.390000
6781.390000
6781.390000
6781.390000
6781.390000
6781.390000
6781.390000
6781.390000
6781.390000
6781.390000
6781.390000
6781.390000
6781.390000
6781.390000
6781.390000
6781.390000
6781.390000
6781.390000
6781.390000
6781.390000
6781.390000
6781.390000
6781.390000
6781.390000
6781.390000
6781.390000
6781.390000
6781.390000
6781.390000
6781.390000
6781.390000
6781.390000
6781.390000
6781.390000
6781.390000
6781.390000
6781.390000
6781.390000
6781.390000
6781.390000
6781.390000
6781.390000
6781.390000
6781.390000
6781.390000
6781.390000
6781.390000
6781.390000
6781.390000
6781.390000
6781.390000
6781.390000
2799.953247
3823.679248
6781.390000
6781.390000
6781.390000
6781.390000
6781.390000
6781.390000
6781.390000
6781.390000
6781.390000
6781.390000
6781.390000
6781.390000
6781.390000
6781.390000
6781.390000
6781.390000
6781.390000
6781.390000
6781.390000
6781.390000
6781.390000
6781.390000
6781.390000
6781.390000
6781.390000
6781.390000
6781.390000
6781.390000
6781.390000
6781.390000
6781.390000
6781.390000
6781.390000
6781.390000
6781.390000
6781.390000
6781.390000
6781.390000
6781.390000
6781.390000
6781.390000
6781.390000
6781.390000
6781.390000
5865.714201
6192.181688
0.000000
0.000000
0.000000
0.000000
0.000000
806.502448
5534.480168
6781.390000
6781.390000
6781.390000
6781.390000
6781.390000
6781.390000
6781.390000
6781.390000
6781.390000
6781.390000
6781.390000
6781.390000
6781.390000
6781.390000
6781.390000
6781.390000
6781.390000
6781.390000
6781.390000
6781.390000
6781.390000
6781.390000
6781.390000
6781.390000
6781.390000
6781.390000
6781.390000
6781.390000
6781.390000
3768.747119
6449.375736
0.000000
0.000000
0.000000
0.000000
0.000000
0.000000
0.000000
0.000000
0.000000
0.000000
0.000000
0.000000
0.000000
0.000000
0.000000
0.000000
0.000000
0.000000
0.000000
0.000000
3398.486090
5573.382205
6781.390000
6781.390000
6781.390000
6781.390000
6781.390000
6781.390000
6781.390000
6781.390000
6781.390000
6781.390000
6781.390000
6781.390000
6781.390000
6781.390000
6781.390000
6781.390000
6781.390000
6781.390000
6781.390000
6781.390000
6781.390000
6781.390000
6781.390000
6781.390000
6781.390000
6781.390000
0.000000
0.000000
0.000000
0.000000
0.000000
0.000000
0.000000
0.000000
0.000000
997.901124
6781.390000
6781.390000
6781.390000
6781.390000
6781.390000
6781.390000
6781.390000
5690.018996
6781.390000
6781.390000
6781.390000
6781.390000
6781.390000
6781.390000
6781.390000
6781.390000
6781.390000
6781.390000
6781.390000
6781.390000
6781.390000
6781.390000
6781.390000
6781.390000
6781.390000
6781.390000
6781.390000
6781.390000
6781.390000
6781.390000
6781.390000
6781.390000
6781.390000
6781.390000
6781.390000
6781.390000
6781.390000
6781.390000
0.000000
0.000000
0.000000
0.000000
0.000000
0.000000
0.000000
0.000000
5201.490482
6781.390000
6781.390000
6781.390000
6781.390000
6781.390000
6781.390000
6781.390000
6781.390000
6781.390000
6781.390000
6781.390000
6781.390000
6781.390000
6781.390000
6781.390000
6781.390000
6781.390000
6781.390000
6781.390000
6781.390000
6781.390000
6781.390000
6781.390000
6781.390000
6781.390000
6781.390000
6781.390000
6781.390000
6781.390000
6781.390000
6781.390000
6781.390000
6781.390000
6781.390000
6781.390000
6781.390000
6781.390000
6781.390000
6781.390000
5211.980853
6781.390000
3086.176456
5604.588667
3742.050229
2111.623746
1732.903385
0.000000
6781.390000
6781.390000
4970.913785
5886.092868
3403.776515
3856.176959
6781.390000
6781.390000
6781.390000
6781.390000
6781.390000
6781.390000
6781.390000
6781.390000
6781.390000
6781.390000
6781.390000
6781.390000
6781.390000
6781.390000
6781.390000
6781.390000
6781.390000
6781.390000
6781.390000
6781.390000
6781.390000
6781.390000
6781.390000
6781.390000
6781.390000
6781.390000
6781.390000
6781.390000
6781.390000
6781.390000
6781.390000
6781.390000
6781.390000
6781.390000
6781.390000
6781.390000
6781.390000
6781.390000
6781.390000
6781.390000
6781.390000
6781.390000
6781.390000
6781.390000
6781.390000
6781.390000
6781.390000
6781.390000
6781.390000
6781.390000
6781.390000
6781.390000
6781.390000
6781.390000
6781.390000
6781.390000
6781.390000
6781.390000
6781.390000
6781.390000
6781.390000
6781.390000
6781.390000
6781.390000
6781.390000
6781.390000
6781.390000
6781.390000
6781.390000
6781.390000
6781.390000
6781.390000
6781.390000
6781.390000
6781.390000
6781.390000
6781.390000
6781.390000
6781.390000
6781.390000
6781.390000
6781.390000
6781.390000
6781.390000
6781.390000
6781.390000
6781.390000
6781.390000
6781.390000
6781.390000
6781.390000
6781.390000
6781.390000
6781.390000
6781.390000
6781.390000
6781.390000
6781.390000
6781.390000
6781.390000
6781.390000
6781.390000
6781.390000
6781.390000
6781.390000
6781.390000
6781.390000
6781.390000
6781.390000
6781.390000
6781.390000
6781.390000
6781.390000
6781.390000
6781.390000
6781.390000
6781.390000
6781.390000
6781.390000
6781.390000
6781.390000
6781.390000
6781.390000
6781.390000
6781.390000
6781.390000
6781.390000
6781.390000
6781.390000
6781.390000
6781.390000
6781.390000
6781.390000
6781.390000
6781.390000
6781.390000
6781.390000
6781.390000
6781.390000
6781.390000
6781.390000
6781.390000
6781.390000
6781.390000
6781.390000
6781.390000
6781.390000
6781.390000
6781.390000
6781.390000
6781.390000
6781.390000
6781.390000
6781.390000
6781.390000
6781.390000
6781.390000
6781.390000
6781.390000
6781.390000
6781.390000
6781.390000
6781.390000
6781.390000
6781.390000
6781.390000
6781.390000
6781.390000
6781.390000
6781.390000
6781.390000
6781.390000
6781.390000
6781.390000
6781.390000
6781.390000
6781.390000
6781.390000
6781.390000
6781.390000
6781.390000
6781.390000
6781.390000
6781.390000
6781.390000
6781.390000
6781.390000
6781.390000
6781.390000
6781.390000
6781.390000
6781.390000
6781.390000
6781.390000
6781.390000
6781.390000
6781.390000
6781.390000
6781.390000
6781.390000
6781.390000
6781.390000
6781.390000
6781.390000
6781.390000
6781.390000
6781.390000
6781.390000
6781.390000
6781.390000
6781.390000
6781.390000
6781.390000
6781.390000
6781.390000
6781.390000
6781.390000
6781.390000
6781.390000
6781.390000
6781.390000
6781.390000
6781.390000
6781.390000
6781.390000
6781.390000
6781.390000
6781.390000
792.851219
2015.272866
0.000000
1468.250587
3223.867653
4665.953065
6781.390000
6781.390000
6781.390000
6781.390000
6781.390000
6781.390000
6781.390000
6781.390000
6781.390000
6781.390000
6781.390000
6781.390000
6781.390000
6781.390000
6781.390000
6781.390000
6781.390000
6781.390000
6781.390000
6781.390000
6781.390000
6781.390000
6781.390000
6781.390000
6781.390000
6781.390000
6781.390000
6781.390000
6781.390000
6781.390000
6781.390000
6781.390000
6781.390000
6781.390000
6781.390000
6781.390000
6781.390000
6781.390000
6781.390000
6781.390000
3998.579070
4802.438151
0.000000
0.000000
0.000000
0.000000
3347.466523
5069.401978
6781.390000
6781.390000
6781.390000
6781.390000
6781.390000
6781.390000
6781.390000
6781.390000
6781.390000
6781.390000
6781.390000
6781.390000
6781.390000
6781.390000
6781.390000
6781.390000
6781.390000
6781.390000
6781.390000
6781.390000
6781.390000
6781.390000
6781.390000
6781.390000
6781.390000
6781.390000
6781.390000
6781.390000
6781.390000
6781.390000
6781.390000
6781.390000
6781.390000
6781.390000
6781.390000
6781.390000
6781.390000
6781.390000
6781.390000
6781.390000
6781.390000
6781.390000
2431.382212
4836.782187
5212.456648
3300.189169
1256.100614
0.000000
6781.390000
6781.390000
6781.390000
6781.390000
6781.390000
6781.390000
6781.390000
6781.390000
6781.390000
6781.390000
6781.390000
6781.390000
6781.390000
6781.390000
6781.390000
6781.390000
6781.390000
6781.390000
6781.390000
6781.390000
6781.390000
6781.390000
6781.390000
6781.390000
6781.390000
6781.390000
6781.390000
6781.390000
6781.390000
6781.390000
6781.390000
6781.390000
6781.390000
6781.390000
6781.390000
6781.390000
6781.390000
6781.390000
6781.390000
6781.390000
6781.390000
6781.390000
0.000000
0.000000
0.000000
0.000000
0.000000
0.000000
6781.390000
6781.390000
5008.381887
5435.663201
6781.390000
6781.390000
6781.390000
6781.390000
6781.390000
6781.390000
6781.390000
6781.390000
6781.390000
6781.390000
6781.390000
6781.390000
6781.390000
6781.390000
6781.390000
6781.390000
6781.390000
6781.390000
6781.390000
6781.390000
6781.390000
6781.390000
6781.390000
6781.390000
6781.390000
6781.390000
6781.390000
6781.390000
6781.390000
6781.390000
6781.390000
6781.390000
6781.390000
6781.390000
6781.390000
6781.390000
2246.701760
5050.790345
0.000000
1263.214984
0.000000
0.000000
0.000000
0.000000
3204.644745
3200.650762
6781.390000
6781.390000
6781.390000
6781.390000
6781.390000
6781.390000
6781.390000
6781.390000
6781.390000
6781.390000
6781.390000
6781.390000
6781.390000
6781.390000
6781.390000
6781.390000
6781.390000
6781.390000
6781.390000
6781.390000
6781.390000
6781.390000
6781.390000
6781.390000
6781.390000
6781.390000
6781.390000
6781.390000
6781.390000
6781.390000
6781.390000
6781.390000
6781.390000
6781.390000
6781.390000
6781.390000
6781.390000
6781.390000
0.000000
0.000000
0.000000
0.000000
0.000000
0.000000
0.000000
0.000000
0.000000
0.000000
0.000000
0.000000
0.000000
0.000000
6639.310931
6781.390000
6781.390000
6781.390000
6781.390000
6781.390000
6781.390000
6781.390000
6781.390000
6781.390000
6781.390000
6781.390000
6781.390000
6781.390000
6781.390000
6781.390000
6781.390000
6781.390000
6781.390000
6781.390000
6781.390000
6781.390000
6781.390000
6781.390000
6781.390000
6781.390000
6781.390000
6781.390000
6781.390000
6781.390000
6781.390000
6781.390000
6781.390000
6781.390000
0.000000
0.000000
0.000000
0.000000
0.000000
0.000000
0.000000
0.000000
0.000000
0.000000
0.000000
0.000000
0.000000
0.000000
6781.390000
6781.390000
6781.390000
6781.390000
6781.390000
6781.390000
6781.390000
6781.390000
6781.390000
6781.390000
6781.390000
6781.390000
6781.390000
6781.390000
6781.390000
6781.390000
6781.390000
6781.390000
6781.390000
6781.390000
6781.390000
6781.390000
6781.390000
6781.390000
6781.390000
6781.390000
6781.390000
6781.390000
6781.390000
6781.390000
6781.390000
6781.390000
6781.390000
6781.390000
1520.687314
2483.196634
0.000000
0.000000
0.000000
0.000000
2834.817554
4549.662714
6781.390000
6781.390000
6781.390000
6781.390000
6781.390000
6781.390000
6781.390000
6781.390000
6781.390000
6781.390000
6781.390000
6781.390000
6781.390000
6781.390000
6781.390000
6781.390000
6781.390000
6781.390000
6781.390000
6781.390000
6781.390000
6781.390000
6781.390000
6781.390000
6781.390000
6781.390000
6781.390000
6781.390000
6781.390000
6781.390000
6781.390000
6781.390000
6781.390000
6781.390000
6781.390000
6781.390000
6781.390000
6781.390000
6781.390000
6781.390000
0.000000
0.000000
0.000000
0.000000
0.000000
0.000000
0.000000
0.000000
0.000000
0.000000
0.000000
0.000000
0.000000
0.000000
0.000000
0.000000
4362.001088
6781.390000
6781.390000
6781.390000
6781.390000
6781.390000
6781.390000
6781.390000
6781.390000
6781.390000
6781.390000
6781.390000
6781.390000
6781.390000
6781.390000
6781.390000
6781.390000
6781.390000
6781.390000
6781.390000
6781.390000
6781.390000
6781.390000
6781.390000
6781.390000
6781.390000
6781.390000
6781.390000
6781.390000
6781.390000
6781.390000
6781.390000
6508.972564
6781.390000
0.000000
0.000000
0.000000
0.000000
0.000000
0.000000
0.000000
0.000000
2110.864596
2977.401022
6781.390000
6781.390000
6781.390000
6781.390000
6781.390000
0.000000
6781.390000
6781.390000
6781.390000
6781.390000
6781.390000
6781.390000
6781.390000
6781.390000
6781.390000
6781.390000
6781.390000
6781.390000
6781.390000
6781.390000
6781.390000
6781.390000
6781.390000
6781.390000
6781.390000
6781.390000
6781.390000
6781.390000
6781.390000
6781.390000
6781.390000
6781.390000
6781.390000
6781.390000
6781.390000
6781.390000
6781.390000
6781.390000
6781.390000
6781.390000
6781.390000
6781.390000
6781.390000
6781.390000
6781.390000
6781.390000
6781.390000
6781.390000
6781.390000
6781.390000
6781.390000
6781.390000
6781.390000
6781.390000
6781.390000
6781.390000
6781.390000
6781.390000
6781.390000
6781.390000
6781.390000
6781.390000
6781.390000
6781.390000
6781.390000
6781.390000
6781.390000
6781.390000
6781.390000
6781.390000
6781.390000
6781.390000
6781.390000
6781.390000
6781.390000
6781.390000
6781.390000
6781.390000
6781.390000
6781.390000
6781.390000
6781.390000
6781.390000
6781.390000
2253.318404
5045.215365
0.000000
1223.714177
0.000000
0.000000
0.000000
0.000000
3176.043044
3169.089460
6781.390000
6781.390000
6781.390000
6781.390000
6781.390000
6781.390000
6781.390000
6781.390000
6781.390000
6781.390000
6781.390000
6781.390000
6781.390000
6781.390000
6781.390000
6781.390000
6781.390000
6781.390000
6781.390000
6781.390000
6781.390000
6781.390000
6781.390000
6781.390000
6781.390000
6781.390000
6781.390000
6781.390000
6781.390000
6781.390000
6781.390000
6781.390000
6781.390000
6781.390000
6781.390000
6781.390000
6781.390000
6781.390000
0.000000
0.000000
0.000000
0.000000
0.000000
0.000000
0.000000
0.000000
0.000000
0.000000
0.000000
0.000000
0.000000
0.000000
6656.868605
6781.390000
6781.390000
6781.390000
6781.390000
6781.390000
6781.390000
6781.390000
6781.390000
6781.390000
6781.390000
6781.390000
6781.390000
6781.390000
6781.390000
6781.390000
6781.390000
6781.390000
6781.390000
6781.390000
6781.390000
6781.390000
6781.390000
6781.390000
6781.390000
6781.390000
6781.390000
6781.390000
6781.390000
6781.390000
6781.390000
6781.390000
6781.390000
6781.390000
6781.390000
6781.390000
6781.390000
6781.390000
6781.390000
6781.390000
6781.390000
6781.390000
6781.390000
6781.390000
6781.390000
6781.390000
6781.390000
6781.390000
6781.390000
6781.390000
6781.390000
6781.390000
6781.390000
6781.390000
6781.390000
6781.390000
6781.390000
6781.390000
6781.390000
6781.390000
6781.390000
6781.390000
6781.390000
6781.390000
6781.390000
6781.390000
6781.390000
6781.390000
6781.390000
6781.390000
6781.390000
6781.390000
6781.390000
6781.390000
6781.390000
6781.390000
6781.390000
6781.390000
6781.390000
6781.390000
6781.390000
6781.390000
6781.390000
6781.390000
4842.889260
6108.145910
0.000000
1994.170796
3613.743307
5546.768830
6781.390000
6781.390000
6781.390000
6781.390000
6781.390000
6781.390000
6781.390000
6781.390000
6781.390000
6781.390000
6781.390000
6781.390000
6781.390000
6781.390000
6781.390000
6781.390000
6781.390000
6781.390000
6781.390000
6781.390000
6781.390000
6781.390000
6781.390000
6781.390000
6781.390000
6781.390000
6781.390000
6781.390000
6781.390000
6781.390000
6781.390000
6781.390000
6781.390000
6781.390000
6781.390000
6781.390000
6781.390000
6781.390000
6781.390000
6781.390000
6781.390000
6781.390000
0.000000
0.000000
0.000000
0.000000
0.000000
0.000000
0.000000
0.000000
2700.064403
2887.804689
6224.014708
5917.617341
6706.333597
6781.390000
6781.390000
6781.390000
6781.390000
6781.390000
6781.390000
6781.390000
6781.390000
6781.390000
6781.390000
6781.390000
6781.390000
6781.390000
6781.390000
6781.390000
6781.390000
6781.390000
6781.390000
6781.390000
6781.390000
6781.390000
6781.390000
6781.390000
6781.390000
6781.390000
6781.390000
6781.390000
6781.390000
6781.390000
6781.390000
6781.390000
6781.390000
6781.390000
6781.390000
6781.390000
6781.390000
6781.390000
586.211338
2608.665327
6781.390000
6781.390000
6781.390000
6781.390000
6781.390000
6781.390000
6781.390000
6781.390000
6781.390000
6781.390000
6781.390000
6781.390000
6781.390000
6781.390000
6781.390000
6781.390000
6781.390000
6781.390000
6781.390000
6781.390000
6781.390000
6781.390000
6781.390000
6781.390000
6781.390000
6781.390000
6781.390000
6781.390000
6781.390000
6781.390000
6781.390000
6781.390000
6781.390000
6781.390000
6781.390000
6781.390000
6781.390000
6781.390000
6781.390000
6781.390000
6781.390000
6781.390000
6781.390000
6781.390000
6781.390000
6781.390000
6781.390000
6781.390000
6781.390000
6417.348840
6781.390000
6781.390000
6781.390000
6781.390000
6781.390000
6781.390000
6781.390000
6781.390000
6781.390000
6781.390000
6781.390000
6781.390000
6781.390000
6781.390000
6781.390000
6781.390000
6781.390000
6781.390000
6781.390000
6781.390000
6781.390000
6781.390000
6781.390000
6781.390000
6781.390000
6781.390000
6781.390000
6781.390000
6781.390000
6781.390000
6781.390000
6781.390000
6781.390000
6781.390000
6781.390000
6781.390000
6781.390000
6781.390000
6781.390000
6781.390000
2270.452628
5086.510934
0.000000
1290.531700
0.000000
0.000000
0.000000
0.000000
3205.119438
3203.712690
6781.390000
6781.390000
6781.390000
6781.390000
6781.390000
6781.390000
6781.390000
6781.390000
6781.390000
6781.390000
6781.390000
6781.390000
6781.390000
6781.390000
6781.390000
6781.390000
6781.390000
6781.390000
6781.390000
6781.390000
6781.390000
6781.390000
6781.390000
6781.390000
6781.390000
6781.390000
6781.390000
6781.390000
6781.390000
6781.390000
6781.390000
6781.390000
6781.390000
6781.390000
6781.390000
6781.390000
6781.390000
6781.390000
0.000000
0.000000
0.000000
0.000000
0.000000
0.000000
0.000000
0.000000
0.000000
0.000000
0.000000
0.000000
0.000000
0.000000
6703.839632
6781.390000
6781.390000
6781.390000
6781.390000
6781.390000
6781.390000
6781.390000
6781.390000
6781.390000
6781.390000
6781.390000
6781.390000
6781.390000
6781.390000
6781.390000
6781.390000
6781.390000
6781.390000
6781.390000
6781.390000
6781.390000
6781.390000
6781.390000
6781.390000
6781.390000
6781.390000
6781.390000
6781.390000
6781.390000
6781.390000
6781.390000
6781.390000
6781.390000
6781.390000
6781.390000
0.000000
0.000000
0.000000
0.000000
0.000000
0.000000
0.000000
98.380597
4470.836043
4990.523292
6555.821283
6469.180036
6781.390000
0.000000
0.000000
0.000000
0.000000
0.000000
3422.721667
6517.130464
6781.390000
6781.390000
6781.390000
6781.390000
6781.390000
6781.390000
6781.390000
6781.390000
6781.390000
6781.390000
6781.390000
6781.390000
6781.390000
6781.390000
6781.390000
6781.390000
6781.390000
4931.313007
6781.390000
6781.390000
6781.390000
6781.390000
6781.390000
6781.390000
4130.547036
5021.917061
0.000000
0.000000
0.000000
0.000000
0.000000
0.000000
0.000000
0.000000
0.000000
0.000000
0.000000
0.000000
0.000000
0.000000
0.000000
0.000000
0.000000
0.000000
0.000000
0.000000
0.000000
0.000000
1118.364609
1680.899128
6781.390000
6781.390000
6781.390000
6781.390000
6781.390000
6781.390000
6781.390000
6781.390000
6781.390000
6781.390000
6781.390000
6781.390000
6781.390000
6781.390000
6781.390000
6781.390000
6781.390000
6781.390000
6781.390000
6781.390000
6781.390000
6781.390000
6781.390000
6781.390000
6781.390000
6781.390000
0.000000
0.000000
0.000000
0.000000
0.000000
0.000000
0.000000
0.000000
0.000000
0.000000
0.000000
0.000000
0.000000
0.000000
0.000000
0.000000
0.000000
0.000000
0.000000
0.000000
6781.390000
6781.390000
6781.390000
6781.390000
6781.390000
6781.390000
6781.390000
6781.390000
6781.390000
6781.390000
6781.390000
6781.390000
6781.390000
6781.390000
6781.390000
6781.390000
6781.390000
6781.390000
6781.390000
6781.390000
6781.390000
6781.390000
6781.390000
6781.390000
6781.390000
6781.390000
6781.390000
6781.390000
0.000000
0.000000
0.000000
0.000000
0.000000
0.000000
0.000000
0.000000
0.000000
0.000000
0.000000
0.000000
0.000000
0.000000
0.000000
5949.484980
6781.390000
6781.390000
6781.390000
6781.390000
6781.390000
6781.390000
6781.390000
6781.390000
6781.390000
6781.390000
6781.390000
6781.390000
6781.390000
6781.390000
6781.390000
6781.390000
6781.390000
6781.390000
6781.390000
6781.390000
6781.390000
6781.390000
6781.390000
6781.390000
6781.390000
6781.390000
6781.390000
6781.390000
6781.390000
6781.390000
6781.390000
6781.390000
6781.390000
6781.390000
6781.390000
6781.390000
6781.390000
6781.390000
6781.390000
6781.390000
6781.390000
6781.390000
6781.390000
6781.390000
6781.390000
6781.390000
6781.390000
2282.971466
6605.853970
6781.390000
6781.390000
6781.390000
6781.390000
6781.390000
6781.390000
6781.390000
6781.390000
6781.390000
6781.390000
6781.390000
6781.390000
6781.390000
6781.390000
6781.390000
6781.390000
6781.390000
6781.390000
6781.390000
6781.390000
6781.390000
6781.390000
6781.390000
6781.390000
6781.390000
6781.390000
6781.390000
6781.390000
6781.390000
6781.390000
6781.390000
0.000000
0.000000
0.000000
0.000000
0.000000
0.000000
0.000000
0.000000
0.000000
0.000000
0.000000
0.000000
0.000000
0.000000
0.000000
6781.390000
6781.390000
6781.390000
6781.390000
6781.390000
6781.390000
6781.390000
6781.390000
6781.390000
6781.390000
6781.390000
6781.390000
6781.390000
6781.390000
6781.390000
6781.390000
6781.390000
6781.390000
6781.390000
6781.390000
6781.390000
6781.390000
6781.390000
6781.390000
6781.390000
6781.390000
6781.390000
6781.390000
6781.390000
6781.390000
6781.390000
6781.390000
6781.390000
6781.390000
6781.390000
6781.390000
6781.390000
0.000000
0.000000
1922.348877
2259.552468
2473.553430
3081.855745
6781.390000
6781.390000
6781.390000
6781.390000
6781.390000
6781.390000
6781.390000
6781.390000
6781.390000
6781.390000
6781.390000
6781.390000
6781.390000
6781.390000
6781.390000
6781.390000
6781.390000
6781.390000
6781.390000
6781.390000
6781.390000
6781.390000
6781.390000
6781.390000
6781.390000
6781.390000
6781.390000
6781.390000
6781.390000
6781.390000
6781.390000
6781.390000
6781.390000
6781.390000
6781.390000
6781.390000
6781.390000
6781.390000
2050.805532
4270.787514
6781.390000
6781.390000
6781.390000
6781.390000
6781.390000
6781.390000
6781.390000
6781.390000
6781.390000
6781.390000
6781.390000
6781.390000
6781.390000
6781.390000
6781.390000
6781.390000
6781.390000
6781.390000
6781.390000
6781.390000
6781.390000
6781.390000
6781.390000
6781.390000
6781.390000
6781.390000
6781.390000
6781.390000
6781.390000
6781.390000
6781.390000
6781.390000
6781.390000
6781.390000
6781.390000
6781.390000
6781.390000
6781.390000
6781.390000
6781.390000
6781.390000
6781.390000
6781.390000
6781.390000
2825.098099
3497.713364
0.000000
0.000000
0.000000
0.000000
0.000000
0.000000
0.000000
416.716346
5388.109628
5449.003757
6781.390000
6781.390000
6781.390000
6781.390000
6781.390000
6781.390000
6781.390000
6781.390000
6781.390000
6781.390000
6781.390000
6781.390000
6781.390000
6781.390000
6781.390000
6781.390000
6781.390000
6781.390000
6781.390000
6781.390000
6781.390000
6781.390000
6781.390000
6781.390000
6781.390000
6781.390000
6781.390000
6781.390000
6781.390000
6781.390000
6781.390000
6781.390000
6781.390000
6781.390000
6781.390000
6781.390000
4427.783697
4989.936263
0.000000
0.000000
0.000000
0.000000
0.000000
0.000000
6781.390000
6781.390000
6781.390000
6781.390000
6781.390000
6781.390000
6781.390000
6781.390000
6781.390000
6781.390000
6781.390000
6781.390000
6781.390000
6781.390000
6781.390000
6781.390000
6781.390000
6781.390000
6781.390000
6781.390000
6781.390000
6781.390000
6781.390000
6781.390000
6781.390000
6781.390000
6781.390000
6781.390000
6781.390000
6781.390000
6781.390000
6781.390000
6781.390000
6781.390000
6781.390000
6781.390000
6781.390000
6781.390000
6781.390000
6781.390000
6781.390000
6781.390000
1982.095158
4343.193326
1051.253526
0.000000
0.000000
0.000000
0.000000
0.000000
1612.814681
2323.019268
6781.390000
6781.390000
6781.390000
6781.390000
6781.390000
6781.390000
6781.390000
6781.390000
6781.390000
6781.390000
6781.390000
6781.390000
6781.390000
6781.390000
6781.390000
6781.390000
6781.390000
6781.390000
6781.390000
6781.390000
6781.390000
6781.390000
6781.390000
6781.390000
6781.390000
6781.390000
6781.390000
6781.390000
6781.390000
6781.390000
6781.390000
6781.390000
6781.390000
6781.390000
6781.390000
6781.390000
6781.390000
6781.390000
2103.635533
4673.803045
6346.080702
4636.858495
5021.116613
3501.590711
0.000000
0.000000
1251.491215
2269.968634
6781.390000
6781.390000
6781.390000
6781.390000
6781.390000
6781.390000
6781.390000
6781.390000
6781.390000
6781.390000
6781.390000
6781.390000
6781.390000
6781.390000
6781.390000
6781.390000
6781.390000
6781.390000
6781.390000
6781.390000
6781.390000
6781.390000
6781.390000
6781.390000
6781.390000
6781.390000
6781.390000
6781.390000
6781.390000
6781.390000
6781.390000
6781.390000
6781.390000
6781.390000
6781.390000
6781.390000
6781.390000
6781.390000
0.000000
0.000000
0.000000
0.000000
0.000000
0.000000
0.000000
0.000000
0.000000
0.000000
4130.667397
5050.451059
6781.390000
6781.390000
6781.390000
6781.390000
6781.390000
6781.390000
6781.390000
6781.390000
6781.390000
6781.390000
6781.390000
6781.390000
6781.390000
6781.390000
6781.390000
6781.390000
6781.390000
6781.390000
6781.390000
6781.390000
6781.390000
6781.390000
6781.390000
6781.390000
6781.390000
6781.390000
6781.390000
6781.390000
6781.390000
6781.390000
6781.390000
6781.390000
6781.390000
6781.390000
6781.390000
6781.390000
4512.888556
6781.390000
6244.241717
4674.640880
710.216623
0.000000
2308.409909
2865.239453
5546.737200
6604.357274
6228.843378
6781.390000
6781.390000
6781.390000
6781.390000
6781.390000
6781.390000
6781.390000
6781.390000
6781.390000
6781.390000
6781.390000
6781.390000
6781.390000
6781.390000
6781.390000
6781.390000
6781.390000
6781.390000
6781.390000
6781.390000
6781.390000
6781.390000
6781.390000
6781.390000
6781.390000
6781.390000
6781.390000
6781.390000
6781.390000
6781.390000
6781.390000
6781.390000
6781.390000
6781.390000
6781.390000
6781.390000
6781.390000
93.072473
2731.735157
0.000000
0.000000
0.000000
0.000000
0.000000
0.000000
0.000000
0.000000
2652.237849
3378.699192
4715.998338
6780.601756
6781.390000
6781.390000
6781.390000
6781.390000
6781.390000
6781.390000
6781.390000
6781.390000
6781.390000
6781.390000
6781.390000
6781.390000
6781.390000
6781.390000
6781.390000
6781.390000
6781.390000
6781.390000
6781.390000
6781.390000
6781.390000
6781.390000
6781.390000
6781.390000
6781.390000
6781.390000
6781.390000
6781.390000
6781.390000
6781.390000
6781.390000
6781.390000
6781.390000
6781.390000
0.000000
0.000000
0.000000
1590.862481
6781.390000
6781.390000
6781.390000
6781.390000
6781.390000
6781.390000
6781.390000
6781.390000
6781.390000
6781.390000
6781.390000
6781.390000
6781.390000
6781.390000
6781.390000
6781.390000
6781.390000
6781.390000
6781.390000
6781.390000
6781.390000
6781.390000
6781.390000
6781.390000
6781.390000
6781.390000
6781.390000
6781.390000
6781.390000
6781.390000
6781.390000
6781.390000
6781.390000
6781.390000
6781.390000
6781.390000
6781.390000
6781.390000
6781.390000
6781.390000
6781.390000
6781.390000
6781.390000
6781.390000
6054.050688
6781.390000
2464.407111
4508.295017
6178.668083
6781.390000
6781.390000
6781.390000
6781.390000
6781.390000
6781.390000
6781.390000
6781.390000
6781.390000
6781.390000
6781.390000
6781.390000
6781.390000
6781.390000
6781.390000
6781.390000
6781.390000
6781.390000
6781.390000
6781.390000
6781.390000
6781.390000
6781.390000
6781.390000
6781.390000
6781.390000
6781.390000
6781.390000
6781.390000
6781.390000
6781.390000
6781.390000
6781.390000
6781.390000
6781.390000
6781.390000
6781.390000
6781.390000
6781.390000
6781.390000
6781.390000
6781.390000
6781.390000
6781.390000
6781.390000
6781.390000
6781.390000
6781.390000
6781.390000
6781.390000
6781.390000
6781.390000
6781.390000
6781.390000
6781.390000
6781.390000
6781.390000
6781.390000
6781.390000
6781.390000
6781.390000
6781.390000
6781.390000
6781.390000
6781.390000
6781.390000
6781.390000
6781.390000
6781.390000
6781.390000
6781.390000
6781.390000
6781.390000
6781.390000
6781.390000
6781.390000
6781.390000
6781.390000
6781.390000
6781.390000
6781.390000
6781.390000
6781.390000
6781.390000
6781.390000
6781.390000
6781.390000
6781.390000
6781.390000
6781.390000
6781.390000
6781.390000
6781.390000
6781.390000
6781.390000
6781.390000
6781.390000
6781.390000
6781.390000
6781.390000
6781.390000
6781.390000
6781.390000
6781.390000
6781.390000
6781.390000
6781.390000
6781.390000
6781.390000
6781.390000
6781.390000
6781.390000
6781.390000
6781.390000
6781.390000
6781.390000
6781.390000
6781.390000
6781.390000
6781.390000
6781.390000
6781.390000
6781.390000
6781.390000
6781.390000
6781.390000
6781.390000
6781.390000
6781.390000
6781.390000
6781.390000
6781.390000
6781.390000
6781.390000
6781.390000
6781.390000
6781.390000
6781.390000
6781.390000
6781.390000
6781.390000
6781.390000
6781.390000
6781.390000
6781.390000
6781.390000
6781.390000
6781.390000
6781.390000
6781.390000
6781.390000
6781.390000
6781.390000
6781.390000
6781.390000
6781.390000
6781.390000
6781.390000
6781.390000
6781.390000
6781.390000
6781.390000
6781.390000
6781.390000
6781.390000
6781.390000
6781.390000
6781.390000
6781.390000
6781.390000
6781.390000
6781.390000
6781.390000
6781.390000
6781.390000
6781.390000
6781.390000
6781.390000
6781.390000
6781.390000
6781.390000
6781.390000
6781.390000
6781.390000
6781.390000
6781.390000
6781.390000
6781.390000
6781.390000
6781.390000
6781.390000
6781.390000
6781.390000
6781.390000
6781.390000
6781.390000
6781.390000
6781.390000
6781.390000
6781.390000
6781.390000
6781.390000
6781.390000
6781.390000
6781.390000
6781.390000
6781.390000
6781.390000
6781.390000
6781.390000
6781.390000
6781.390000
6781.390000
6781.390000
6781.390000
6781.390000
6781.390000
6781.390000
6781.390000
6781.390000
6781.390000
6781.390000
6781.390000
6781.390000
6781.390000
6781.390000
6781.390000
6781.390000
6781.390000
6781.390000
6781.390000
6781.390000
6781.390000
6781.390000
6781.390000
6781.390000
6781.390000
6781.390000
6781.390000
6781.390000
6781.390000
6781.390000
6781.390000
6781.390000
6781.390000
6781.390000
6781.390000
6781.390000
6781.390000
6781.390000
6781.390000
6781.390000
6781.390000
6781.390000
6781.390000
6781.390000
6781.390000
6781.390000
6781.390000
6781.390000
6781.390000
6781.390000
6781.390000
6781.390000
6781.390000
6781.390000
6781.390000
6781.390000
6781.390000
6781.390000
6781.390000
6781.390000
6781.390000
6781.390000
6781.390000
6781.390000
6781.390000
6781.390000
6781.390000
6781.390000
6781.390000
6781.390000
6781.390000
6781.390000
6781.390000
6781.390000
6781.390000
6781.390000
6781.390000
6781.390000
6781.390000
6781.390000
6781.390000
6781.390000
6136.316859
3912.148288
4557.183088
6475.932545
0.000000
0.000000
0.000000
3390.596045
6506.771714
6781.390000
6781.390000
6781.390000
6781.390000
6781.390000
6781.390000
6781.390000
6781.390000
6781.390000
6781.390000
6781.390000
6781.390000
6781.390000
6781.390000
6781.390000
6781.390000
6781.390000
6781.390000
6781.390000
6781.390000
6781.390000
6781.390000
6781.390000
6781.390000
6781.390000
6781.390000
5044.270797
5768.075752
0.000000
0.000000
0.000000
0.000000
0.000000
0.000000
0.000000
0.000000
0.000000
0.000000
0.000000
0.000000
0.000000
0.000000
0.000000
5646.466009
6781.390000
6781.390000
6781.390000
6781.390000
6781.390000
6781.390000
6781.390000
6781.390000
6781.390000
6781.390000
6781.390000
6781.390000
6781.390000
6781.390000
6781.390000
6781.390000
6781.390000
6781.390000
6781.390000
6781.390000
6781.390000
6781.390000
6781.390000
6781.390000
6781.390000
6781.390000
6781.390000
6781.390000
6781.390000
6781.390000
6781.390000
6781.390000
6781.390000
6781.390000
6781.390000
6781.390000
6781.390000
6781.390000
6781.390000
6781.390000
6781.390000
6781.390000
6781.390000
6781.390000
6781.390000
6781.390000
6781.390000
6781.390000
6781.390000
6781.390000
6781.390000
6781.390000
6781.390000
6781.390000
6781.390000
6781.390000
6781.390000
6781.390000
6781.390000
6781.390000
6781.390000
6781.390000
6781.390000
6781.390000
6781.390000
6781.390000
6781.390000
6781.390000
6781.390000
6781.390000
6781.390000
6781.390000
6781.390000
6781.390000
6781.390000
6781.390000
6781.390000
6781.390000
0.000000
0.000000
0.000000
0.000000
0.000000
0.000000
0.000000
0.000000
0.000000
0.000000
0.000000
0.000000
0.000000
0.000000
0.000000
0.000000
0.000000
0.000000
0.000000
0.000000
1488.581395
5071.008570
6781.390000
6781.390000
6781.390000
6781.390000
6781.390000
6781.390000
6781.390000
6781.390000
6781.390000
6781.390000
6781.390000
6781.390000
6781.390000
6781.390000
6781.390000
6781.390000
6781.390000
6781.390000
6781.390000
6781.390000
6781.390000
6781.390000
6781.390000
6781.390000
6781.390000
6781.390000
3862.257256
6781.390000
0.000000
0.000000
0.000000
0.000000
0.000000
0.000000
0.000000
0.000000
0.000000
0.000000
0.000000
0.000000
0.000000
0.000000
1867.194099
5001.411412
6781.390000
6781.390000
6781.390000
6781.390000
6781.390000
6781.390000
6781.390000
6781.390000
6781.390000
6781.390000
6781.390000
6781.390000
6781.390000
6781.390000
6781.390000
6781.390000
6781.390000
6781.390000
6781.390000
6781.390000
6781.390000
6781.390000
6781.390000
6781.390000
6781.390000
6781.390000
6781.390000
6781.390000
6781.390000
6781.390000
6781.390000
6781.390000
0.000000
0.000000
0.000000
0.000000
0.000000
0.000000
0.000000
0.000000
0.000000
0.000000
0.000000
0.000000
0.000000
1927.684571
0.000000
1389.603756
6781.390000
6781.390000
6781.390000
6781.390000
6781.390000
6781.390000
6781.390000
6781.390000
6781.390000
6781.390000
6781.390000
6781.390000
6781.390000
6781.390000
6781.390000
6781.390000
6781.390000
6781.390000
6781.390000
6781.390000
6781.390000
6781.390000
6781.390000
6781.390000
6781.390000
6781.390000
6781.390000
6781.390000
6781.390000
6781.390000
6781.390000
6781.390000
6781.390000
6781.390000
6781.390000
4922.135690
0.000000
0.000000
0.000000
0.000000
0.000000
0.000000
0.000000
0.000000
111.062884
2233.368906
6508.520850
6781.390000
6781.390000
6781.390000
6781.390000
6781.390000
6781.390000
6781.390000
6781.390000
6781.390000
6781.390000
6781.390000
6781.390000
6781.390000
6781.390000
6781.390000
6781.390000
6781.390000
6781.390000
6781.390000
6781.390000
6781.390000
6781.390000
6781.390000
6781.390000
6781.390000
6781.390000
6781.390000
6781.390000
6781.390000
6781.390000
6781.390000
6781.390000
6781.390000
0.000000
0.000000
0.000000
0.000000
0.000000
0.000000
0.000000
0.000000
0.000000
0.000000
0.000000
0.000000
0.000000
0.000000
0.000000
0.000000
0.000000
646.658110
5050.791676
6781.390000
6781.390000
6781.390000
6781.390000
6781.390000
6781.390000
6781.390000
6781.390000
6781.390000
6781.390000
6781.390000
6781.390000
6781.390000
6781.390000
6781.390000
6781.390000
6781.390000
6781.390000
6781.390000
6781.390000
6781.390000
6781.390000
6781.390000
6781.390000
6781.390000
6781.390000
6781.390000
6781.390000
6781.390000
0.000000
0.000000
0.000000
0.000000
0.000000
0.000000
0.000000
0.000000
0.000000
0.000000
0.000000
0.000000
0.000000
0.000000
0.000000
0.000000
6781.390000
6781.390000
6781.390000
6781.390000
6781.390000
6781.390000
6781.390000
6781.390000
6781.390000
6781.390000
6781.390000
6781.390000
6781.390000
6781.390000
6781.390000
6781.390000
6781.390000
6781.390000
6781.390000
6781.390000
6781.390000
6781.390000
6781.390000
6781.390000
6781.390000
6781.390000
6781.390000
6781.390000
6781.390000
6781.390000
6781.390000
6781.390000
0.000000
253.999189
0.000000
0.000000
1602.502252
0.000000
0.000000
0.000000
1723.499550
2411.998253
0.000000
244.917613
3846.768328
5733.428136
6781.390000
6781.390000
6781.390000
6781.390000
6781.390000
6781.390000
6781.390000
6781.390000
6781.390000
6781.390000
6781.390000
6781.390000
6781.390000
6781.390000
6781.390000
6781.390000
6781.390000
6781.390000
6781.390000
6781.390000
6781.390000
6781.390000
6781.390000
6781.390000
6781.390000
6781.390000
6781.390000
6781.390000
6781.390000
6781.390000
6781.390000
6781.390000
6781.390000
6781.390000
5788.614439
6781.390000
0.000000
0.000000
0.000000
0.000000
0.000000
0.000000
0.000000
0.000000
0.000000
0.000000
5626.746979
6781.390000
4117.371496
5218.326083
6781.390000
6781.390000
6781.390000
6781.390000
6781.390000
6781.390000
6781.390000
6781.390000
6781.390000
6781.390000
6781.390000
6781.390000
6781.390000
6781.390000
6781.390000
6781.390000
6781.390000
6781.390000
6781.390000
6781.390000
6781.390000
6781.390000
6781.390000
6781.390000
6781.390000
6781.390000
6781.390000
6781.390000
6781.390000
6781.390000
6781.390000
6781.390000
0.000000
0.000000
0.000000
0.000000
0.000000
0.000000
0.000000
0.000000
2353.962163
3045.244926
3752.788062
4512.759678
6781.390000
6781.390000
6781.390000
6781.390000
6781.390000
6781.390000
6781.390000
6781.390000
6781.390000
6781.390000
6781.390000
6781.390000
6781.390000
6781.390000
6781.390000
6781.390000
6781.390000
6781.390000
6781.390000
6781.390000
6781.390000
6781.390000
6781.390000
6781.390000
6781.390000
6781.390000
6781.390000
6781.390000
6781.390000
6781.390000
6781.390000
6781.390000
6781.390000
6781.390000
6781.390000
6781.390000
6781.390000
6781.390000
6781.390000
6781.390000
6781.390000
6781.390000
6781.390000
6781.390000
6781.390000
6781.390000
6781.390000
6781.390000
6781.390000
6781.390000
6781.390000
6781.390000
6781.390000
6781.390000
6781.390000
6781.390000
6781.390000
6781.390000
6781.390000
6781.390000
6781.390000
6781.390000
6781.390000
6781.390000
6781.390000
6781.390000
6781.390000
6781.390000
6781.390000
6781.390000
6781.390000
6781.390000
6781.390000
6781.390000
6781.390000
6781.390000
6781.390000
6781.390000
6781.390000
6781.390000
6781.390000
6781.390000
6781.390000
6781.390000
6781.390000
6781.390000
6781.390000
6602.897508
0.000000
0.000000
0.000000
0.000000
4783.111232
5628.260677
6781.390000
6781.390000
6781.390000
6781.390000
6781.390000
6781.390000
6781.390000
6781.390000
6781.390000
6781.390000
6781.390000
6781.390000
6781.390000
6781.390000
6781.390000
6781.390000
6781.390000
6781.390000
6781.390000
6781.390000
6781.390000
6781.390000
6781.390000
6781.390000
6781.390000
6781.390000
6781.390000
6781.390000
6781.390000
6781.390000
6781.390000
6781.390000
6781.390000
6781.390000
6781.390000
6781.390000
6781.390000
6781.390000
0.000000
0.000000
0.000000
0.000000
0.000000
0.000000
0.000000
0.000000
0.000000
0.000000
0.000000
0.000000
0.000000
9.933143
5013.658039
6781.390000
6781.390000
6781.390000
6781.390000
6781.390000
6781.390000
6781.390000
6781.390000
6781.390000
6781.390000
6781.390000
6781.390000
6781.390000
6781.390000
6781.390000
6781.390000
6781.390000
6781.390000
6781.390000
6781.390000
6781.390000
6781.390000
6781.390000
6781.390000
6781.390000
6781.390000
6781.390000
6781.390000
6781.390000
6781.390000
6781.390000
3266.663160
4054.367358
0.000000
0.000000
0.000000
0.000000
0.000000
0.000000
0.000000
0.000000
0.000000
0.000000
0.000000
0.000000
5015.953853
5787.501965
6781.390000
5554.292061
3746.990368
6781.390000
6781.390000
6781.390000
6781.390000
6781.390000
6781.390000
6781.390000
6781.390000
6781.390000
6781.390000
6781.390000
6781.390000
6781.390000
6781.390000
6781.390000
6781.390000
6781.390000
6781.390000
6781.390000
6781.390000
6781.390000
6781.390000
6781.390000
6781.390000
6781.390000
6781.390000
6781.390000
6781.390000
6781.390000
6781.390000
6781.390000
6781.390000
6781.390000
6781.390000
6781.390000
6781.390000
5981.901965
6781.390000
6781.390000
6781.390000
6781.390000
6781.390000
6781.390000
6781.390000
6781.390000
6781.390000
6781.390000
6781.390000
6781.390000
6781.390000
6781.390000
6781.390000
6781.390000
6781.390000
6781.390000
6781.390000
6781.390000
6781.390000
6781.390000
6781.390000
6781.390000
6781.390000
6781.390000
6781.390000
6781.390000
6781.390000
6781.390000
6781.390000
6781.390000
6781.390000
6781.390000
6781.390000
6781.390000
6781.390000
6781.390000
6781.390000
6781.390000
6781.390000
6781.390000
6781.390000
6781.390000
6781.390000
6781.390000
6781.390000
5989.462709
6781.390000
6781.390000
6781.390000
6781.390000
6781.390000
6781.390000
6781.390000
6781.390000
6781.390000
6781.390000
6781.390000
6781.390000
6781.390000
6781.390000
6781.390000
6781.390000
6781.390000
6781.390000
6781.390000
6781.390000
6781.390000
6781.390000
6781.390000
6781.390000
6781.390000
6781.390000
6781.390000
6781.390000
6781.390000
6781.390000
6781.390000
6781.390000
6781.390000
6781.390000
6781.390000
6781.390000
6781.390000
6781.390000
6781.390000
6781.390000
6781.390000
6781.390000
6781.390000
6781.390000
6781.390000
6781.390000
6781.390000
6781.390000
6781.390000
6781.390000
6781.390000
6781.390000
6781.390000
6781.390000
6781.390000
6781.390000
6781.390000
6781.390000
6781.390000
6781.390000
6781.390000
6781.390000
6781.390000
6781.390000
6781.390000
6781.390000
6781.390000
6781.390000
6781.390000
6781.390000
6781.390000
6781.390000
6781.390000
6781.390000
6781.390000
6781.390000
6781.390000
6781.390000
6781.390000
6781.390000
6781.390000
6781.390000
6781.390000
6781.390000
6781.390000
6781.390000
6781.390000
6781.390000
6781.390000
6781.390000
6781.390000
6781.390000
6781.390000
6781.390000
6781.390000
6781.390000
6781.390000
6781.390000
6781.390000
6781.390000
6781.390000
6781.390000
6781.390000
6781.390000
6781.390000
6781.390000
6781.390000
6781.390000
6781.390000
6781.390000
6781.390000
6781.390000
6781.390000
6781.390000
6781.390000
6781.390000
6781.390000
6781.390000
6781.390000
6781.390000
6781.390000
6781.390000
6781.390000
6781.390000
6781.390000
6781.390000
6781.390000
6781.390000
6781.390000
6781.390000
6781.390000
6781.390000
6781.390000
6781.390000
6781.390000
6781.390000
6781.390000
6781.390000
6781.390000
6781.390000
6781.390000
6781.390000
6781.390000
6781.390000
6781.390000
6781.390000
6781.390000
6781.390000
6781.390000
6781.390000
6781.390000
6781.390000
6781.390000
6781.390000
6781.390000
6781.390000
6781.390000
6781.390000
6781.390000
6781.390000
6781.390000
6781.390000
6781.390000
6781.390000
6781.390000
6781.390000
6781.390000
6781.390000
6781.390000
6781.390000
6781.390000
6781.390000
6781.390000
6781.390000
6781.390000
6781.390000
6781.390000
6781.390000
6781.390000
6781.390000
6781.390000
6781.390000
6781.390000
6781.390000
6781.390000
6781.390000
6781.390000
6781.390000
0.000000
1046.980385
6781.390000
6781.390000
6781.390000
6781.390000
6781.390000
6781.390000
6781.390000
6781.390000
6781.390000
6781.390000
6781.390000
6781.390000
6781.390000
6781.390000
6781.390000
6781.390000
6781.390000
6781.390000
6781.390000
6781.390000
6781.390000
6781.390000
6781.390000
6781.390000
6781.390000
6781.390000
6781.390000
6781.390000
6781.390000
6781.390000
6781.390000
6781.390000
6781.390000
6781.390000
6781.390000
6781.390000
6781.390000
6781.390000
6781.390000
6781.390000
6781.390000
6781.390000
6781.390000
6781.390000
6781.390000
6781.390000
6781.390000
6781.390000
6781.390000
6781.390000
6781.390000
6781.390000
6781.390000
6781.390000
6781.390000
6781.390000
6781.390000
6781.390000
6781.390000
6781.390000
6781.390000
6781.390000
6781.390000
6781.390000
6781.390000
6781.390000
6781.390000
6781.390000
6781.390000
6781.390000
6781.390000
6781.390000
6781.390000
6781.390000
6781.390000
6781.390000
6781.390000
6781.390000
6781.390000
6781.390000
6781.390000
6781.390000
6781.390000
6781.390000
6781.390000
6781.390000
6781.390000
6781.390000
6781.390000
6781.390000
6781.390000
6781.390000
6781.390000
6781.390000
6781.390000
6781.390000
6781.390000
6781.390000
6781.390000
6781.390000
6781.390000
6781.390000
6781.390000
6781.390000
6781.390000
6781.390000
6781.390000
6781.390000
6781.390000
6781.390000
6781.390000
6781.390000
6781.390000
6781.390000
6781.390000
6781.390000
6781.390000
6781.390000
6781.390000
6781.390000
6781.390000
6781.390000
6781.390000
6781.390000
6781.390000
6781.390000
6781.390000
6781.390000
6781.390000
6781.390000
6781.390000
6781.390000
6781.390000
6781.390000
6781.390000
6781.390000
6781.390000
6781.390000
6781.390000
6781.390000
6781.390000
6781.390000
6781.390000
6781.390000
6781.390000
6781.390000
6781.390000
6781.390000
6781.390000
6781.390000
6781.390000
6781.390000
6781.390000
6781.390000
6781.390000
6781.390000
6781.390000
6781.390000
6781.390000
6781.390000
6781.390000
6781.390000
6781.390000
6781.390000
6781.390000
6781.390000
6781.390000
6781.390000
6781.390000
6781.390000
6781.390000
6781.390000
6781.390000
6781.390000
6781.390000
6781.390000
6781.390000
6781.390000
6781.390000
6781.390000
6781.390000
6781.390000
6781.390000
6781.390000
6781.390000
6781.390000
6781.390000
6781.390000
6781.390000
6781.390000
6781.390000
6781.390000
6781.390000
6781.390000
6781.390000
6781.390000
6781.390000
6781.390000
6781.390000
6781.390000
6781.390000
6781.390000
6781.390000
6781.390000
6781.390000
6781.390000
6781.390000
6781.390000
6781.390000
6781.390000
6781.390000
6781.390000
6781.390000
6781.390000
6781.390000
6781.390000
6781.390000
6781.390000
6781.390000
6781.390000
6781.390000
6781.390000
6781.390000
6781.390000
6781.390000
6781.390000
6781.390000
6781.390000
6781.390000
6781.390000
6781.390000
6781.390000
6781.390000
6781.390000
6781.390000
6781.390000
6781.390000
6781.390000
6781.390000
6781.390000
6781.390000
6781.390000
6781.390000
6781.390000
6781.390000
6781.390000
6781.390000
6781.390000
6781.390000
6781.390000
6781.390000
6781.390000
6781.390000
6781.390000
6781.390000
6781.390000
6781.390000
6781.390000
6781.390000
6781.390000
6781.390000
6781.390000
6781.390000
6781.390000
6781.390000
6781.390000
6781.390000
6781.390000
6781.390000
6781.390000
6781.390000
6781.390000
6781.390000
6781.390000
6781.390000
6781.390000
6781.390000
6781.390000
6781.390000
6781.390000
6781.390000
6781.390000
6781.390000
6781.390000
6781.390000
6781.390000
6781.390000
6781.390000
6781.390000
6781.390000
6781.390000
6781.390000
6781.390000
6781.390000
6781.390000
6781.390000
6781.390000
6781.390000
6781.390000
6781.390000
6781.390000
6781.390000
6781.390000
6781.390000
6781.390000
6781.390000
6781.390000
6781.390000
6781.390000
6781.390000
6781.390000
6781.390000
6781.390000
6781.390000
6781.390000
6781.390000
6781.390000
6781.390000
6781.390000
6781.390000
6781.390000
6781.390000
6781.390000
6781.390000
6781.390000
6781.390000
6781.390000
6781.390000
6781.390000
6781.390000
6781.390000
6781.390000
6781.390000
6781.390000
6781.390000
6781.390000
6781.390000
6781.390000
6781.390000
6781.390000
6781.390000
6781.390000
6781.390000
6781.390000
6781.390000
6781.390000
6781.390000
6781.390000
6781.390000
6781.390000
6781.390000
6781.390000
6781.390000
6781.390000
6781.390000
6781.390000
6781.390000
6781.390000
6781.390000
6781.390000
6781.390000
6781.390000
6781.390000
6781.390000
6781.390000
6781.390000
6781.390000
6781.390000
6781.390000
6781.390000
6781.390000
6781.390000
6781.390000
6781.390000
6781.390000
6781.390000
6781.390000
6781.390000
6781.390000
6781.390000
0.000000
0.000000
0.000000
0.000000
0.000000
0.000000
0.000000
0.000000
0.000000
0.000000
0.000000
0.000000
5286.830948
6107.878266
6781.390000
6781.390000
6781.390000
6781.390000
6781.390000
6781.390000
6781.390000
6781.390000
6781.390000
6781.390000
6781.390000
6781.390000
6781.390000
6781.390000
6781.390000
6781.390000
6781.390000
6781.390000
6781.390000
6781.390000
6781.390000
6781.390000
6781.390000
6781.390000
6781.390000
6781.390000
6781.390000
6781.390000
6781.390000
6781.390000
6781.390000
6781.390000
6781.390000
6781.390000
0.000000
248.974822
0.000000
0.000000
0.000000
0.000000
0.000000
0.000000
0.000000
125.571912
6781.390000
6781.390000
6781.390000
6781.390000
6781.390000
6781.390000
6781.390000
6781.390000
6781.390000
6781.390000
6781.390000
6781.390000
6781.390000
6781.390000
6781.390000
6781.390000
6781.390000
6781.390000
6781.390000
6781.390000
6781.390000
6781.390000
6781.390000
6781.390000
6781.390000
6781.390000
6781.390000
6781.390000
6781.390000
6781.390000
6781.390000
6781.390000
6781.390000
6781.390000
6781.390000
6781.390000
6781.390000
6781.390000
0.000000
1574.375879
0.000000
0.000000
0.000000
0.000000
0.000000
0.000000
2108.671315
2968.187261
6781.390000
6781.390000
6781.390000
6781.390000
6781.390000
6781.390000
6781.390000
6781.390000
6781.390000
6781.390000
6781.390000
6781.390000
6781.390000
6781.390000
6781.390000
6781.390000
6781.390000
6781.390000
6781.390000
6781.390000
6781.390000
6781.390000
6781.390000
6781.390000
6781.390000
6781.390000
6781.390000
6781.390000
6781.390000
6781.390000
6781.390000
6781.390000
6781.390000
6781.390000
6781.390000
6781.390000
6781.390000
6781.390000
0.000000
0.000000
0.000000
0.000000
0.000000
0.000000
4987.088854
5193.487098
2893.169057
3636.052108
6781.390000
6781.390000
6781.390000
6781.390000
6781.390000
6781.390000
6781.390000
6781.390000
6781.390000
6781.390000
6781.390000
6781.390000
6781.390000
6781.390000
6781.390000
6781.390000
6781.390000
6781.390000
6781.390000
6781.390000
6781.390000
6781.390000
6781.390000
6781.390000
6781.390000
6781.390000
6781.390000
6781.390000
6781.390000
6781.390000
6781.390000
6781.390000
6781.390000
6781.390000
6781.390000
6781.390000
6781.390000
6781.390000
6781.390000
6781.390000
6781.390000
6781.390000
6781.390000
6781.390000
6781.390000
6781.390000
6781.390000
6781.390000
6781.390000
6781.390000
6781.390000
6781.390000
6781.390000
6781.390000
6781.390000
6781.390000
6781.390000
6781.390000
6781.390000
6781.390000
6781.390000
6781.390000
6781.390000
6781.390000
6781.390000
6781.390000
6781.390000
6781.390000
6781.390000
6781.390000
6781.390000
6781.390000
6781.390000
6781.390000
6781.390000
6781.390000
6781.390000
6781.390000
6781.390000
6781.390000
6781.390000
6781.390000
6781.390000
6781.390000
6781.390000
6781.390000
6781.390000
6781.390000
6781.390000
6781.390000
6781.390000
6781.390000
6781.390000
6781.390000
6781.390000
6781.390000
6781.390000
6781.390000
6781.390000
6781.390000
6781.390000
6781.390000
6781.390000
6781.390000
6781.390000
6781.390000
6781.390000
6781.390000
6781.390000
6781.390000
6781.390000
6781.390000
6781.390000
6781.390000
6781.390000
6781.390000
6781.390000
6781.390000
6781.390000
6781.390000
6781.390000
6781.390000
6781.390000
6781.390000
6781.390000
6781.390000
6781.390000
6781.390000
6781.390000
6781.390000
6781.390000
6781.390000
6781.390000
6781.390000
6781.390000
6781.390000
6781.390000
6781.390000
6781.390000
6781.390000
6781.390000
6781.390000
6781.390000
6781.390000
6781.390000
6781.390000
6781.390000
6781.390000
6781.390000
6781.390000
6781.390000
6781.390000
6781.390000
6781.390000
6781.390000
6781.390000
6781.390000
6781.390000
6781.390000
6781.390000
6781.390000
6781.390000
6781.390000
6781.390000
6781.390000
6781.390000
6781.390000
6781.390000
6781.390000
6781.390000
6781.390000
6781.390000
6781.390000
6781.390000
6781.390000
6781.390000
6781.390000
6781.390000
6781.390000
6781.390000
6781.390000
6781.390000
744.799651
1993.500715
0.000000
0.000000
0.000000
0.000000
0.000000
482.829841
4948.495827
4790.722471
6781.390000
6781.390000
6781.390000
6781.390000
6781.390000
6781.390000
6781.390000
6781.390000
6781.390000
6781.390000
6781.390000
6781.390000
6781.390000
6781.390000
6781.390000
6781.390000
6781.390000
6781.390000
6781.390000
6781.390000
6781.390000
6781.390000
6781.390000
6781.390000
6781.390000
6781.390000
6781.390000
6781.390000
6781.390000
6781.390000
6781.390000
6781.390000
6781.390000
6781.390000
6781.390000
6781.390000
6781.390000
6781.390000
6781.390000
6781.390000
3579.118080
1253.258760
0.000000
0.000000
0.000000
0.000000
3088.564458
3825.686663
6781.390000
6781.390000
6781.390000
6781.390000
6781.390000
6781.390000
6781.390000
6781.390000
6781.390000
6781.390000
6781.390000
6781.390000
6781.390000
6781.390000
6781.390000
6781.390000
6781.390000
6781.390000
6781.390000
6781.390000
6781.390000
6781.390000
6781.390000
6781.390000
6781.390000
6781.390000
6781.390000
6781.390000
6781.390000
6781.390000
6781.390000
6781.390000
6781.390000
6781.390000
6781.390000
6781.390000
6781.390000
6781.390000
6781.390000
6781.390000
2582.053518
52.647843
0.000000
0.000000
0.000000
0.000000
0.000000
0.000000
1008.915521
1743.787223
6781.390000
6781.390000
6781.390000
6781.390000
6781.390000
6781.390000
6781.390000
6781.390000
6781.390000
6781.390000
6781.390000
6781.390000
6781.390000
6781.390000
6781.390000
6781.390000
6781.390000
6781.390000
6781.390000
6781.390000
6781.390000
6781.390000
6781.390000
6781.390000
6781.390000
6781.390000
6781.390000
6781.390000
6781.390000
6781.390000
6781.390000
6781.390000
6781.390000
6781.390000
6781.390000
6781.390000
0.000000
805.017779
0.000000
0.000000
0.000000
0.000000
0.000000
0.000000
2604.925488
3522.261975
6781.390000
6781.390000
6781.390000
6781.390000
6781.390000
6781.390000
6781.390000
6781.390000
6781.390000
6781.390000
6781.390000
6781.390000
6781.390000
6781.390000
6781.390000
6781.390000
6781.390000
6781.390000
6781.390000
6781.390000
6781.390000
6781.390000
6781.390000
6781.390000
6781.390000
6781.390000
6781.390000
6781.390000
6781.390000
6781.390000
6781.390000
6781.390000
6781.390000
6781.390000
6781.390000
6781.390000
6781.390000
6781.390000
6781.390000
6781.390000
6781.390000
6091.406541
0.000000
0.000000
0.000000
0.000000
2428.533496
2939.693780
6781.390000
6781.390000
6781.390000
6781.390000
6781.390000
6781.390000
6781.390000
6781.390000
6781.390000
6781.390000
6781.390000
6781.390000
6781.390000
6781.390000
6781.390000
6781.390000
6781.390000
6781.390000
6781.390000
6781.390000
6781.390000
6781.390000
6781.390000
6781.390000
6781.390000
6781.390000
6781.390000
6781.390000
6781.390000
6781.390000
6781.390000
6781.390000
6781.390000
6781.390000
6781.390000
6781.390000
6781.390000
6781.390000
6781.390000
6781.390000
2739.653536
161.578727
0.000000
0.000000
0.000000
0.000000
0.000000
0.000000
5806.078771
6482.081996
0.000000
140.847681
2224.603970
6781.390000
6781.390000
6781.390000
6781.390000
6781.390000
6781.390000
6781.390000
6781.390000
6781.390000
6781.390000
6781.390000
6781.390000
6781.390000
6781.390000
6781.390000
6781.390000
6781.390000
6781.390000
6781.390000
6781.390000
6781.390000
6781.390000
6781.390000
6781.390000
6781.390000
6781.390000
6781.390000
6781.390000
6781.390000
6781.390000
6781.390000
6781.390000
6781.390000
0.000000
0.000000
0.000000
0.000000
0.000000
0.000000
0.000000
0.000000
0.000000
0.000000
6781.390000
6781.390000
6781.390000
6781.390000
6781.390000
6781.390000
5851.082120
6781.390000
6781.390000
6781.390000
6781.390000
6781.390000
6781.390000
6781.390000
6781.390000
6781.390000
6781.390000
6781.390000
6781.390000
6781.390000
6781.390000
6781.390000
6781.390000
6781.390000
6781.390000
6781.390000
6781.390000
6781.390000
6781.390000
6781.390000
6781.390000
6781.390000
6781.390000
6781.390000
6781.390000
6781.390000
6781.390000
6781.390000
0.000000
0.000000
0.000000
0.000000
0.000000
0.000000
0.000000
0.000000
0.000000
0.000000
1110.333116
696.494101
0.000000
0.000000
1890.366693
6781.390000
6781.390000
6781.390000
6781.390000
6781.390000
6781.390000
6781.390000
6781.390000
6781.390000
6781.390000
6781.390000
6781.390000
6781.390000
6781.390000
6781.390000
6781.390000
6781.390000
6781.390000
6781.390000
6781.390000
6781.390000
6781.390000
6781.390000
6781.390000
6781.390000
6781.390000
6781.390000
6781.390000
6781.390000
6781.390000
6781.390000
6781.390000
6781.390000
0.000000
1241.701078
0.000000
0.000000
0.000000
0.000000
0.000000
0.000000
0.000000
406.486738
0.000000
0.000000
0.000000
402.893465
6211.459215
2114.800997
6781.390000
6781.390000
6781.390000
6781.390000
6781.390000
6781.390000
6781.390000
6781.390000
6781.390000
6781.390000
6781.390000
6781.390000
6781.390000
6781.390000
6781.390000
6781.390000
6781.390000
6781.390000
6781.390000
6781.390000
6781.390000
6781.390000
6781.390000
6781.390000
6781.390000
6781.390000
6781.390000
6781.390000
6781.390000
6781.390000
6781.390000
6781.390000
6781.390000
6781.390000
3039.831440
805.195077
0.000000
0.000000
0.000000
0.000000
0.000000
0.000000
0.000000
0.000000
101.297503
1915.681513
1746.839382
6781.390000
6781.390000
6781.390000
6781.390000
6781.390000
6781.390000
6781.390000
6781.390000
6781.390000
6781.390000
6781.390000
6781.390000
6781.390000
6781.390000
6781.390000
6781.390000
6781.390000
6781.390000
6781.390000
6781.390000
6781.390000
6781.390000
6781.390000
6781.390000
6781.390000
6781.390000
6781.390000
6781.390000
6781.390000
6781.390000
6781.390000
6781.390000
6781.390000
0.000000
0.000000
0.000000
0.000000
0.000000
0.000000
0.000000
0.000000
0.000000
0.000000
6064.119730
6466.019058
6781.390000
6781.390000
6781.390000
3300.831784
6231.094826
6781.390000
6781.390000
6781.390000
6781.390000
6781.390000
6781.390000
6781.390000
6781.390000
6781.390000
6781.390000
6781.390000
6781.390000
6781.390000
6781.390000
6781.390000
6781.390000
6781.390000
6781.390000
6781.390000
6781.390000
6781.390000
6781.390000
6781.390000
6781.390000
6781.390000
6781.390000
6781.390000
6781.390000
6781.390000
6781.390000
6781.390000
6781.390000
6781.390000
5036.623303
2438.890750
2553.852609
376.389727
1947.412513
1677.631556
6781.390000
6781.390000
6781.390000
6781.390000
6781.390000
6781.390000
6781.390000
6781.390000
6781.390000
6781.390000
6781.390000
6781.390000
6781.390000
6781.390000
6781.390000
6781.390000
6781.390000
6781.390000
6781.390000
6781.390000
6781.390000
6781.390000
6781.390000
6781.390000
6781.390000
6781.390000
6781.390000
6781.390000
6781.390000
6781.390000
6781.390000
6781.390000
6781.390000
6781.390000
6781.390000
6781.390000
6781.390000
6781.390000
6781.390000
6781.390000
6781.390000
6781.390000
6781.390000
6781.390000
6781.390000
6781.390000
6781.390000
6781.390000
6781.390000
6781.390000
6781.390000
6781.390000
6781.390000
6781.390000
6781.390000
6781.390000
6781.390000
6781.390000
6781.390000
6781.390000
6781.390000
6781.390000
6781.390000
6781.390000
6781.390000
6781.390000
6781.390000
6781.390000
6781.390000
6781.390000
6781.390000
6781.390000
6781.390000
6781.390000
6781.390000
6781.390000
6781.390000
6781.390000
6781.390000
6781.390000
6781.390000
6781.390000
6781.390000
6781.390000
6781.390000
6781.390000
6781.390000
6781.390000
6781.390000
6781.390000
0.000000
998.034274
0.000000
1534.841233
4624.003991
6540.428237
2555.667577
2680.062948
6558.890069
6019.726495
139.158114
511.671952
6781.390000
6781.390000
6781.390000
6781.390000
6781.390000
6781.390000
6781.390000
6781.390000
6781.390000
6781.390000
6781.390000
6781.390000
6781.390000
6781.390000
6781.390000
6781.390000
6781.390000
6781.390000
6781.390000
6781.390000
6781.390000
6781.390000
6781.390000
6781.390000
6781.390000
6781.390000
6781.390000
6781.390000
6781.390000
6781.390000
6781.390000
6781.390000
6781.390000
6781.390000
6781.390000
6781.390000
2230.048747
3921.808936
6781.390000
6781.390000
0.000000
0.000000
6781.390000
6781.390000
6781.390000
6781.390000
6781.390000
6781.390000
6781.390000
6781.390000
6781.390000
6781.390000
6781.390000
6781.390000
6781.390000
6781.390000
6781.390000
6781.390000
6781.390000
6781.390000
6781.390000
6781.390000
6781.390000
6781.390000
6781.390000
6781.390000
6781.390000
6781.390000
6781.390000
6781.390000
6781.390000
6781.390000
6781.390000
6781.390000
6781.390000
6781.390000
6781.390000
6781.390000
6781.390000
6781.390000
6781.390000
6781.390000
6781.390000
6781.390000
5375.677627
2836.524261
0.000000
0.000000
0.000000
0.000000
4999.862405
5868.383467
3706.261475
4362.505420
6781.390000
6781.390000
6781.390000
5575.770981
6781.390000
6781.390000
6781.390000
6781.390000
6781.390000
6781.390000
6781.390000
6781.390000
6781.390000
6781.390000
6781.390000
6781.390000
6781.390000
6781.390000
6781.390000
6781.390000
6781.390000
6781.390000
6781.390000
6781.390000
6781.390000
6781.390000
6781.390000
6781.390000
6781.390000
6781.390000
6781.390000
6781.390000
6781.390000
6781.390000
6781.390000
6781.390000
6781.390000
6781.390000
6781.390000
6781.390000
1212.781632
0.000000
0.000000
0.000000
6781.390000
6781.390000
6781.390000
6781.390000
6781.390000
6781.390000
6781.390000
6781.390000
6781.390000
6781.390000
6781.390000
6781.390000
6781.390000
6781.390000
6781.390000
6781.390000
6781.390000
6781.390000
6781.390000
6781.390000
6781.390000
6781.390000
6781.390000
6781.390000
6781.390000
6781.390000
6781.390000
6781.390000
6781.390000
6781.390000
6781.390000
6781.390000
6781.390000
6781.390000
6781.390000
6781.390000
6781.390000
6781.390000
6781.390000
6781.390000
6781.390000
6781.390000
6781.390000
4601.931887
0.000000
0.000000
0.000000
0.000000
0.000000
0.000000
6619.983207
6781.390000
6781.390000
6781.390000
6781.390000
6781.390000
6781.390000
6781.390000
6781.390000
6781.390000
6781.390000
6781.390000
6781.390000
6781.390000
6781.390000
6781.390000
6781.390000
6781.390000
6781.390000
6781.390000
6781.390000
6781.390000
6781.390000
6781.390000
6781.390000
6781.390000
6781.390000
6781.390000
6781.390000
6781.390000
6781.390000
6781.390000
6781.390000
6781.390000
6781.390000
6781.390000
6781.390000
6781.390000
6781.390000
6781.390000
6781.390000
6781.390000
6781.390000
6781.390000
6781.390000
6781.390000
6781.390000
6781.390000
6781.390000
6781.390000
6781.390000
6781.390000
6781.390000
6781.390000
6781.390000
6781.390000
6781.390000
6781.390000
6781.390000
6781.390000
6781.390000
6781.390000
6781.390000
6781.390000
6781.390000
6781.390000
6781.390000
6781.390000
6781.390000
6781.390000
6781.390000
6781.390000
6781.390000
6781.390000
6781.390000
6781.390000
6781.390000
6781.390000
6781.390000
6781.390000
6781.390000
6781.390000
6781.390000
6781.390000
6781.390000
6781.390000
6781.390000
6781.390000
6781.390000
6781.390000
0.000000
0.000000
0.000000
0.000000
2073.190495
2732.625774
6781.390000
6781.390000
6728.028759
6781.390000
6781.390000
6781.390000
6781.390000
6781.390000
6781.390000
6781.390000
6781.390000
6781.390000
6781.390000
6781.390000
6781.390000
6781.390000
6781.390000
6781.390000
6781.390000
6781.390000
6781.390000
6781.390000
6781.390000
6781.390000
6781.390000
6781.390000
6781.390000
6781.390000
6781.390000
6781.390000
6781.390000
6781.390000
6781.390000
6781.390000
6781.390000
6781.390000
6781.390000
6781.390000
0.000000
0.000000
0.000000
0.000000
0.000000
0.000000
0.000000
0.000000
1770.865681
1666.905296
6781.390000
6781.390000
6781.390000
6781.390000
6781.390000
6781.390000
6781.390000
6781.390000
6781.390000
6781.390000
6781.390000
6781.390000
6781.390000
6781.390000
6781.390000
6781.390000
6781.390000
6781.390000
6781.390000
6781.390000
6781.390000
6781.390000
6781.390000
6781.390000
6781.390000
6781.390000
6781.390000
6781.390000
6781.390000
6781.390000
6781.390000
6781.390000
6781.390000
6781.390000
6781.390000
6781.390000
6781.390000
6781.390000
6781.390000
6781.390000
2529.925970
4439.706468
3874.929320
5892.623364
257.989110
1647.306071
5067.669330
5032.985750
6781.390000
6781.390000
6781.390000
6781.390000
6781.390000
6781.390000
6781.390000
6781.390000
6781.390000
6781.390000
6781.390000
6781.390000
6781.390000
6781.390000
6781.390000
6781.390000
6781.390000
6781.390000
6781.390000
6781.390000
6781.390000
6781.390000
6781.390000
6781.390000
6781.390000
6781.390000
6781.390000
6781.390000
6781.390000
6781.390000
6781.390000
6781.390000
6781.390000
6781.390000
6781.390000
6781.390000
6781.390000
6781.390000
6781.390000
6781.390000
6781.390000
6781.390000
6781.390000
6781.390000
6781.390000
6781.390000
6781.390000
6781.390000
6781.390000
6781.390000
6781.390000
6781.390000
6781.390000
6781.390000
6781.390000
6781.390000
6781.390000
6781.390000
6781.390000
6781.390000
6781.390000
6781.390000
6781.390000
6781.390000
6781.390000
6781.390000
6781.390000
6781.390000
6781.390000
6781.390000
6781.390000
6781.390000
6781.390000
6781.390000
6781.390000
6781.390000
6781.390000
6781.390000
6781.390000
6781.390000
6781.390000
6781.390000
6781.390000
6781.390000
6781.390000
6781.390000
6781.390000
6781.390000
6781.390000
6781.390000
6781.390000
6781.390000
6781.390000
6781.390000
6781.390000
6781.390000
6781.390000
6781.390000
6781.390000
6781.390000
6781.390000
6781.390000
6781.390000
6781.390000
6781.390000
6781.390000
6781.390000
6781.390000
6781.390000
6781.390000
6781.390000
6781.390000
6781.390000
6781.390000
6781.390000
6781.390000
6781.390000
6781.390000
6781.390000
6781.390000
6781.390000
6781.390000
6781.390000
6781.390000
6781.390000
6781.390000
6781.390000
6781.390000
6781.390000
6781.390000
6781.390000
6781.390000
6781.390000
6781.390000
6781.390000
6781.390000
6781.390000
6781.390000
6781.390000
6781.390000
6781.390000
6781.390000
6781.390000
6781.390000
6781.390000
6781.390000
6781.390000
6781.390000
6781.390000
6781.390000
6781.390000
6781.390000
6781.390000
6781.390000
6781.390000
6781.390000
6781.390000
6781.390000
6781.390000
6781.390000
6781.390000
6781.390000
6781.390000
6781.390000
6781.390000
6781.390000
6781.390000
6781.390000
6781.390000
6781.390000
6781.390000
6781.390000
6781.390000
6781.390000
6781.390000
6781.390000
6781.390000
6781.390000
6781.390000
6781.390000
6781.390000
6781.390000
6781.390000
6781.390000
6781.390000
6781.390000
6781.390000
6781.390000
6781.390000
6781.390000
6781.390000
6781.390000
6781.390000
6781.390000
6781.390000
6781.390000
6781.390000
6781.390000
6781.390000
6781.390000
6781.390000
6781.390000
6781.390000
6781.390000
6781.390000
6781.390000
6781.390000
6781.390000
6781.390000
6781.390000
6781.390000
6781.390000
6781.390000
6781.390000
6781.390000
6781.390000
6781.390000
6781.390000
6781.390000
6781.390000
6781.390000
6781.390000
6781.390000
6781.390000
6781.390000
6781.390000
6781.390000
6781.390000
6781.390000
6781.390000
6781.390000
6781.390000
3959.320234
5336.578048
3317.107225
5024.946310
0.000000
1424.094188
0.000000
0.000000
0.000000
0.000000
0.000000
0.000000
0.000000
6781.390000
6781.390000
6781.390000
6781.390000
6781.390000
6781.390000
6781.390000
6781.390000
6781.390000
6781.390000
6781.390000
6781.390000
6781.390000
6781.390000
6781.390000
6781.390000
6781.390000
6781.390000
6781.390000
6781.390000
6781.390000
6781.390000
6781.390000
6781.390000
6781.390000
6781.390000
6781.390000
6781.390000
6781.390000
6781.390000
6781.390000
6781.390000
6781.390000
6781.390000
6781.390000
4713.633182
6390.063904
6781.390000
6781.390000
6781.390000
6781.390000
6781.390000
6781.390000
6781.390000
6781.390000
6781.390000
6781.390000
6781.390000
0.000000
4486.004109
6781.390000
6781.390000
6781.390000
6781.390000
6781.390000
6781.390000
6781.390000
6781.390000
6781.390000
6781.390000
6781.390000
6781.390000
6781.390000
6781.390000
6781.390000
6781.390000
6781.390000
6781.390000
6781.390000
6781.390000
6781.390000
6781.390000
6781.390000
6781.390000
6781.390000
6781.390000
6781.390000
6781.390000
6781.390000
6781.390000
6781.390000
6781.390000
6781.390000
6781.390000
6781.390000
6781.390000
6781.390000
6781.390000
6781.390000
6781.390000
6781.390000
6781.390000
6781.390000
6781.390000
6781.390000
6781.390000
6781.390000
6781.390000
6781.390000
6781.390000
6781.390000
6781.390000
6781.390000
6781.390000
6781.390000
6781.390000
6781.390000
6781.390000
6781.390000
6781.390000
6781.390000
6781.390000
6781.390000
6781.390000
6781.390000
6781.390000
6781.390000
6781.390000
6781.390000
6781.390000
6781.390000
6781.390000
6781.390000
6781.390000
6781.390000
6781.390000
6781.390000
6781.390000
6781.390000
6781.390000
6781.390000
6781.390000
6781.390000
6758.595687
6781.390000
6781.390000
6781.390000
6781.390000
6781.390000
6781.390000
6781.390000
6781.390000
6781.390000
6781.390000
6781.390000
6781.390000
6781.390000
6781.390000
6781.390000
6781.390000
6781.390000
6781.390000
6781.390000
6781.390000
6781.390000
6781.390000
6781.390000
6781.390000
6781.390000
6781.390000
6781.390000
6781.390000
6781.390000
6781.390000
6781.390000
6781.390000
6781.390000
6781.390000
6781.390000
6781.390000
6781.390000
6781.390000
6781.390000
6781.390000
6781.390000
6781.390000
6781.390000
6781.390000
6781.390000
6781.390000
6781.390000
6781.390000
6781.390000
6781.390000
6781.390000
6781.390000
6781.390000
6781.390000
6781.390000
6781.390000
6781.390000
6781.390000
6781.390000
6781.390000
6781.390000
6781.390000
6781.390000
6781.390000
6781.390000
6781.390000
6781.390000
6781.390000
6781.390000
6781.390000
6781.390000
6781.390000
6781.390000
6781.390000
6781.390000
6781.390000
6781.390000
6781.390000
6781.390000
6781.390000
6781.390000
6781.390000
6781.390000
6781.390000
6781.390000
6781.390000
6781.390000
6781.390000
6781.390000
6781.390000
6781.390000
6781.390000
6781.390000
6781.390000
6781.390000
6781.390000
6781.390000
6781.390000
6781.390000
6781.390000
6781.390000
6781.390000
6781.390000
6781.390000
6781.390000
6781.390000
6781.390000
6781.390000
6781.390000
6781.390000
6781.390000
6781.390000
6781.390000
6781.390000
6781.390000
6781.390000
6781.390000
6781.390000
6781.390000
6781.390000
6781.390000
6781.390000
6781.390000
6781.390000
6781.390000
6781.390000
6781.390000
6781.390000
6781.390000
6781.390000
6781.390000
6781.390000
6781.390000
6781.390000
6781.390000
6781.390000
6781.390000
6781.390000
6781.390000
6781.390000
6781.390000
6781.390000
6781.390000
6781.390000
6781.390000
6781.390000
6781.390000
6781.390000
6781.390000
6781.390000
6781.390000
6781.390000
6781.390000
6781.390000
6781.390000
6781.390000
6781.390000
6781.390000
6781.390000
6781.390000
6781.390000
6781.390000
6781.390000
6781.390000
6781.390000
6781.390000
6781.390000
6781.390000
6781.390000
6781.390000
6781.390000
6781.390000
6781.390000
6781.390000
6781.390000
6781.390000
6781.390000
6781.390000
6781.390000
6781.390000
6781.390000
6781.390000
6781.390000
6781.390000
6781.390000
6781.390000
6781.390000
6781.390000
6781.390000
6781.390000
6781.390000
6781.390000
6781.390000
6781.390000
6781.390000
6781.390000
6781.390000
6781.390000
6781.390000
6781.390000
6781.390000
6781.390000
6781.390000
6781.390000
6781.390000
6781.390000
6781.390000
6781.390000
6781.390000
6781.390000
6781.390000
6781.390000
6781.390000
6781.390000
6781.390000
6781.390000
6781.390000
6781.390000
6781.390000
6781.390000
6781.390000
6781.390000
6781.390000
6781.390000
6781.390000
6781.390000
6781.390000
6781.390000
6781.390000
6781.390000
6781.390000
6781.390000
6781.390000
6781.390000
6781.390000
6781.390000
6781.390000
6781.390000
6781.390000
6781.390000
6781.390000
6781.390000
6781.390000
6781.390000
6781.390000
6781.390000
6781.390000
6781.390000
6781.390000
6781.390000
6781.390000
6781.390000
6781.390000
6781.390000
6781.390000
6781.390000
6781.390000
6781.390000
6781.390000
6781.390000
6781.390000
6781.390000
6781.390000
6781.390000
6781.390000
6781.390000
6781.390000
6781.390000
6781.390000
6781.390000
6781.390000
6781.390000
6781.390000
6781.390000
6781.390000
6781.390000
6781.390000
6781.390000
6781.390000
6781.390000
6781.390000
6781.390000
6781.390000
6781.390000
6781.390000
0.000000
1579.391827
6781.390000
6781.390000
6781.390000
6781.390000
6781.390000
6781.390000
6781.390000
6781.390000
6781.390000
6781.390000
6781.390000
6781.390000
6781.390000
6781.390000
6781.390000
6781.390000
6781.390000
6781.390000
6781.390000
6781.390000
6781.390000
6781.390000
6781.390000
6781.390000
6781.390000
6781.390000
6781.390000
6781.390000
6781.390000
6781.390000
6781.390000
6781.390000
6781.390000
6781.390000
6781.390000
6781.390000
6781.390000
6781.390000
6781.390000
6781.390000
6781.390000
6781.390000
6781.390000
6781.390000
6781.390000
6781.390000
6781.390000
6781.390000
6781.390000
6781.390000
6781.390000
6781.390000
6236.309243
6781.390000
6781.390000
6781.390000
6781.390000
6781.390000
6781.390000
6781.390000
6781.390000
6781.390000
6781.390000
6781.390000
6781.390000
6781.390000
6781.390000
6781.390000
6781.390000
6781.390000
6781.390000
6781.390000
6781.390000
6781.390000
6781.390000
6781.390000
6781.390000
6781.390000
6781.390000
6781.390000
6781.390000
6781.390000
6781.390000
6781.390000
6781.390000
6781.390000
6781.390000
6781.390000
6781.390000
6781.390000
6781.390000
6781.390000
6781.390000
6781.390000
6781.390000
6781.390000
6781.390000
6781.390000
6781.390000
6781.390000
6781.390000
6781.390000
6781.390000
6781.390000
6781.390000
6781.390000
6781.390000
6781.390000
6781.390000
6781.390000
6781.390000
6781.390000
6781.390000
6781.390000
6781.390000
6781.390000
6781.390000
6781.390000
6781.390000
6781.390000
6781.390000
6781.390000
6781.390000
6781.390000
6781.390000
6781.390000
6781.390000
6781.390000
6781.390000
6781.390000
6781.390000
6781.390000
6781.390000
6781.390000
6781.390000
6781.390000
6781.390000
6781.390000
6781.390000
6781.390000
6781.390000
6781.390000
6781.390000
6781.390000
6781.390000
6781.390000
6781.390000
6781.390000
6781.390000
6781.390000
6781.390000
6781.390000
6781.390000
6781.390000
6781.390000
6781.390000
6781.390000
6781.390000
6781.390000
6781.390000
6781.390000
6781.390000
6781.390000
6781.390000
6781.390000
6781.390000
6781.390000
6781.390000
6781.390000
6781.390000
6781.390000
6781.390000
6781.390000
6781.390000
6781.390000
6781.390000
6781.390000
6781.390000
6781.390000
6781.390000
6781.390000
6781.390000
6781.390000
6781.390000
6781.390000
6781.390000
6781.390000
6781.390000
6781.390000
6781.390000
6781.390000
6781.390000
6781.390000
6781.390000
6781.390000
6781.390000
6781.390000
6781.390000
6781.390000
6781.390000
6781.390000
6781.390000
6781.390000
6781.390000
6781.390000
6781.390000
6781.390000
6781.390000
6781.390000
6781.390000
6781.390000
6781.390000
6781.390000
6781.390000
6781.390000
6781.390000
6781.390000
6781.390000
6781.390000
6781.390000
6781.390000
6781.390000
6781.390000
6781.390000
6781.390000
6781.390000
6781.390000
6781.390000
6781.390000
6781.390000
6781.390000
6781.390000
6781.390000
6781.390000
6781.390000
6781.390000
6781.390000
6781.390000
6781.390000
6781.390000
6781.390000
6781.390000
6781.390000
6060.023975
6781.390000
6781.390000
6781.390000
6781.390000
6781.390000
6781.390000
6781.390000
6781.390000
6781.390000
6781.390000
6781.390000
6781.390000
6781.390000
6781.390000
6781.390000
6781.390000
6781.390000
6781.390000
6781.390000
6781.390000
6781.390000
6781.390000
6781.390000
6781.390000
6781.390000
6781.390000
6781.390000
6781.390000
6781.390000
6781.390000
6781.390000
6781.390000
6781.390000
6781.390000
6781.390000
6781.390000
6781.390000
6781.390000
6781.390000
6781.390000
6781.390000
6781.390000
1266.981869
2424.428125
2593.341781
4689.758099
0.000000
0.000000
161.013491
2170.959246
6781.390000
6781.390000
6781.390000
6781.390000
6781.390000
6781.390000
6781.390000
6781.390000
6781.390000
6781.390000
6781.390000
6781.390000
6781.390000
6781.390000
6781.390000
6781.390000
6781.390000
6781.390000
6781.390000
6781.390000
6781.390000
6781.390000
6781.390000
6781.390000
6781.390000
6781.390000
6781.390000
6781.390000
6781.390000
6781.390000
6781.390000
6781.390000
6781.390000
6781.390000
6781.390000
6781.390000
6781.390000
6781.390000
6781.390000
6781.390000
6781.390000
6781.390000
6781.390000
6781.390000
6781.390000
6781.390000
6781.390000
6781.390000
6781.390000
6781.390000
6781.390000
6781.390000
6781.390000
6781.390000
6781.390000
6781.390000
6781.390000
6781.390000
6781.390000
6781.390000
6781.390000
6781.390000
6781.390000
6781.390000
6781.390000
6781.390000
6781.390000
6781.390000
6781.390000
6781.390000
6781.390000
6781.390000
6781.390000
6781.390000
6781.390000
6781.390000
6781.390000
6781.390000
6781.390000
6781.390000
6781.390000
6781.390000
6781.390000
6781.390000
6781.390000
6781.390000
6781.390000
6781.390000
6620.693182
6781.390000
3408.528658
0.000000
0.000000
0.000000
0.000000
0.000000
6047.954004
6781.390000
1200.655526
1510.988727
6781.390000
6781.390000
6781.390000
6781.390000
6781.390000
6781.390000
6781.390000
6781.390000
6781.390000
6781.390000
6781.390000
6781.390000
6781.390000
6781.390000
6781.390000
6781.390000
6781.390000
6781.390000
6781.390000
6781.390000
6781.390000
6781.390000
6781.390000
6781.390000
6781.390000
6781.390000
6781.390000
6781.390000
6781.390000
6781.390000
6781.390000
6781.390000
6781.390000
6781.390000
6781.390000
6781.390000
5772.696251
6781.390000
6781.390000
6781.390000
6781.390000
6781.390000
6781.390000
6781.390000
6781.390000
6781.390000
6781.390000
6781.390000
6781.390000
6781.390000
6781.390000
6781.390000
6781.390000
6781.390000
6781.390000
6781.390000
6781.390000
6781.390000
6781.390000
6781.390000
6781.390000
6781.390000
6781.390000
6781.390000
6781.390000
6781.390000
6781.390000
6781.390000
6781.390000
6781.390000
6781.390000
6781.390000
6781.390000
6781.390000
6781.390000
6781.390000
6781.390000
6781.390000
6781.390000
6781.390000
6781.390000
6781.390000
6781.390000
6781.390000
6781.390000
6781.390000
6781.390000
6781.390000
6781.390000
6781.390000
6781.390000
6781.390000
6781.390000
6781.390000
6781.390000
6781.390000
6781.390000
6781.390000
6781.390000
6781.390000
6781.390000
6781.390000
6781.390000
6781.390000
6781.390000
6781.390000
6781.390000
6781.390000
6781.390000
6781.390000
6781.390000
6781.390000
6781.390000
6781.390000
6781.390000
6781.390000
6781.390000
6781.390000
6781.390000
6781.390000
6781.390000
6781.390000
6781.390000
6781.390000
6781.390000
6781.390000
6781.390000
6781.390000
6781.390000
6781.390000
6781.390000
6781.390000
6781.390000
6781.390000
6781.390000
6781.390000
6781.390000
6781.390000
6781.390000
6781.390000
6781.390000
6781.390000
6781.390000
6781.390000
6781.390000
6781.390000
6781.390000
6781.390000
6781.390000
6781.390000
6781.390000
6781.390000
6781.390000
6781.390000
6781.390000
6781.390000
6781.390000
6781.390000
6781.390000
6781.390000
6781.390000
6781.390000
6781.390000
6781.390000
6781.390000
6781.390000
6781.390000
6781.390000
6781.390000
6781.390000
6781.390000
6781.390000
6781.390000
6781.390000
6781.390000
6781.390000
6781.390000
6781.390000
6781.390000
6781.390000
6781.390000
6781.390000
6781.390000
6781.390000
6781.390000
5917.161576
6781.390000
6781.390000
6781.390000
6781.390000
6781.390000
6781.390000
6781.390000
6781.390000
6781.390000
6781.390000
6781.390000
6781.390000
6781.390000
6781.390000
6781.390000
6781.390000
6781.390000
6781.390000
6781.390000
6781.390000
6781.390000
6781.390000
6781.390000
6781.390000
6781.390000
6781.390000
6781.390000
6781.390000
6781.390000
6781.390000
6781.390000
6781.390000
6781.390000
6781.390000
6781.390000
6781.390000
6781.390000
6781.390000
6781.390000
6781.390000
6781.390000
6781.390000
695.654931
2036.278197
2211.666458
4422.700555
0.000000
0.000000
0.000000
1970.462421
6781.390000
6781.390000
6781.390000
6781.390000
6781.390000
6781.390000
6781.390000
6781.390000
6781.390000
6781.390000
6781.390000
6781.390000
6781.390000
6781.390000
6781.390000
6781.390000
6781.390000
6781.390000
6781.390000
6781.390000
6781.390000
6781.390000
6781.390000
6781.390000
6781.390000
6781.390000
6781.390000
6781.390000
6781.390000
6781.390000
6781.390000
6781.390000
6781.390000
6781.390000
6781.390000
6781.390000
6781.390000
6781.390000
6781.390000
6781.390000
6781.390000
6781.390000
6781.390000
6781.390000
6781.390000
6781.390000
6781.390000
6781.390000
6781.390000
6781.390000
6781.390000
6781.390000
6781.390000
6781.390000
6781.390000
6781.390000
6781.390000
6781.390000
6781.390000
6781.390000
6781.390000
6781.390000
6781.390000
6781.390000
6781.390000
6781.390000
6781.390000
6781.390000
6781.390000
6781.390000
6781.390000
6781.390000
6781.390000
6781.390000
6781.390000
6781.390000
6781.390000
6781.390000
6781.390000
6781.390000
6781.390000
6781.390000
6781.390000
6781.390000
6781.390000
6781.390000
0.000000
1679.802115
0.000000
0.000000
0.000000
0.000000
0.000000
0.000000
0.000000
0.000000
0.000000
0.000000
0.000000
0.000000
0.000000
6781.390000
6781.390000
6781.390000
6781.390000
6781.390000
6781.390000
6781.390000
6781.390000
6781.390000
6781.390000
6781.390000
6781.390000
6781.390000
6781.390000
6781.390000
6781.390000
6781.390000
6781.390000
6781.390000
6781.390000
6781.390000
6781.390000
6781.390000
6781.390000
6781.390000
6781.390000
6781.390000
6781.390000
6781.390000
6781.390000
6781.390000
6781.390000
6781.390000
6781.390000
6781.390000
6781.390000
6781.390000
6357.734871
2326.496000
0.000000
0.000000
1467.421622
2093.695765
6347.161145
6781.390000
6781.390000
6781.390000
6781.390000
6781.390000
6781.390000
6781.390000
6781.390000
6781.390000
6781.390000
6781.390000
6781.390000
6781.390000
6781.390000
6781.390000
6781.390000
6781.390000
6781.390000
6781.390000
6781.390000
6781.390000
6781.390000
6781.390000
6781.390000
6781.390000
6781.390000
6781.390000
6781.390000
6781.390000
6781.390000
6781.390000
6781.390000
6781.390000
6781.390000
6781.390000
6781.390000
6781.390000
6781.390000
6781.390000
6781.390000
6781.390000
6781.390000
6781.390000
6781.390000
6781.390000
6781.390000
6781.390000
6781.390000
6781.390000
6781.390000
6781.390000
6781.390000
6781.390000
6781.390000
6781.390000
6781.390000
6781.390000
6781.390000
6781.390000
6781.390000
6781.390000
6781.390000
6781.390000
6781.390000
6781.390000
6781.390000
6781.390000
6781.390000
6781.390000
6781.390000
6781.390000
6781.390000
6781.390000
6781.390000
6781.390000
6781.390000
6781.390000
6781.390000
6781.390000
6781.390000
6781.390000
6781.390000
6781.390000
6781.390000
6781.390000
6781.390000
6781.390000
1757.654567
3225.492658
78.232093
0.000000
0.000000
0.000000
0.000000
0.000000
3355.526381
4064.444258
6781.390000
6781.390000
6781.390000
6781.390000
6781.390000
6781.390000
6781.390000
6781.390000
6781.390000
6781.390000
6781.390000
6781.390000
6781.390000
6781.390000
6781.390000
6781.390000
6781.390000
6781.390000
6781.390000
6781.390000
6781.390000
6781.390000
6781.390000
6781.390000
6781.390000
6781.390000
6781.390000
6781.390000
6781.390000
6781.390000
6781.390000
6781.390000
6781.390000
6781.390000
6781.390000
6781.390000
6781.390000
6781.390000
6781.390000
6781.390000
6781.390000
6781.390000
6781.390000
6781.390000
6781.390000
6781.390000
6781.390000
6781.390000
6781.390000
6781.390000
6781.390000
6781.390000
6781.390000
6781.390000
6781.390000
6781.390000
6781.390000
6781.390000
6781.390000
6781.390000
6781.390000
6781.390000
6781.390000
6781.390000
6781.390000
6781.390000
6781.390000
6781.390000
6781.390000
6781.390000
6781.390000
6781.390000
6781.390000
6781.390000
6781.390000
6781.390000
6781.390000
6781.390000
6781.390000
6781.390000
6781.390000
6781.390000
6781.390000
6781.390000
6781.390000
6781.390000
6781.390000
6781.390000
6781.390000
6781.390000
6781.390000
6781.390000
6781.390000
6781.390000
6781.390000
6781.390000
6781.390000
6781.390000
6781.390000
6781.390000
6781.390000
6781.390000
6781.390000
6781.390000
6781.390000
6781.390000
6781.390000
6781.390000
6781.390000
6781.390000
6781.390000
6781.390000
6781.390000
6781.390000
6781.390000
6781.390000
6781.390000
6781.390000
6781.390000
6781.390000
6781.390000
6781.390000
6781.390000
6781.390000
6781.390000
6781.390000
6781.390000
6781.390000
6781.390000
6781.390000
6781.390000
6781.390000
6781.390000
6781.390000
6781.390000
6781.390000
6781.390000
6781.390000
6781.390000
6781.390000
6781.390000
6781.390000
6781.390000
6781.390000
6781.390000
6781.390000
6781.390000
6781.390000
6781.390000
6781.390000
6781.390000
6781.390000
6781.390000
6781.390000
6781.390000
6781.390000
6781.390000
6781.390000
6781.390000
6781.390000
6781.390000
6781.390000
6781.390000
6781.390000
6781.390000
6781.390000
6781.390000
6781.390000
6781.390000
6781.390000
6781.390000
6781.390000
6781.390000
6781.390000
6781.390000
6781.390000
6781.390000
6781.390000
6781.390000
6781.390000
6781.390000
6781.390000
6781.390000
6781.390000
6781.390000
6781.390000
6781.390000
6781.390000
6781.390000
6781.390000
0.000000
0.000000
1774.697043
2098.726243
3941.139611
201.833351
6781.390000
6781.390000
6781.390000
6781.390000
6781.390000
6781.390000
6781.390000
6781.390000
6781.390000
6781.390000
6781.390000
6781.390000
6781.390000
6781.390000
6781.390000
6781.390000
6781.390000
6781.390000
6781.390000
6781.390000
6781.390000
6781.390000
6781.390000
6781.390000
6781.390000
6781.390000
6781.390000
6781.390000
6781.390000
6781.390000
6781.390000
6781.390000
4471.838587
6781.390000
0.000000
1502.915810
0.000000
0.000000
0.000000
0.000000
0.000000
0.000000
2569.024101
3667.021617
4680.742309
5332.062357
6781.390000
6781.390000
6781.390000
6781.390000
6781.390000
6781.390000
6781.390000
6781.390000
6781.390000
6781.390000
6781.390000
6781.390000
6781.390000
6781.390000
6781.390000
6781.390000
6781.390000
6781.390000
6781.390000
6781.390000
6781.390000
6781.390000
6781.390000
6781.390000
6781.390000
6781.390000
6781.390000
6781.390000
6781.390000
6781.390000
6781.390000
6781.390000
6781.390000
6781.390000
6781.390000
6781.390000
6781.390000
6781.390000
6781.390000
6781.390000
6781.390000
6781.390000
6781.390000
6781.390000
6781.390000
6781.390000
6781.390000
6781.390000
6781.390000
6781.390000
6781.390000
6781.390000
6781.390000
6781.390000
6781.390000
6781.390000
6781.390000
6781.390000
6781.390000
6781.390000
6781.390000
6781.390000
6781.390000
6781.390000
6781.390000
6781.390000
6781.390000
6781.390000
6781.390000
6781.390000
6781.390000
6781.390000
6781.390000
6781.390000
6781.390000
6781.390000
6781.390000
6781.390000
6781.390000
6781.390000
6781.390000
6781.390000
6781.390000
6781.390000
6781.390000
6781.390000
6781.390000
6781.390000
6781.390000
6781.390000
6781.390000
6781.390000
6781.390000
6781.390000
6781.390000
6781.390000
6781.390000
6781.390000
6781.390000
6781.390000
6781.390000
6781.390000
6781.390000
6781.390000
6781.390000
6781.390000
6781.390000
6781.390000
6781.390000
6781.390000
6781.390000
6781.390000
6781.390000
6781.390000
6781.390000
6781.390000
6781.390000
6781.390000
6781.390000
6781.390000
6781.390000
6781.390000
6781.390000
6781.390000
6781.390000
6781.390000
6781.390000
6781.390000
6781.390000
6781.390000
6781.390000
6781.390000
6781.390000
6781.390000
6781.390000
6781.390000
6781.390000
6781.390000
6781.390000
6781.390000
6781.390000
6781.390000
6781.390000
6781.390000
6781.390000
6781.390000
6781.390000
6781.390000
6781.390000
6781.390000
6781.390000
6781.390000
6781.390000
6781.390000
6781.390000
6781.390000
6781.390000
6781.390000
6781.390000
6781.390000
6781.390000
6781.390000
6781.390000
6781.390000
6781.390000
6781.390000
6781.390000
6781.390000
6781.390000
6781.390000
6781.390000
6781.390000
6781.390000
6781.390000
6781.390000
6781.390000
6781.390000
6781.390000
6781.390000
6781.390000
6781.390000
6781.390000
4840.197200
5582.062023
0.000000
0.000000
6781.390000
6781.390000
6781.390000
6781.390000
6781.390000
6781.390000
6781.390000
6781.390000
6781.390000
6781.390000
6781.390000
6781.390000
6781.390000
6781.390000
6781.390000
6781.390000
6781.390000
6781.390000
6781.390000
6781.390000
6781.390000
6781.390000
6781.390000
6781.390000
6781.390000
6781.390000
6781.390000
6781.390000
6781.390000
6781.390000
6781.390000
6781.390000
6781.390000
6781.390000
6781.390000
6781.390000
6781.390000
6781.390000
6781.390000
6781.390000
6781.390000
6781.390000
2601.046641
2952.087443
0.000000
0.000000
4841.357145
6031.451440
6781.390000
6781.390000
6781.390000
6781.390000
6781.390000
6781.390000
6781.390000
6781.390000
6781.390000
6781.390000
6781.390000
6781.390000
6781.390000
6781.390000
6781.390000
6781.390000
6781.390000
6781.390000
6781.390000
6781.390000
6781.390000
6781.390000
6781.390000
6781.390000
6781.390000
6781.390000
6781.390000
6781.390000
6781.390000
6781.390000
6781.390000
6781.390000
6781.390000
6781.390000
6781.390000
6781.390000
6781.390000
6781.390000
6781.390000
6781.390000
6781.390000
6781.390000
0.000000
511.042754
0.000000
0.000000
1019.313724
169.016024
0.000000
0.000000
4637.361346
5003.194056
6168.561037
6781.390000
6781.390000
6781.390000
6781.390000
6781.390000
6781.390000
6781.390000
6781.390000
6781.390000
6781.390000
6781.390000
6781.390000
6781.390000
6781.390000
6781.390000
6781.390000
6781.390000
6781.390000
6781.390000
6781.390000
6781.390000
6781.390000
6781.390000
6781.390000
6781.390000
6781.390000
6781.390000
6781.390000
6781.390000
6781.390000
6781.390000
6781.390000
6781.390000
6781.390000
6781.390000
6781.390000
6781.390000
6781.390000
6781.390000
6781.390000
6781.390000
6781.390000
6781.390000
6781.390000
6781.390000
6781.390000
6781.390000
6781.390000
6781.390000
6781.390000
6781.390000
6781.390000
6781.390000
6781.390000
6781.390000
6781.390000
6781.390000
6781.390000
6781.390000
6781.390000
6781.390000
6781.390000
6781.390000
6781.390000
6781.390000
6781.390000
6781.390000
6781.390000
6781.390000
6781.390000
6781.390000
6781.390000
6781.390000
6781.390000
6781.390000
6781.390000
6781.390000
6781.390000
6781.390000
6781.390000
6781.390000
6781.390000
6781.390000
6781.390000
6781.390000
6781.390000
6781.390000
6781.390000
6781.390000
6781.390000
6781.390000
6781.390000
6781.390000
6781.390000
6781.390000
6781.390000
6781.390000
6781.390000
6781.390000
6781.390000
6781.390000
6781.390000
6781.390000
6781.390000
6781.390000
6781.390000
6781.390000
6781.390000
6781.390000
6781.390000
6781.390000
6781.390000
6781.390000
6781.390000
6781.390000
6781.390000
6781.390000
6781.390000
6781.390000
6781.390000
6781.390000
6781.390000
6781.390000
6781.390000
6781.390000
6781.390000
6781.390000
6781.390000
6781.390000
6781.390000
6781.390000
6781.390000
6781.390000
6781.390000
6781.390000
6781.390000
6781.390000
6781.390000
6781.390000
6781.390000
6781.390000
6781.390000
6781.390000
6781.390000
6781.390000
6781.390000
6781.390000
6781.390000
6781.390000
6781.390000
6781.390000
6781.390000
6781.390000
6781.390000
6781.390000
6781.390000
6781.390000
6781.390000
6781.390000
6781.390000
6781.390000
6781.390000
6781.390000
6781.390000
6781.390000
6781.390000
6781.390000
6781.390000
6781.390000
6781.390000
6781.390000
6781.390000
6781.390000
6781.390000
6781.390000
6781.390000
6781.390000
6781.390000
6781.390000
6781.390000
6781.390000
6781.390000
6781.390000
6781.390000
5423.733059
0.000000
0.000000
0.000000
0.000000
0.000000
861.466119
6781.390000
6781.390000
6781.390000
6781.390000
6781.390000
6781.390000
6781.390000
6781.390000
6781.390000
6781.390000
6781.390000
6781.390000
6781.390000
6781.390000
6781.390000
6781.390000
6781.390000
6781.390000
6781.390000
6781.390000
6781.390000
6781.390000
6781.390000
6781.390000
6781.390000
6781.390000
6781.390000
6781.390000
6781.390000
6781.390000
6781.390000
6781.390000
6781.390000
6781.390000
6781.390000
6781.390000
6781.390000
6781.390000
0.000000
0.000000
0.000000
437.889831
0.000000
0.000000
6781.390000
6781.390000
6781.390000
6781.390000
713.000831
657.075515
6781.390000
6781.390000
6781.390000
6781.390000
6781.390000
6781.390000
6781.390000
6781.390000
6781.390000
6781.390000
6781.390000
6781.390000
6781.390000
6781.390000
6781.390000
6781.390000
6781.390000
6781.390000
6781.390000
6781.390000
6781.390000
6781.390000
6781.390000
6781.390000
6781.390000
6781.390000
6781.390000
6781.390000
6781.390000
6781.390000
6781.390000
6781.390000
6781.390000
6781.390000
6781.390000
6781.390000
1390.530557
2338.538968
5056.948992
6208.696565
6781.390000
6781.390000
6781.390000
6781.390000
6781.390000
6781.390000
6781.390000
6781.390000
6781.390000
6781.390000
6781.390000
6781.390000
6781.390000
6781.390000
6781.390000
6781.390000
6781.390000
6781.390000
6781.390000
6781.390000
6781.390000
6781.390000
6781.390000
6781.390000
6781.390000
6781.390000
6781.390000
6781.390000
6781.390000
6781.390000
6781.390000
6781.390000
6781.390000
6781.390000
6781.390000
6781.390000
6781.390000
6781.390000
6781.390000
6781.390000
6781.390000
6781.390000
6781.390000
6781.390000
6781.390000
6781.390000
6781.390000
6014.384807
4515.473108
2813.295348
444.326551
886.053900
4252.929944
5165.213223
6781.390000
6781.390000
6781.390000
6781.390000
6781.390000
6781.390000
6781.390000
6781.390000
6781.390000
6781.390000
6781.390000
6781.390000
6781.390000
6781.390000
6781.390000
6781.390000
6781.390000
6781.390000
6781.390000
6781.390000
6781.390000
6781.390000
6781.390000
6781.390000
6781.390000
6781.390000
6781.390000
6781.390000
6781.390000
6781.390000
6781.390000
6781.390000
6781.390000
6781.390000
6781.390000
6781.390000
6781.390000
6781.390000
6781.390000
6781.390000
4723.596008
0.000000
0.000000
0.000000
0.000000
0.000000
211.352973
1252.848921
4075.678575
4935.320625
6781.390000
6781.390000
6781.390000
6781.390000
6781.390000
6781.390000
6781.390000
6781.390000
6781.390000
6781.390000
6781.390000
6781.390000
6781.390000
6781.390000
6781.390000
6781.390000
6781.390000
6781.390000
6781.390000
6781.390000
6781.390000
6781.390000
6781.390000
6781.390000
6781.390000
6781.390000
6781.390000
6781.390000
6781.390000
6781.390000
6781.390000
6781.390000
6781.390000
6781.390000
6781.390000
6781.390000
6781.390000
6781.390000
0.000000
0.000000
0.000000
0.000000
0.000000
0.000000
0.000000
0.000000
6781.390000
6781.390000
6781.390000
6781.390000
6781.390000
6781.390000
6781.390000
6781.390000
6781.390000
6781.390000
6781.390000
6781.390000
6781.390000
6781.390000
6781.390000
6781.390000
6781.390000
6781.390000
6781.390000
6781.390000
6781.390000
6781.390000
6781.390000
6781.390000
6781.390000
6781.390000
6781.390000
6781.390000
6781.390000
6781.390000
6781.390000
6781.390000
6781.390000
6781.390000
6781.390000
6781.390000
6781.390000
6781.390000
0.000000
429.823170
0.000000
0.000000
0.000000
0.000000
0.000000
0.000000
0.000000
0.000000
0.000000
0.000000
0.000000
6781.390000
6781.390000
6781.390000
6781.390000
6781.390000
6781.390000
6781.390000
6781.390000
6781.390000
6781.390000
6781.390000
6781.390000
6781.390000
6781.390000
6781.390000
6781.390000
6781.390000
6781.390000
6781.390000
6781.390000
6781.390000
6781.390000
6781.390000
6781.390000
6781.390000
6781.390000
6781.390000
6781.390000
6781.390000
6781.390000
6781.390000
6781.390000
6781.390000
6781.390000
6781.390000
0.000000
0.000000
0.000000
0.000000
0.000000
0.000000
0.000000
0.000000
0.000000
0.000000
0.000000
0.000000
3896.297350
6781.390000
6781.390000
6781.390000
6781.390000
6781.390000
6781.390000
6781.390000
6781.390000
6781.390000
6781.390000
6781.390000
6781.390000
6781.390000
6781.390000
6781.390000
6781.390000
6781.390000
6781.390000
6781.390000
6781.390000
6781.390000
6781.390000
6781.390000
6781.390000
6781.390000
6781.390000
6781.390000
6781.390000
6781.390000
6781.390000
6781.390000
6781.390000
6781.390000
3305.383702
4406.127951
0.000000
0.000000
0.000000
0.000000
0.000000
0.000000
0.000000
0.000000
0.000000
0.000000
0.000000
0.000000
0.000000
6781.390000
6781.390000
6781.390000
6781.390000
6781.390000
6781.390000
6781.390000
6781.390000
6781.390000
6781.390000
6781.390000
6781.390000
6781.390000
6781.390000
6781.390000
6781.390000
6781.390000
6781.390000
6781.390000
6781.390000
6781.390000
6781.390000
6781.390000
6781.390000
6781.390000
6781.390000
6781.390000
6781.390000
6781.390000
6781.390000
6781.390000
6781.390000
6781.390000
6781.390000
6781.390000
0.000000
290.638546
0.000000
0.000000
0.000000
0.000000
6262.805066
6781.390000
6781.390000
6781.390000
6781.390000
6781.390000
6781.390000
6781.390000
6781.390000
6781.390000
6781.390000
6781.390000
6781.390000
6781.390000
6781.390000
6781.390000
6781.390000
6781.390000
6781.390000
6781.390000
6781.390000
6781.390000
6781.390000
6781.390000
6781.390000
6781.390000
6781.390000
6781.390000
6781.390000
6781.390000
6781.390000
6781.390000
6781.390000
6781.390000
6781.390000
6781.390000
6781.390000
6781.390000
6781.390000
6781.390000
6781.390000
6781.390000
6781.390000
6781.390000
5261.844380
626.437051
0.000000
0.000000
5917.283074
6427.761292
6781.390000
6781.390000
6781.390000
6781.390000
6781.390000
6781.390000
6781.390000
6781.390000
6781.390000
6781.390000
6781.390000
6781.390000
6781.390000
6781.390000
6781.390000
6781.390000
6781.390000
6781.390000
6781.390000
6781.390000
6781.390000
6781.390000
6781.390000
6781.390000
6781.390000
6781.390000
6781.390000
6781.390000
6781.390000
6781.390000
6781.390000
6781.390000
6781.390000
6781.390000
6781.390000
6781.390000
6781.390000
6781.390000
6781.390000
6781.390000
6781.390000
6781.390000
6781.390000
6781.390000
6781.390000
6781.390000
6781.390000
6781.390000
6781.390000
6781.390000
6781.390000
6781.390000
6781.390000
6781.390000
6781.390000
6781.390000
6781.390000
6781.390000
6781.390000
6781.390000
6781.390000
6781.390000
6781.390000
6781.390000
6781.390000
6781.390000
6781.390000
6781.390000
6781.390000
6781.390000
6781.390000
6781.390000
6781.390000
6781.390000
6781.390000
6781.390000
6781.390000
6781.390000
6781.390000
6781.390000
6781.390000
6781.390000
6781.390000
6781.390000
6781.390000
6781.390000
6781.390000
6781.390000
6781.390000
6781.390000
6781.390000
6781.390000
6781.390000
6781.390000
6781.390000
6781.390000
6781.390000
6781.390000
6781.390000
6781.390000
6781.390000
6781.390000
6781.390000
6781.390000
6781.390000
6781.390000
6781.390000
6781.390000
6781.390000
6781.390000
6781.390000
6781.390000
6781.390000
6781.390000
6781.390000
6781.390000
6781.390000
6781.390000
6781.390000
6781.390000
6781.390000
6781.390000
6781.390000
6781.390000
6781.390000
6781.390000
6781.390000
6781.390000
6781.390000
6781.390000
6781.390000
6781.390000
6781.390000
6781.390000
6781.390000
6781.390000
6781.390000
6781.390000
6781.390000
6781.390000
6781.390000
6781.390000
6781.390000
6781.390000
6781.390000
6781.390000
6781.390000
6781.390000
6781.390000
6781.390000
6781.390000
6781.390000
6781.390000
6781.390000
6781.390000
6781.390000
6781.390000
6781.390000
6781.390000
6781.390000
6781.390000
6781.390000
6781.390000
6781.390000
6781.390000
6781.390000
6781.390000
6781.390000
6781.390000
6781.390000
6781.390000
6781.390000
6781.390000
6781.390000
6781.390000
6781.390000
6781.390000
6781.390000
6781.390000
6781.390000
6781.390000
6781.390000
6781.390000
6781.390000
6781.390000
6781.390000
6781.390000
6781.390000
6781.390000
6781.390000
6781.390000
6781.390000
6781.390000
6781.390000
6781.390000
6781.390000
6781.390000
6781.390000
6781.390000
6781.390000
6781.390000
6781.390000
6781.390000
6781.390000
6781.390000
6781.390000
6781.390000
6781.390000
6781.390000
6781.390000
6781.390000
6781.390000
6781.390000
6781.390000
6781.390000
6781.390000
6781.390000
6781.390000
6781.390000
6781.390000
6781.390000
6781.390000
6781.390000
6781.390000
6781.390000
6781.390000
6781.390000
6781.390000
6781.390000
6781.390000
6781.390000
6781.390000
6781.390000
6781.390000
5260.807742
6781.390000
2728.188422
4225.458688
1579.000835
3373.542731
6781.390000
6367.743925
6781.390000
6781.390000
6781.390000
6781.390000
6781.390000
6781.390000
6781.390000
6781.390000
6781.390000
6781.390000
6781.390000
6781.390000
6781.390000
6781.390000
6781.390000
6781.390000
6781.390000
6781.390000
6781.390000
6781.390000
6781.390000
6781.390000
6781.390000
6781.390000
6781.390000
6781.390000
6781.390000
6781.390000
6781.390000
6781.390000
6781.390000
6781.390000
6781.390000
6781.390000
6781.390000
6781.390000
6781.390000
6781.390000
6781.390000
6781.390000
3099.176766
4501.203336
6781.390000
6781.390000
5450.066170
6781.390000
6781.390000
6781.390000
6781.390000
6781.390000
6781.390000
6781.390000
6781.390000
6781.390000
6781.390000
6781.390000
6781.390000
6781.390000
6781.390000
6781.390000
6781.390000
6781.390000
6781.390000
6781.390000
6781.390000
6781.390000
6781.390000
6781.390000
6781.390000
6781.390000
6781.390000
6781.390000
6781.390000
6781.390000
6781.390000
6781.390000
6781.390000
6781.390000
6781.390000
6781.390000
6781.390000
6781.390000
6781.390000
6781.390000
6781.390000
6781.390000
6781.390000
6781.390000
6781.390000
6781.390000
6781.390000
6781.390000
6781.390000
6781.390000
6781.390000
6781.390000
6781.390000
6781.390000
6781.390000
6781.390000
6781.390000
6781.390000
6781.390000
6781.390000
6781.390000
6781.390000
6781.390000
6781.390000
6781.390000
6781.390000
6781.390000
6781.390000
6781.390000
6781.390000
6781.390000
6781.390000
6781.390000
6781.390000
6781.390000
6781.390000
6781.390000
6781.390000
6781.390000
6781.390000
6781.390000
6781.390000
6781.390000
6781.390000
6781.390000
6781.390000
6781.390000
6781.390000
6781.390000
6781.390000
6781.390000
6781.390000
0.000000
0.000000
0.000000
0.000000
0.000000
0.000000
0.000000
0.000000
0.000000
0.000000
0.000000
6781.390000
6781.390000
6781.390000
6781.390000
6781.390000
6781.390000
6781.390000
6781.390000
6781.390000
6781.390000
6781.390000
6781.390000
6781.390000
6781.390000
6781.390000
6781.390000
6781.390000
6781.390000
6781.390000
6781.390000
6781.390000
6781.390000
6781.390000
6781.390000
6781.390000
6781.390000
6781.390000
6781.390000
6781.390000
6781.390000
6781.390000
6781.390000
6781.390000
6781.390000
6781.390000
6781.390000
6781.390000
6781.390000
6781.390000
6781.390000
6781.390000
6781.390000
6781.390000
6781.390000
6781.390000
6781.390000
6781.390000
6781.390000
6781.390000
6781.390000
6781.390000
6781.390000
6781.390000
6781.390000
6781.390000
6781.390000
6781.390000
6781.390000
6781.390000
6781.390000
6781.390000
6781.390000
6781.390000
6781.390000
6781.390000
6781.390000
6781.390000
6781.390000
6781.390000
6781.390000
6781.390000
6781.390000
6781.390000
6781.390000
6781.390000
6781.390000
6781.390000
6781.390000
6781.390000
6781.390000
6781.390000
6781.390000
6781.390000
6781.390000
6781.390000
6781.390000
6781.390000
6781.390000
6781.390000
6781.390000
6781.390000
6781.390000
6781.390000
6781.390000
6781.390000
6781.390000
6781.390000
6781.390000
6781.390000
6781.390000
6781.390000
6781.390000
6781.390000
6781.390000
6781.390000
6781.390000
6781.390000
6781.390000
6781.390000
6781.390000
6781.390000
6781.390000
6781.390000
6781.390000
6781.390000
6781.390000
6781.390000
6781.390000
6781.390000
6781.390000
6781.390000
6781.390000
6781.390000
6781.390000
6781.390000
6781.390000
6781.390000
6781.390000
6781.390000
6781.390000
6781.390000
6781.390000
6781.390000
6781.390000
6781.390000
6781.390000
6781.390000
6781.390000
6781.390000
6781.390000
6781.390000
6781.390000
6781.390000
6781.390000
6781.390000
6781.390000
6781.390000
6781.390000
6781.390000
6781.390000
6781.390000
6781.390000
6781.390000
6781.390000
6781.390000
6781.390000
6781.390000
6781.390000
6781.390000
6781.390000
6781.390000
6781.390000
6781.390000
6781.390000
6781.390000
6781.390000
6781.390000
6781.390000
6781.390000
6781.390000
6781.390000
6781.390000
6781.390000
6781.390000
6781.390000
6781.390000
6781.390000
6781.390000
6781.390000
6781.390000
6781.390000
6781.390000
6781.390000
6781.390000
6781.390000
6781.390000
6781.390000
6781.390000
6781.390000
6781.390000
6781.390000
6781.390000
6781.390000
6781.390000
6781.390000
6781.390000
6781.390000
6781.390000
6781.390000
6781.390000
6781.390000
6781.390000
6781.390000
6781.390000
6781.390000
6781.390000
6781.390000
6781.390000
6781.390000
6781.390000
6781.390000
6781.390000
6781.390000
6781.390000
6781.390000
6781.390000
6781.390000
6781.390000
6781.390000
6781.390000
6781.390000
6781.390000
6781.390000
6781.390000
6781.390000
6781.390000
6781.390000
6781.390000
6781.390000
6781.390000
6781.390000
6781.390000
6781.390000
6781.390000
6781.390000
6781.390000
6781.390000
6781.390000
6781.390000
6781.390000
6781.390000
6781.390000
6781.390000
6781.390000
6781.390000
6781.390000
6781.390000
6781.390000
6781.390000
6781.390000
6781.390000
6781.390000
6781.390000
6781.390000
6781.390000
6781.390000
6781.390000
6781.390000
6781.390000
6781.390000
6781.390000
6781.390000
6781.390000
6781.390000
6781.390000
6781.390000
6781.390000
6781.390000
6781.390000
6781.390000
6781.390000
6781.390000
6781.390000
6781.390000
6781.390000
6781.390000
6781.390000
6781.390000
6781.390000
6781.390000
6781.390000
6781.390000
6781.390000
6781.390000
6781.390000
6781.390000
6781.390000
6781.390000
6781.390000
6781.390000
6781.390000
6781.390000
6781.390000
6781.390000
6781.390000
6781.390000
6781.390000
6781.390000
6781.390000
6781.390000
6781.390000
6781.390000
6781.390000
6781.390000
6781.390000
6781.390000
6781.390000
6781.390000
6781.390000
6781.390000
6781.390000
6781.390000
6781.390000
6781.390000
6781.390000
6781.390000
6781.390000
6781.390000
6781.390000
6781.390000
6781.390000
6781.390000
6781.390000
6781.390000
6781.390000
6781.390000
6781.390000
6781.390000
6781.390000
6781.390000
6781.390000
6781.390000
6781.390000
6781.390000
6781.390000
6781.390000
6781.390000
6781.390000
6781.390000
6781.390000
6781.390000
6781.390000
6781.390000
6781.390000
6781.390000
6781.390000
6781.390000
6781.390000
6781.390000
6781.390000
6781.390000
6781.390000
6781.390000
6781.390000
6781.390000
6781.390000
6781.390000
6781.390000
6781.390000
6781.390000
6781.390000
6781.390000
6781.390000
6781.390000
6781.390000
6781.390000
6781.390000
6781.390000
6781.390000
6781.390000
6781.390000
6781.390000
6781.390000
6781.390000
6781.390000
6781.390000
6781.390000
6781.390000
6781.390000
6781.390000
6781.390000
6781.390000
6781.390000
6781.390000
6781.390000
6781.390000
6781.390000
6781.390000
6781.390000
6781.390000
6781.390000
6781.390000
6781.390000
6781.390000
6781.390000
6781.390000
6781.390000
6781.390000
6781.390000
6781.390000
6781.390000
6781.390000
6781.390000
6781.390000
6781.390000
6781.390000
6781.390000
6781.390000
6781.390000
6781.390000
6781.390000
6781.390000
6781.390000
6781.390000
6781.390000
6781.390000
6781.390000
6781.390000
6781.390000
6781.390000
6781.390000
6781.390000
6781.390000
6781.390000
6781.390000
6781.390000
6781.390000
6781.390000
6781.390000
6781.390000
6781.390000
6781.390000
6781.390000
6781.390000
6781.390000
6781.390000
6781.390000
6781.390000
6781.390000
6781.390000
6781.390000
6781.390000
6781.390000
6781.390000
6781.390000
6781.390000
6781.390000
6781.390000
6781.390000
6781.390000
6781.390000
6781.390000
6781.390000
6781.390000
6781.390000
6781.390000
6781.390000
6781.390000
6781.390000
6781.390000
6781.390000
6781.390000
6781.390000
6781.390000
6781.390000
6781.390000
6781.390000
6781.390000
6781.390000
6781.390000
6781.390000
6781.390000
6781.390000
6781.390000
6781.390000
6781.390000
6781.390000
6781.390000
6781.390000
6781.390000
6781.390000
6781.390000
6781.390000
6781.390000
6781.390000
6781.390000
6781.390000
6781.390000
6781.390000
6781.390000
6781.390000
6781.390000
6781.390000
6781.390000
6781.390000
6781.390000
6781.390000
6781.390000
6781.390000
6781.390000
6781.390000
6781.390000
6781.390000
6781.390000
6781.390000
6781.390000
6781.390000
6781.390000
6781.390000
6781.390000
6781.390000
6781.390000
6781.390000
6781.390000
6781.390000
6781.390000
6781.390000
6781.390000
6781.390000
6781.390000
6781.390000
6781.390000
6781.390000
6781.390000
6781.390000
6781.390000
6781.390000
6781.390000
6781.390000
6781.390000
6781.390000
6781.390000
6781.390000
6781.390000
6781.390000
6781.390000
6781.390000
6781.390000
6781.390000
6781.390000
6781.390000
6781.390000
6781.390000
6781.390000
6781.390000
6781.390000
6781.390000
6781.390000
6781.390000
6781.390000
6781.390000
6781.390000
6781.390000
6781.390000
6781.390000
6781.390000
6781.390000
6781.390000
6781.390000
6781.390000
6781.390000
6781.390000
6781.390000
6781.390000
6781.390000
6781.390000
6781.390000
6781.390000
6781.390000
6781.390000
6781.390000
6781.390000
6781.390000
6781.390000
6781.390000
6781.390000
6781.390000
6781.390000
6781.390000
6781.390000
6781.390000
6781.390000
6781.390000
6781.390000
6781.390000
6781.390000
6781.390000
6781.390000
6781.390000
6781.390000
6781.390000
6781.390000
6781.390000
6781.390000
6781.390000
6781.390000
6781.390000
6781.390000
6781.390000
6781.390000
6781.390000
6781.390000
6781.390000
6781.390000
6781.390000
6781.390000
6781.390000
6781.390000
6781.390000
6781.390000
6781.390000
6781.390000
6781.390000
6781.390000
6781.390000
6781.390000
6781.390000
6781.390000
6781.390000
6781.390000
6781.390000
6781.390000
6781.390000
6781.390000
6781.390000
6781.390000
6781.390000
6781.390000
6781.390000
6781.390000
6781.390000
6781.390000
6781.390000
6781.390000
6781.390000
6781.390000
6781.390000
6781.390000
6781.390000
6781.390000
6781.390000
6781.390000
6781.390000
6781.390000
6781.390000
6781.390000
6781.390000
6781.390000
6781.390000
6781.390000
6781.390000
6781.390000
6781.390000
6781.390000
6781.390000
6781.390000
6781.390000
6781.390000
6781.390000
6781.390000
6781.390000
2775.457746
0.000000
0.000000
0.000000
0.000000
0.000000
0.000000
0.000000
277.251461
963.754020
4526.967993
6781.390000
6781.390000
6781.390000
6781.390000
6781.390000
6781.390000
6781.390000
6781.390000
6781.390000
6781.390000
6781.390000
6781.390000
6781.390000
6781.390000
6781.390000
6781.390000
6781.390000
6781.390000
6781.390000
6781.390000
6781.390000
6781.390000
6781.390000
6781.390000
6781.390000
6781.390000
6781.390000
6781.390000
6781.390000
6781.390000
6781.390000
6781.390000
6781.390000
6781.390000
6781.390000
6781.390000
6781.390000
6781.390000
3929.530406
0.000000
0.000000
0.000000
0.000000
701.885287
1507.474508
6781.390000
6781.390000
6781.390000
6781.390000
6781.390000
6781.390000
6781.390000
6781.390000
6781.390000
6781.390000
6781.390000
6781.390000
6781.390000
6781.390000
6781.390000
6781.390000
6781.390000
6781.390000
6781.390000
6781.390000
6781.390000
6781.390000
6781.390000
6781.390000
6781.390000
6781.390000
6781.390000
6781.390000
6781.390000
6781.390000
6781.390000
6781.390000
6781.390000
6781.390000
6781.390000
6781.390000
6781.390000
6781.390000
6781.390000
6781.390000
6781.390000
6781.390000
0.000000
0.000000
0.000000
0.000000
124.974526
1040.082859
6781.390000
6781.390000
6781.390000
6781.390000
6781.390000
6781.390000
6781.390000
6781.390000
6781.390000
6781.390000
6781.390000
6781.390000
6781.390000
6781.390000
6781.390000
6781.390000
6781.390000
6781.390000
6781.390000
6781.390000
6781.390000
6781.390000
6781.390000
6781.390000
6781.390000
6781.390000
6781.390000
6781.390000
6781.390000
6781.390000
6781.390000
6781.390000
6781.390000
6781.390000
6781.390000
6781.390000
6781.390000
6781.390000
6781.390000
6781.390000
6781.390000
6781.390000
6781.390000
6781.390000
6781.390000
6781.390000
6781.390000
6781.390000
6781.390000
6781.390000
6781.390000
6781.390000
6781.390000
6781.390000
6781.390000
6781.390000
6781.390000
6781.390000
6781.390000
6781.390000
6781.390000
6781.390000
6781.390000
6781.390000
6781.390000
6781.390000
6781.390000
6781.390000
6781.390000
6781.390000
6781.390000
6781.390000
6781.390000
6781.390000
6781.390000
6781.390000
6781.390000
6781.390000
6781.390000
6781.390000
6781.390000
6781.390000
6781.390000
6781.390000
6781.390000
6781.390000
6781.390000
6781.390000
6781.390000
6781.390000
6781.390000
6781.390000
6781.390000
6781.390000
6781.390000
6781.390000
6781.390000
6781.390000
6781.390000
6781.390000
6781.390000
6781.390000
6781.390000
6781.390000
6781.390000
6781.390000
6781.390000
6781.390000
6781.390000
6781.390000
6781.390000
6781.390000
6781.390000
6781.390000
6781.390000
6781.390000
6781.390000
6781.390000
6781.390000
6781.390000
6781.390000
6781.390000
6781.390000
6781.390000
6781.390000
6781.390000
6781.390000
6781.390000
6781.390000
6781.390000
6781.390000
6781.390000
6781.390000
6781.390000
6781.390000
6781.390000
0.000000
0.000000
0.000000
0.000000
6781.390000
6781.390000
2115.131373
1160.639824
6781.390000
6781.390000
6781.390000
6781.390000
6781.390000
6781.390000
6781.390000
6781.390000
6781.390000
6781.390000
6781.390000
6781.390000
6781.390000
6781.390000
6781.390000
6781.390000
6781.390000
6781.390000
6781.390000
6781.390000
6781.390000
6781.390000
6781.390000
6781.390000
6781.390000
6781.390000
6781.390000
6781.390000
6781.390000
6781.390000
6781.390000
6781.390000
6781.390000
6781.390000
6781.390000
6781.390000
6781.390000
6781.390000
6162.233380
6781.390000
0.000000
0.000000
770.879943
745.456662
651.418866
1641.351128
3033.216748
2810.686243
924.254851
1005.876467
5761.926081
6781.390000
6781.390000
6781.390000
6781.390000
6781.390000
6781.390000
6781.390000
6781.390000
6781.390000
6781.390000
6781.390000
6781.390000
6781.390000
6781.390000
6781.390000
6781.390000
6781.390000
6781.390000
6781.390000
6781.390000
6781.390000
6781.390000
6781.390000
6781.390000
6781.390000
6781.390000
6781.390000
6781.390000
6781.390000
6781.390000
6781.390000
6781.390000
6781.390000
6781.390000
6781.390000
6781.390000
6781.390000
6601.178334
55.562683
0.000000
0.000000
0.000000
0.000000
0.000000
0.000000
6781.390000
6781.390000
6781.390000
6781.390000
6781.390000
6781.390000
6781.390000
6781.390000
6781.390000
6781.390000
6781.390000
6781.390000
6781.390000
6781.390000
6781.390000
6781.390000
6781.390000
6781.390000
6781.390000
6781.390000
6781.390000
6781.390000
6781.390000
6781.390000
6781.390000
6781.390000
6781.390000
6781.390000
6781.390000
6781.390000
6781.390000
6781.390000
6781.390000
6781.390000
6781.390000
6781.390000
6781.390000
6781.390000
6781.390000
6781.390000
6781.390000
6781.390000
6781.390000
6781.390000
1933.490088
2002.332851
6781.390000
6781.390000
6781.390000
6781.390000
6781.390000
6781.390000
6781.390000
6781.390000
6781.390000
6781.390000
6781.390000
6781.390000
6781.390000
6781.390000
6781.390000
6781.390000
6781.390000
6781.390000
6781.390000
6781.390000
6781.390000
6781.390000
6781.390000
6781.390000
6781.390000
6781.390000
6781.390000
6781.390000
6781.390000
6781.390000
6781.390000
6781.390000
6781.390000
6781.390000
6781.390000
6781.390000
6781.390000
6781.390000
6781.390000
6781.390000
6781.390000
6781.390000
6781.390000
6781.390000
6781.390000
6781.390000
0.000000
0.000000
4725.770108
5547.016226
5555.414253
6309.930212
6781.390000
6781.390000
6781.390000
6781.390000
6781.390000
6781.390000
6781.390000
6781.390000
6781.390000
6781.390000
6781.390000
6781.390000
6781.390000
6781.390000
6781.390000
6781.390000
6781.390000
6781.390000
6781.390000
6781.390000
6781.390000
6781.390000
6781.390000
6781.390000
6781.390000
6781.390000
6781.390000
6781.390000
6781.390000
6781.390000
6781.390000
6781.390000
6781.390000
6781.390000
6781.390000
6781.390000
6781.390000
6781.390000
6781.390000
6781.390000
6781.390000
6781.390000
6781.390000
6781.390000
6781.390000
6781.390000
6781.390000
6781.390000
6781.390000
6781.390000
6781.390000
6781.390000
6781.390000
6781.390000
6781.390000
6781.390000
6781.390000
6781.390000
6781.390000
6781.390000
6781.390000
6781.390000
6781.390000
6781.390000
6781.390000
6781.390000
6781.390000
6781.390000
6781.390000
6781.390000
6781.390000
6781.390000
6781.390000
6781.390000
6781.390000
6781.390000
6781.390000
6781.390000
6781.390000
6781.390000
6781.390000
6781.390000
6781.390000
6781.390000
6781.390000
6781.390000
6781.390000
6781.390000
6781.390000
6781.390000
6781.390000
6781.390000
6781.390000
6781.390000
6781.390000
6781.390000
6781.390000
6781.390000
6781.390000
6781.390000
6781.390000
6781.390000
6781.390000
6781.390000
6781.390000
6781.390000
6781.390000
6781.390000
6781.390000
6781.390000
6781.390000
6781.390000
6781.390000
6781.390000
6781.390000
6781.390000
6781.390000
6781.390000
6781.390000
6781.390000
6781.390000
6781.390000
6781.390000
6781.390000
6781.390000
6781.390000
6781.390000
6781.390000
6781.390000
6781.390000
6781.390000
6781.390000
6781.390000
6781.390000
6781.390000
6781.390000
6781.390000
6781.390000
6781.390000
6781.390000
6781.390000
6781.390000
6781.390000
6781.390000
6781.390000
6781.390000
6781.390000
6781.390000
6781.390000
6781.390000
6781.390000
6781.390000
6781.390000
6781.390000
6781.390000
6781.390000
6781.390000
6781.390000
6781.390000
6781.390000
6781.390000
6781.390000
6781.390000
6781.390000
6781.390000
6781.390000
6781.390000
6781.390000
6781.390000
6781.390000
6781.390000
6781.390000
6781.390000
6781.390000
6781.390000
6781.390000
6781.390000
6781.390000
6781.390000
6781.390000
6781.390000
6781.390000
6781.390000
6781.390000
6781.390000
6781.390000
6781.390000
6781.390000
6781.390000
6781.390000
6781.390000
6781.390000
6781.390000
6781.390000
6781.390000
6781.390000
6781.390000
6781.390000
6781.390000
6781.390000
6781.390000
6781.390000
6781.390000
6781.390000
6781.390000
6781.390000
6781.390000
6781.390000
6781.390000
6781.390000
6781.390000
6781.390000
6781.390000
6781.390000
6781.390000
6781.390000
6781.390000
6781.390000
6781.390000
6781.390000
6781.390000
6781.390000
6781.390000
6781.390000
6781.390000
6781.390000
6781.390000
6781.390000
6781.390000
6781.390000
6781.390000
6781.390000
5572.834743
3028.723191
0.000000
0.000000
0.000000
0.000000
19.378805
258.908551
6781.390000
6781.390000
6781.390000
6781.390000
6781.390000
6781.390000
6781.390000
6781.390000
6781.390000
6781.390000
6781.390000
6781.390000
6781.390000
6781.390000
6781.390000
6781.390000
6781.390000
6781.390000
6781.390000
6781.390000
6781.390000
6781.390000
6781.390000
6781.390000
6781.390000
6781.390000
6781.390000
6781.390000
6781.390000
6781.390000
6781.390000
6781.390000
6781.390000
6781.390000
6781.390000
6781.390000
6781.390000
6781.390000
6781.390000
2297.007433
0.000000
0.000000
0.000000
0.000000
0.000000
0.000000
0.000000
0.000000
0.000000
0.000000
1697.235263
5402.309101
6781.390000
6781.390000
6781.390000
6781.390000
6781.390000
6781.390000
6781.390000
6781.390000
6781.390000
6781.390000
6781.390000
6781.390000
6781.390000
6781.390000
6781.390000
6781.390000
6781.390000
6781.390000
6781.390000
6781.390000
6781.390000
6781.390000
6781.390000
6781.390000
6781.390000
6781.390000
6781.390000
6781.390000
6781.390000
6781.390000
6781.390000
6781.390000
1178.979049
3180.626915
1162.294123
0.000000
0.000000
0.000000
0.000000
0.000000
0.000000
0.000000
1653.621743
2474.356550
6064.961998
4380.705437
6781.390000
6781.390000
6781.390000
6781.390000
6781.390000
6781.390000
6781.390000
6781.390000
6781.390000
6781.390000
6781.390000
6781.390000
6781.390000
6781.390000
6781.390000
6781.390000
6781.390000
6781.390000
6781.390000
6781.390000
6781.390000
6781.390000
6781.390000
6781.390000
6781.390000
6781.390000
6781.390000
6781.390000
6781.390000
6781.390000
6781.390000
6781.390000
6781.390000
6781.390000
6781.390000
6781.390000
6781.390000
4070.066993
0.000000
0.000000
0.000000
0.000000
0.000000
0.000000
0.000000
0.000000
4876.033982
6781.390000
6781.390000
6781.390000
6781.390000
6781.390000
6781.390000
6781.390000
6781.390000
6781.390000
6781.390000
6781.390000
6781.390000
6781.390000
6781.390000
6781.390000
6781.390000
6781.390000
6781.390000
6781.390000
6781.390000
6781.390000
6781.390000
6781.390000
6781.390000
6781.390000
6781.390000
6781.390000
6781.390000
6781.390000
6781.390000
6781.390000
6781.390000
6781.390000
6781.390000
6781.390000
6781.390000
6781.390000
6781.390000
6781.390000
6781.390000
6781.390000
6781.390000
6781.390000
6781.390000
6781.390000
6781.390000
6781.390000
6781.390000
6781.390000
6781.390000
6781.390000
6781.390000
6781.390000
6781.390000
6781.390000
6781.390000
6781.390000
6781.390000
6781.390000
6781.390000
6781.390000
6781.390000
6781.390000
6781.390000
6781.390000
6781.390000
6781.390000
6781.390000
6781.390000
6781.390000
6781.390000
6781.390000
6781.390000
6781.390000
6781.390000
6781.390000
6781.390000
6781.390000
6781.390000
6781.390000
6781.390000
0.000000
1163.515779
0.000000
0.000000
0.000000
0.000000
0.000000
0.000000
0.000000
0.000000
0.000000
0.000000
0.000000
0.000000
4590.189372
6781.390000
6781.390000
6781.390000
6781.390000
6781.390000
6781.390000
6781.390000
6781.390000
6781.390000
6781.390000
6781.390000
6781.390000
6781.390000
6781.390000
6781.390000
6781.390000
6781.390000
6781.390000
6781.390000
6781.390000
6781.390000
6781.390000
6781.390000
6781.390000
6781.390000
6781.390000
6781.390000
6781.390000
6781.390000
6781.390000
6781.390000
6781.390000
6781.390000
6781.390000
6781.390000
6781.390000
6781.390000
6781.390000
3858.596758
6122.776181
5053.474302
3410.590826
3739.121086
5541.580090
6168.506320
6781.390000
6781.390000
6781.390000
6781.390000
6781.390000
6781.390000
6781.390000
6781.390000
6781.390000
6781.390000
6781.390000
6781.390000
6781.390000
6781.390000
6781.390000
6781.390000
6781.390000
6781.390000
6781.390000
6781.390000
6781.390000
6781.390000
6781.390000
6781.390000
6781.390000
6781.390000
6781.390000
6781.390000
6781.390000
6781.390000
6781.390000
6781.390000
6781.390000
6781.390000
6781.390000
6781.390000
6781.390000
6781.390000
6781.390000
6781.390000
6501.950427
271.451710
0.000000
0.000000
0.000000
0.000000
0.000000
0.000000
0.000000
0.000000
1888.150593
5352.483524
6781.390000
6781.390000
6781.390000
6781.390000
6781.390000
6781.390000
6781.390000
6781.390000
6781.390000
6781.390000
6781.390000
6781.390000
6781.390000
6781.390000
6781.390000
6781.390000
6781.390000
6781.390000
6781.390000
6781.390000
6781.390000
6781.390000
6781.390000
6781.390000
6781.390000
6781.390000
6781.390000
6781.390000
6781.390000
6781.390000
6781.390000
6781.390000
6781.390000
6781.390000
6781.390000
6781.390000
6781.390000
6781.390000
6781.390000
6781.390000
6781.390000
6781.390000
6781.390000
6781.390000
6781.390000
6781.390000
6781.390000
2168.027181
6781.390000
6781.390000
6781.390000
6781.390000
6781.390000
6781.390000
6781.390000
6781.390000
6781.390000
6781.390000
6781.390000
6781.390000
6781.390000
6781.390000
6781.390000
6781.390000
6781.390000
6781.390000
6781.390000
6781.390000
6781.390000
6781.390000
6781.390000
6781.390000
6781.390000
6781.390000
6781.390000
6781.390000
6781.390000
6781.390000
6781.390000
6781.390000
6781.390000
6781.390000
6781.390000
6781.390000
6781.390000
784.260980
0.000000
0.000000
0.000000
0.000000
6781.390000
6781.390000
6781.390000
6781.390000
6781.390000
6781.390000
6781.390000
6781.390000
6781.390000
6781.390000
6781.390000
6781.390000
6781.390000
6781.390000
6781.390000
6781.390000
6781.390000
6781.390000
6781.390000
6781.390000
6781.390000
6781.390000
6781.390000
6781.390000
6781.390000
6781.390000
6781.390000
6781.390000
6781.390000
6781.390000
6781.390000
6781.390000
6781.390000
6781.390000
6781.390000
6781.390000
6781.390000
6781.390000
6781.390000
6781.390000
6781.390000
6781.390000
6781.390000
6781.390000
6781.390000
6781.390000
1904.418827
1961.049532
5558.841340
6154.085072
6781.390000
6781.390000
6781.390000
6781.390000
6781.390000
6781.390000
6781.390000
6781.390000
6781.390000
6781.390000
6781.390000
6781.390000
6781.390000
6781.390000
6781.390000
6781.390000
6781.390000
6781.390000
6781.390000
6781.390000
6781.390000
6781.390000
6781.390000
6781.390000
6781.390000
6781.390000
6781.390000
6781.390000
6781.390000
6781.390000
6781.390000
6781.390000
6781.390000
6781.390000
6781.390000
6781.390000
6781.390000
6781.390000
6781.390000
6781.390000
6781.390000
6781.390000
4004.440720
4640.011431
3775.746646
5094.710152
6543.128103
5610.109147
6576.209215
6408.435044
6781.390000
6781.390000
6781.390000
6781.390000
6781.390000
6781.390000
6781.390000
6781.390000
6781.390000
6781.390000
6781.390000
6781.390000
6781.390000
6781.390000
6781.390000
6781.390000
6781.390000
6781.390000
6781.390000
6781.390000
6781.390000
6781.390000
6781.390000
6781.390000
6781.390000
6781.390000
6781.390000
6781.390000
6781.390000
6781.390000
6781.390000
6781.390000
6781.390000
6781.390000
6781.390000
6781.390000
0.000000
0.000000
379.109886
1428.314194
6781.390000
6781.390000
5672.963037
6781.390000
6781.390000
6781.390000
6781.390000
6781.390000
6781.390000
6781.390000
6781.390000
6781.390000
6781.390000
6781.390000
6781.390000
6781.390000
6781.390000
6781.390000
6781.390000
6781.390000
6781.390000
6781.390000
6781.390000
6781.390000
6781.390000
6781.390000
6781.390000
6781.390000
6781.390000
6781.390000
6781.390000
6781.390000
6781.390000
6781.390000
6781.390000
6781.390000
6781.390000
6781.390000
6781.390000
6781.390000
6781.390000
6781.390000
6781.390000
6781.390000
6781.390000
6781.390000
6781.390000
6781.390000
6781.390000
6781.390000
6781.390000
6781.390000
6781.390000
6781.390000
6781.390000
6781.390000
6781.390000
6781.390000
6781.390000
6781.390000
6781.390000
6781.390000
6781.390000
6781.390000
6781.390000
6781.390000
6781.390000
6781.390000
6781.390000
6781.390000
6781.390000
6781.390000
6781.390000
6781.390000
6781.390000
6781.390000
6781.390000
6781.390000
6781.390000
6781.390000
6781.390000
6781.390000
6781.390000
6781.390000
6781.390000
6781.390000
6781.390000
6781.390000
6781.390000
6781.390000
6781.390000
6781.390000
6781.390000
6781.390000
6781.390000
6781.390000
6781.390000
6781.390000
6781.390000
6781.390000
6781.390000
6781.390000
6781.390000
6781.390000
6781.390000
6781.390000
6781.390000
6781.390000
6781.390000
6781.390000
6781.390000
6781.390000
6781.390000
6781.390000
6781.390000
6781.390000
6781.390000
6781.390000
6781.390000
6781.390000
6781.390000
6781.390000
6781.390000
6781.390000
6781.390000
6781.390000
6781.390000
6781.390000
6781.390000
6781.390000
6781.390000
6781.390000
6781.390000
6781.390000
6781.390000
6781.390000
6781.390000
6781.390000
6781.390000
6781.390000
6781.390000
6781.390000
6781.390000
6781.390000
6781.390000
6781.390000
6781.390000
6781.390000
6781.390000
6781.390000
6781.390000
6781.390000
6781.390000
6781.390000
6781.390000
6781.390000
6781.390000
6781.390000
6781.390000
6781.390000
6781.390000
6781.390000
6781.390000
6781.390000
6781.390000
6781.390000
6781.390000
6781.390000
6781.390000
6781.390000
6781.390000
6781.390000
6781.390000
6781.390000
6781.390000
6781.390000
6781.390000
6781.390000
6781.390000
6781.390000
6781.390000
6781.390000
6781.390000
6781.390000
6781.390000
6781.390000
6781.390000
6781.390000
6781.390000
6781.390000
6781.390000
6781.390000
6781.390000
6781.390000
0.000000
0.000000
579.792194
938.436415
4630.236806
5097.000392
6781.390000
6781.390000
6781.390000
6781.390000
6781.390000
6781.390000
6781.390000
6781.390000
6781.390000
6781.390000
6781.390000
6781.390000
6781.390000
6781.390000
6781.390000
6781.390000
6781.390000
6781.390000
6781.390000
6781.390000
6781.390000
6781.390000
6781.390000
6781.390000
6781.390000
6781.390000
6781.390000
6781.390000
6781.390000
6781.390000
6781.390000
6781.390000
6781.390000
6781.390000
6781.390000
6781.390000
6781.390000
6781.390000
6781.390000
6781.390000
1279.507537
0.000000
0.000000
0.000000
6781.390000
6781.390000
6781.390000
6781.390000
6781.390000
6781.390000
6781.390000
6781.390000
6781.390000
6781.390000
6781.390000
6781.390000
6781.390000
6781.390000
6781.390000
6781.390000
6781.390000
6781.390000
6781.390000
6781.390000
6781.390000
6781.390000
6781.390000
6781.390000
6781.390000
6781.390000
6781.390000
6781.390000
6781.390000
6781.390000
6781.390000
6781.390000
6781.390000
6781.390000
6781.390000
6781.390000
6781.390000
6781.390000
6781.390000
6781.390000
6781.390000
6781.390000
6781.390000
6781.390000
6781.390000
6781.390000
6781.390000
6781.390000
6781.390000
6781.390000
6781.390000
6781.390000
6781.390000
6781.390000
6781.390000
6781.390000
6781.390000
6781.390000
6781.390000
6781.390000
6781.390000
6781.390000
6781.390000
6781.390000
6781.390000
6781.390000
6781.390000
6781.390000
6781.390000
6781.390000
6781.390000
6781.390000
6781.390000
6781.390000
6781.390000
6781.390000
6781.390000
6781.390000
6781.390000
6781.390000
6781.390000
6781.390000
6781.390000
6781.390000
6781.390000
6781.390000
6781.390000
6781.390000
6781.390000
6781.390000
6781.390000
6781.390000
3386.987806
4462.669773
1481.952221
3261.167615
6781.390000
6781.390000
6781.390000
6781.390000
6781.390000
6781.390000
6781.390000
6781.390000
6781.390000
6781.390000
6781.390000
6781.390000
6781.390000
6781.390000
6781.390000
6781.390000
6781.390000
6781.390000
6781.390000
6781.390000
6781.390000
6781.390000
6781.390000
6781.390000
6781.390000
6781.390000
6781.390000
6781.390000
6781.390000
6781.390000
6781.390000
6781.390000
6781.390000
6781.390000
6781.390000
6781.390000
6781.390000
6781.390000
6781.390000
6781.390000
6781.390000
6781.390000
6781.390000
6781.390000
3976.601583
1998.176190
6781.390000
6781.390000
6781.390000
6781.390000
6781.390000
6781.390000
6781.390000
6781.390000
6781.390000
6781.390000
6781.390000
6781.390000
6781.390000
6781.390000
6781.390000
6781.390000
6781.390000
6781.390000
6781.390000
6781.390000
6781.390000
6781.390000
6781.390000
6781.390000
6781.390000
6781.390000
6781.390000
6781.390000
6781.390000
6781.390000
6781.390000
6781.390000
6781.390000
6781.390000
6781.390000
6781.390000
6781.390000
6781.390000
6781.390000
6781.390000
6781.390000
6781.390000
6781.390000
6781.390000
6781.390000
6781.390000
6781.390000
6781.390000
6781.390000
6781.390000
6781.390000
6781.390000
6781.390000
6781.390000
6781.390000
6781.390000
6781.390000
6781.390000
6781.390000
6781.390000
6781.390000
6781.390000
6781.390000
6781.390000
6781.390000
6781.390000
6781.390000
6781.390000
6781.390000
6781.390000
6781.390000
6781.390000
6781.390000
6781.390000
6781.390000
6781.390000
6781.390000
6781.390000
6781.390000
6781.390000
6781.390000
6781.390000
6781.390000
6781.390000
6781.390000
6781.390000
6781.390000
6781.390000
6781.390000
6781.390000
6781.390000
6781.390000
6781.390000
4509.424183
0.000000
0.000000
0.000000
0.000000
0.000000
0.000000
1816.085888
2277.161194
0.000000
6781.390000
6781.390000
6781.390000
6781.390000
6781.390000
6781.390000
6781.390000
6781.390000
6781.390000
6781.390000
6781.390000
6781.390000
6781.390000
6781.390000
6781.390000
6781.390000
6781.390000
6781.390000
6781.390000
6781.390000
6781.390000
6781.390000
6781.390000
6781.390000
6781.390000
6781.390000
6781.390000
6781.390000
6781.390000
6781.390000
6781.390000
6781.390000
6781.390000
6781.390000
6781.390000
6781.390000
6781.390000
6781.390000
6781.390000
2327.877863
0.000000
0.000000
0.000000
0.000000
0.000000
6781.390000
6781.390000
6781.390000
6781.390000
6781.390000
6781.390000
6781.390000
6781.390000
6781.390000
6781.390000
6781.390000
6781.390000
6781.390000
6781.390000
6781.390000
6781.390000
6781.390000
6781.390000
6781.390000
6781.390000
6781.390000
6781.390000
6781.390000
6781.390000
6781.390000
6781.390000
6781.390000
6781.390000
6781.390000
6781.390000
6781.390000
6781.390000
6781.390000
6781.390000
6781.390000
6781.390000
6781.390000
6781.390000
6781.390000
6781.390000
6781.390000
6781.390000
6781.390000
5681.641157
6781.390000
6781.390000
6781.390000
6781.390000
6781.390000
6781.390000
6781.390000
6781.390000
6781.390000
6781.390000
6781.390000
6781.390000
6781.390000
6781.390000
6781.390000
6781.390000
6781.390000
6781.390000
6781.390000
6781.390000
6781.390000
6781.390000
6781.390000
6781.390000
6781.390000
6781.390000
6781.390000
6781.390000
6781.390000
6781.390000
6781.390000
6781.390000
6781.390000
6781.390000
6781.390000
6781.390000
6781.390000
6781.390000
6781.390000
6781.390000
6781.390000
6781.390000
6781.390000
6781.390000
6781.390000
6781.390000
6781.390000
6781.390000
6781.390000
6781.390000
6781.390000
6781.390000
6781.390000
6781.390000
6781.390000
6781.390000
6781.390000
6781.390000
6781.390000
6781.390000
6781.390000
6781.390000
6781.390000
6781.390000
6781.390000
6781.390000
6781.390000
6781.390000
6781.390000
6781.390000
6781.390000
6781.390000
6781.390000
6781.390000
6781.390000
6781.390000
6781.390000
6781.390000
6781.390000
6781.390000
6781.390000
6781.390000
6781.390000
6781.390000
6781.390000
6781.390000
6781.390000
6781.390000
6781.390000
6781.390000
6781.390000
6781.390000
554.384905
1200.001047
3489.359769
3685.871366
0.000000
929.306482
859.592051
0.000000
963.036428
773.992924
6781.390000
6781.390000
6781.390000
6781.390000
6781.390000
6781.390000
6781.390000
6781.390000
6781.390000
6781.390000
6781.390000
6781.390000
6781.390000
6781.390000
6781.390000
6781.390000
6781.390000
6781.390000
6781.390000
6781.390000
6781.390000
6781.390000
6781.390000
6781.390000
6781.390000
6781.390000
6781.390000
6781.390000
6781.390000
6781.390000
6781.390000
6781.390000
6781.390000
6781.390000
6781.390000
6781.390000
6781.390000
6781.390000
6781.390000
6781.390000
6781.390000
6781.390000
6781.390000
6781.390000
6781.390000
6781.390000
6781.390000
6781.390000
6781.390000
6781.390000
6781.390000
6781.390000
6781.390000
6781.390000
6781.390000
6781.390000
6781.390000
6781.390000
6781.390000
6781.390000
6781.390000
6781.390000
6781.390000
6781.390000
6781.390000
6781.390000
6781.390000
6781.390000
6781.390000
6781.390000
6781.390000
6781.390000
6781.390000
6781.390000
6781.390000
6781.390000
6781.390000
6781.390000
6781.390000
6781.390000
6781.390000
6781.390000
6781.390000
6781.390000
6781.390000
6781.390000
6781.390000
3931.911138
0.000000
0.000000
0.000000
0.000000
5789.857982
6130.946907
0.000000
0.000000
6781.390000
6781.390000
6781.390000
6781.390000
6781.390000
6781.390000
6781.390000
6781.390000
6781.390000
6781.390000
6781.390000
6781.390000
6781.390000
6781.390000
6781.390000
6781.390000
6781.390000
6781.390000
6781.390000
6781.390000
6781.390000
6781.390000
6781.390000
6781.390000
6781.390000
6781.390000
6781.390000
6781.390000
6781.390000
6781.390000
6781.390000
6781.390000
6781.390000
6781.390000
6781.390000
6781.390000
6781.390000
6781.390000
6781.390000
3764.349313
2679.491756
0.000000
1544.229605
1258.821976
6781.390000
6781.390000
6781.390000
6781.390000
6781.390000
6781.390000
6781.390000
6781.390000
6781.390000
6781.390000
6781.390000
6781.390000
6781.390000
6781.390000
6781.390000
6781.390000
6781.390000
6781.390000
6781.390000
6781.390000
6781.390000
6781.390000
6781.390000
6781.390000
6781.390000
6781.390000
6781.390000
6781.390000
6781.390000
6781.390000
6781.390000
6781.390000
6781.390000
6781.390000
6781.390000
6781.390000
6781.390000
6781.390000
6781.390000
6781.390000
6781.390000
6781.390000
6781.390000
6781.390000
6781.390000
6781.390000
6781.390000
6781.390000
6781.390000
6781.390000
6781.390000
6781.390000
6781.390000
6781.390000
6781.390000
6781.390000
6781.390000
6781.390000
6781.390000
6781.390000
6781.390000
6781.390000
6781.390000
6781.390000
6781.390000
6781.390000
6781.390000
6781.390000
6781.390000
6781.390000
6781.390000
6781.390000
6781.390000
6781.390000
6781.390000
6781.390000
6781.390000
6781.390000
6781.390000
6781.390000
6781.390000
6781.390000
6781.390000
6781.390000
6781.390000
6781.390000
6781.390000
6781.390000
6781.390000
6781.390000
5495.717205
0.000000
1935.068885
0.000000
2197.825940
2029.880071
1256.167070
1707.003826
4150.034340
4442.369949
6781.390000
6781.390000
6781.390000
6781.390000
6781.390000
6781.390000
6781.390000
6781.390000
6781.390000
6781.390000
6781.390000
6781.390000
6781.390000
6781.390000
6781.390000
6781.390000
6781.390000
6781.390000
6781.390000
6781.390000
6781.390000
6781.390000
6781.390000
6781.390000
6781.390000
6781.390000
6781.390000
6781.390000
6781.390000
6781.390000
6781.390000
6781.390000
6781.390000
6781.390000
6781.390000
6781.390000
0.000000
0.000000
0.000000
0.000000
0.000000
0.000000
0.000000
454.453848
3217.213690
2305.107449
6781.390000
6781.390000
6781.390000
6781.390000
6781.390000
6781.390000
6781.390000
6781.390000
6781.390000
6781.390000
6781.390000
6781.390000
6781.390000
6781.390000
6781.390000
6781.390000
6781.390000
6781.390000
6781.390000
6781.390000
6781.390000
6781.390000
6781.390000
6781.390000
6781.390000
6781.390000
6781.390000
6781.390000
6781.390000
6781.390000
6781.390000
6781.390000
6781.390000
6781.390000
6781.390000
6781.390000
3453.637162
5003.616632
0.000000
0.000000
0.000000
0.000000
0.000000
0.000000
0.000000
0.000000
0.000000
0.000000
0.000000
0.000000
0.000000
6781.390000
6781.390000
6781.390000
6781.390000
6781.390000
6781.390000
6781.390000
6781.390000
6781.390000
6781.390000
6781.390000
6781.390000
6781.390000
6781.390000
6781.390000
6781.390000
6781.390000
6781.390000
6781.390000
6781.390000
6781.390000
6781.390000
6781.390000
6781.390000
6781.390000
6781.390000
6781.390000
6781.390000
6781.390000
6781.390000
6781.390000
6781.390000
6781.390000
6781.390000
6781.390000
6781.390000
6781.390000
6781.390000
6781.390000
4944.631818
2622.050794
0.000000
0.000000
6781.390000
6781.390000
6781.390000
6781.390000
6781.390000
6781.390000
6781.390000
6781.390000
6781.390000
6781.390000
6781.390000
6781.390000
6781.390000
6781.390000
6781.390000
6781.390000
6781.390000
6781.390000
6781.390000
6781.390000
6781.390000
6781.390000
6781.390000
6781.390000
6781.390000
6781.390000
6781.390000
6781.390000
6781.390000
6781.390000
6781.390000
6781.390000
6781.390000
6781.390000
6781.390000
6781.390000
6781.390000
6781.390000
6781.390000
6781.390000
6781.390000
6781.390000
6781.390000
6781.390000
6781.390000
6781.390000
6781.390000
6781.390000
6781.390000
6781.390000
6781.390000
6781.390000
6781.390000
6781.390000
6781.390000
6781.390000
6781.390000
6781.390000
6781.390000
6781.390000
6781.390000
6781.390000
6781.390000
6781.390000
6781.390000
6781.390000
6781.390000
6781.390000
6781.390000
6781.390000
6781.390000
6781.390000
6781.390000
6781.390000
6781.390000
6781.390000
6781.390000
6781.390000
6781.390000
6781.390000
6781.390000
6781.390000
6781.390000
6781.390000
6781.390000
6781.390000
6781.390000
6781.390000
6781.390000
6781.390000
6781.390000
4256.334775
6003.819621
3865.156324
6781.390000
6781.390000
6781.390000
6781.390000
6781.390000
6781.390000
6781.390000
6781.390000
6781.390000
6781.390000
6781.390000
6781.390000
6781.390000
6781.390000
6781.390000
6781.390000
6781.390000
6781.390000
6781.390000
6781.390000
6781.390000
6781.390000
6781.390000
6781.390000
6781.390000
6781.390000
6781.390000
6781.390000
6781.390000
6781.390000
6781.390000
6781.390000
6781.390000
6781.390000
6781.390000
6781.390000
6781.390000
6781.390000
6781.390000
6781.390000
6781.390000
6781.390000
6781.390000
6781.390000
6781.390000
6781.390000
6781.390000
6781.390000
6781.390000
6781.390000
6781.390000
6781.390000
6781.390000
6781.390000
6781.390000
6781.390000
6781.390000
6781.390000
6781.390000
6781.390000
6781.390000
6781.390000
6781.390000
6781.390000
6781.390000
6781.390000
6781.390000
6781.390000
6781.390000
6781.390000
6781.390000
6781.390000
6781.390000
6781.390000
6781.390000
6781.390000
6781.390000
6781.390000
6781.390000
6781.390000
6781.390000
6781.390000
6781.390000
6781.390000
6781.390000
6781.390000
6781.390000
6781.390000
6781.390000
6781.390000
6781.390000
6781.390000
6781.390000
6781.390000
6781.390000
5250.423151
6781.390000
6781.390000
6781.390000
6781.390000
6781.390000
6781.390000
6781.390000
6781.390000
6781.390000
6781.390000
6781.390000
6781.390000
6781.390000
6781.390000
6781.390000
6781.390000
6781.390000
6781.390000
6781.390000
6781.390000
6781.390000
6781.390000
6781.390000
6781.390000
6781.390000
6781.390000
6781.390000
6781.390000
6781.390000
6781.390000
6781.390000
6781.390000
6781.390000
6781.390000
6781.390000
6781.390000
6781.390000
6781.390000
6781.390000
6781.390000
6781.390000
6781.390000
669.507408
1830.440588
1505.094877
20.645592
3146.209562
3486.897256
0.000000
0.000000
0.000000
0.000000
0.000000
0.000000
5269.015208
6781.390000
6781.390000
6781.390000
6781.390000
6781.390000
6781.390000
6781.390000
6781.390000
6781.390000
6781.390000
6781.390000
6781.390000
6781.390000
6781.390000
6781.390000
6781.390000
6781.390000
6781.390000
6781.390000
6781.390000
6781.390000
6781.390000
6781.390000
6781.390000
6781.390000
6781.390000
6781.390000
6781.390000
6781.390000
6781.390000
6781.390000
6781.390000
6781.390000
6781.390000
6781.390000
6389.317892
6781.390000
6018.829361
6522.486149
0.000000
0.000000
0.000000
938.479189
1983.658944
1305.528535
2791.198453
2758.606474
6781.390000
6426.820328
6781.390000
6781.390000
6781.390000
6781.390000
6781.390000
6781.390000
6781.390000
6781.390000
6781.390000
6781.390000
6781.390000
6781.390000
6781.390000
6781.390000
6781.390000
6781.390000
6781.390000
6781.390000
6781.390000
6781.390000
6781.390000
6781.390000
6781.390000
6781.390000
6781.390000
6781.390000
6781.390000
6781.390000
6781.390000
6781.390000
6781.390000
6781.390000
6781.390000
6781.390000
6781.390000
6781.390000
6781.390000
6781.390000
4503.484277
1233.009268
0.000000
0.000000
1508.363223
1537.203319
0.000000
0.000000
0.000000
0.000000
6781.390000
6781.390000
6781.390000
6781.390000
6781.390000
6781.390000
6781.390000
6781.390000
6781.390000
6781.390000
6781.390000
6781.390000
6781.390000
6781.390000
6781.390000
6781.390000
6781.390000
6781.390000
6781.390000
6781.390000
6781.390000
6781.390000
6781.390000
6781.390000
6781.390000
6781.390000
6781.390000
6781.390000
6781.390000
6781.390000
6781.390000
6781.390000
6781.390000
6781.390000
6781.390000
6781.390000
6781.390000
5488.161738
1365.162404
0.000000
0.000000
0.000000
0.000000
0.000000
0.000000
0.000000
0.000000
0.000000
0.000000
0.000000
6781.390000
6781.390000
6781.390000
6781.390000
6781.390000
6781.390000
6781.390000
6781.390000
6781.390000
6781.390000
6781.390000
6781.390000
6781.390000
6781.390000
6781.390000
6781.390000
6781.390000
6781.390000
6781.390000
6781.390000
6781.390000
6781.390000
6781.390000
6781.390000
6781.390000
6781.390000
6781.390000
6781.390000
6781.390000
6781.390000
6781.390000
6781.390000
6781.390000
6781.390000
6781.390000
6781.390000
6781.390000
6781.390000
6781.390000
6781.390000
6781.390000
6781.390000
6781.390000
5241.206131
0.000000
0.000000
0.000000
0.000000
6781.390000
6781.390000
6781.390000
6781.390000
6781.390000
6781.390000
6781.390000
6781.390000
6781.390000
6781.390000
6781.390000
6781.390000
6781.390000
6781.390000
6781.390000
6781.390000
6781.390000
6781.390000
6781.390000
6781.390000
6781.390000
6781.390000
6781.390000
6781.390000
6781.390000
6781.390000
6781.390000
6781.390000
6781.390000
6781.390000
6781.390000
6781.390000
6781.390000
6781.390000
6781.390000
6781.390000
6781.390000
6781.390000
5153.761227
5410.068589
4273.987901
4899.916543
3096.270007
0.000000
0.000000
5009.257037
6781.390000
6781.390000
6781.390000
6781.390000
6781.390000
6781.390000
6781.390000
6781.390000
6781.390000
6781.390000
6781.390000
6781.390000
6781.390000
6781.390000
6781.390000
6781.390000
6781.390000
6781.390000
6781.390000
6781.390000
6781.390000
6781.390000
6781.390000
6781.390000
6781.390000
6781.390000
6781.390000
6781.390000
6781.390000
6781.390000
6781.390000
6781.390000
6781.390000
6781.390000
6781.390000
6781.390000
6781.390000
2756.228267
3188.981533
302.055950
850.757448
1060.385684
5140.962518
5997.483701
0.000000
0.000000
1180.221019
0.000000
5975.062428
6781.390000
6781.390000
6781.390000
6781.390000
6781.390000
6781.390000
6781.390000
6781.390000
6781.390000
6781.390000
6781.390000
6781.390000
6781.390000
6781.390000
6781.390000
6781.390000
6781.390000
6781.390000
6781.390000
6781.390000
6781.390000
6781.390000
6781.390000
6781.390000
6781.390000
6781.390000
6781.390000
6781.390000
6781.390000
6781.390000
6781.390000
5206.935840
6735.186392
0.000000
0.000000
0.000000
0.000000
0.000000
0.000000
0.000000
0.000000
0.000000
0.000000
244.246229
88.382482
6658.704886
6781.390000
6781.390000
6781.390000
6781.390000
6781.390000
6781.390000
6781.390000
6781.390000
6781.390000
6781.390000
6781.390000
6781.390000
6781.390000
6781.390000
6781.390000
6781.390000
6781.390000
6781.390000
6781.390000
6781.390000
6781.390000
6781.390000
6781.390000
6781.390000
6781.390000
6781.390000
6781.390000
6781.390000
6781.390000
6781.390000
6781.390000
6781.390000
6781.390000
6781.390000
6781.390000
6781.390000
6781.390000
5347.048728
5692.471938
6781.390000
6781.390000
6781.390000
6781.390000
6781.390000
6781.390000
6781.390000
6781.390000
6781.390000
6781.390000
6781.390000
6781.390000
6781.390000
6781.390000
6781.390000
6781.390000
6781.390000
6781.390000
6781.390000
6781.390000
6781.390000
6781.390000
6781.390000
6781.390000
6781.390000
6781.390000
6781.390000
6781.390000
6781.390000
6781.390000
6781.390000
6781.390000
6781.390000
6781.390000
6781.390000
6781.390000
6781.390000
6781.390000
6781.390000
6781.390000
6781.390000
6781.390000
6781.390000
6781.390000
6781.390000
6781.390000
6781.390000
4386.865604
3059.000874
589.416512
0.000000
0.000000
0.000000
0.000000
1108.282021
1638.045692
6781.390000
6781.390000
6781.390000
6781.390000
6781.390000
6781.390000
6781.390000
6781.390000
6781.390000
6781.390000
6781.390000
6781.390000
6781.390000
6781.390000
6781.390000
6781.390000
6781.390000
6781.390000
6781.390000
6781.390000
6781.390000
6781.390000
6781.390000
6781.390000
6781.390000
6781.390000
6781.390000
6781.390000
6781.390000
6781.390000
6781.390000
6781.390000
6781.390000
6781.390000
6781.390000
6781.390000
6781.390000
6781.390000
6781.390000
6781.390000
2296.707057
0.000000
0.000000
0.000000
0.000000
0.000000
0.000000
0.000000
2989.372541
6305.128880
6781.390000
6781.390000
6781.390000
6781.390000
6781.390000
6781.390000
6781.390000
6781.390000
6781.390000
6781.390000
6781.390000
6781.390000
6781.390000
6781.390000
6781.390000
6781.390000
6781.390000
6781.390000
6781.390000
6781.390000
6781.390000
6781.390000
6781.390000
6781.390000
6781.390000
6781.390000
6781.390000
6781.390000
6781.390000
6781.390000
6781.390000
6781.390000
6781.390000
6781.390000
6781.390000
6781.390000
6781.390000
6781.390000
6781.390000
6781.390000
6781.390000
6781.390000
6781.390000
6781.390000
6781.390000
6781.390000
6781.390000
6781.390000
6781.390000
6781.390000
6781.390000
6781.390000
6781.390000
6781.390000
6781.390000
6781.390000
6781.390000
6781.390000
6781.390000
6781.390000
6781.390000
6781.390000
6781.390000
6781.390000
6781.390000
6781.390000
6781.390000
6781.390000
6781.390000
6781.390000
6781.390000
6781.390000
6781.390000
6781.390000
6781.390000
6781.390000
6781.390000
6781.390000
6781.390000
6781.390000
6781.390000
6781.390000
6781.390000
6781.390000
3840.268079
0.000000
0.000000
0.000000
0.000000
0.000000
0.000000
0.000000
0.000000
0.000000
0.000000
0.000000
0.000000
0.000000
6781.390000
6781.390000
6781.390000
6781.390000
6781.390000
6781.390000
6781.390000
6781.390000
6781.390000
6781.390000
6781.390000
6781.390000
6781.390000
6781.390000
6781.390000
6781.390000
6781.390000
6781.390000
6781.390000
6781.390000
6781.390000
6781.390000
6781.390000
6781.390000
6781.390000
6781.390000
6781.390000
6781.390000
6781.390000
6781.390000
6781.390000
6781.390000
186.169860
1653.717392
0.000000
0.000000
0.000000
0.000000
0.000000
0.000000
0.000000
0.000000
0.000000
0.000000
0.000000
2570.859131
6781.390000
6781.390000
6781.390000
6781.390000
6781.390000
6781.390000
6781.390000
6781.390000
6781.390000
6781.390000
6781.390000
6781.390000
6781.390000
6781.390000
6781.390000
6781.390000
6781.390000
6781.390000
6781.390000
6781.390000
6781.390000
6781.390000
6781.390000
6781.390000
6781.390000
6781.390000
6781.390000
6781.390000
6781.390000
6781.390000
6781.390000
6781.390000
6781.390000
6781.390000
6781.390000
6781.390000
6781.390000
6781.390000
6781.390000
6781.390000
6781.390000
6781.390000
6781.390000
6781.390000
6781.390000
6781.390000
6781.390000
6781.390000
6781.390000
6781.390000
6781.390000
6781.390000
6781.390000
6781.390000
6781.390000
6781.390000
6781.390000
6781.390000
6781.390000
6781.390000
6781.390000
6781.390000
6781.390000
6781.390000
6781.390000
6781.390000
6781.390000
6781.390000
6781.390000
6781.390000
6781.390000
6781.390000
6781.390000
6781.390000
6781.390000
6781.390000
6781.390000
6781.390000
6781.390000
6781.390000
6781.390000
6781.390000
6781.390000
6781.390000
0.000000
513.584601
0.000000
0.000000
0.000000
0.000000
0.000000
0.000000
0.000000
0.000000
0.000000
0.000000
5794.605343
6551.268575
6781.390000
6781.390000
6781.390000
6781.390000
6781.390000
6781.390000
6781.390000
6781.390000
6781.390000
6781.390000
6781.390000
6781.390000
6781.390000
6781.390000
6781.390000
6781.390000
6781.390000
6781.390000
6781.390000
6781.390000
6781.390000
6781.390000
6781.390000
6781.390000
6781.390000
6781.390000
6781.390000
6781.390000
6781.390000
6781.390000
6781.390000
6781.390000
6781.390000
6781.390000
6781.390000
4590.754542
0.000000
0.000000
0.000000
0.000000
0.000000
0.000000
0.000000
0.000000
798.217836
4370.410020
6781.390000
6781.390000
6781.390000
6781.390000
6781.390000
6781.390000
6781.390000
6781.390000
6781.390000
6781.390000
6781.390000
6781.390000
6781.390000
6781.390000
6781.390000
6781.390000
6781.390000
6781.390000
6781.390000
6781.390000
6781.390000
6781.390000
6781.390000
6781.390000
6781.390000
6781.390000
6781.390000
6781.390000
6781.390000
6781.390000
6781.390000
6781.390000
5538.811204
6781.390000
0.000000
0.000000
0.000000
0.000000
0.000000
0.000000
0.000000
0.000000
0.000000
0.000000
0.000000
0.000000
0.000000
873.108921
6781.390000
6781.390000
6781.390000
6781.390000
6781.390000
6781.390000
6781.390000
6781.390000
6781.390000
6781.390000
6781.390000
6781.390000
6781.390000
6781.390000
6781.390000
6781.390000
6781.390000
6781.390000
6781.390000
6781.390000
6781.390000
6781.390000
6781.390000
6781.390000
6781.390000
6781.390000
6781.390000
6781.390000
6781.390000
6781.390000
6781.390000
6781.390000
6781.390000
6781.390000
6781.390000
6781.390000
6781.390000
1156.397696
0.000000
0.000000
0.000000
0.000000
0.000000
0.000000
0.000000
0.000000
0.000000
0.000000
0.000000
0.000000
6781.390000
6781.390000
6781.390000
6781.390000
6781.390000
6781.390000
6781.390000
6781.390000
6781.390000
6781.390000
6781.390000
6781.390000
6781.390000
6781.390000
6781.390000
6781.390000
6781.390000
6781.390000
6781.390000
6781.390000
6781.390000
6781.390000
6781.390000
6781.390000
6781.390000
6781.390000
6781.390000
6781.390000
6781.390000
6781.390000
6781.390000
6781.390000
6781.390000
6781.390000
6781.390000
6781.390000
2207.015534
0.000000
1415.099084
1901.753421
612.037685
1429.393504
6781.390000
6781.390000
6781.390000
6781.390000
6781.390000
6781.390000
6781.390000
6781.390000
6781.390000
6781.390000
6781.390000
6781.390000
6781.390000
6781.390000
6781.390000
6781.390000
6781.390000
6781.390000
6781.390000
6781.390000
6781.390000
6781.390000
6781.390000
6781.390000
6781.390000
6781.390000
6781.390000
6781.390000
6781.390000
6781.390000
6781.390000
6781.390000
6781.390000
6781.390000
6781.390000
6781.390000
6781.390000
6781.390000
6781.390000
6781.390000
6781.390000
6781.390000
6781.390000
6781.390000
678.691481
1083.962880
0.000000
0.000000
1018.210516
1550.725675
5948.570239
6781.390000
6781.390000
6781.390000
6781.390000
6781.390000
6781.390000
6781.390000
6781.390000
6781.390000
6781.390000
6781.390000
6781.390000
6781.390000
6781.390000
6781.390000
6781.390000
6781.390000
6781.390000
6781.390000
6781.390000
6781.390000
6781.390000
6781.390000
6781.390000
6781.390000
6781.390000
6781.390000
6781.390000
6781.390000
6781.390000
6781.390000
6781.390000
6781.390000
5082.256627
5461.768105
0.000000
0.000000
0.000000
0.000000
0.000000
0.000000
788.606645
2525.920242
3676.165738
2814.347101
6781.390000
6781.390000
6781.390000
0.000000
6042.692402
6425.680414
6781.390000
6781.390000
6781.390000
6781.390000
6781.390000
6781.390000
6781.390000
6781.390000
6781.390000
6781.390000
6781.390000
6781.390000
6781.390000
6781.390000
6781.390000
6781.390000
6781.390000
6781.390000
6781.390000
6781.390000
6781.390000
6781.390000
6781.390000
6781.390000
6781.390000
6781.390000
6781.390000
6781.390000
6781.390000
6781.390000
6443.180348
6781.390000
0.000000
0.000000
0.000000
0.000000
0.000000
0.000000
2621.427023
4401.751503
6781.390000
6594.593568
6781.390000
6543.028062
6781.390000
6781.390000
6781.390000
6781.390000
6781.390000
6781.390000
6781.390000
6781.390000
6781.390000
6781.390000
6781.390000
6781.390000
6781.390000
6781.390000
6781.390000
6781.390000
6781.390000
6781.390000
6781.390000
6781.390000
6781.390000
6781.390000
6781.390000
6781.390000
6781.390000
6781.390000
6781.390000
6781.390000
6781.390000
6781.390000
6781.390000
6781.390000
6781.390000
6781.390000
6781.390000
6781.390000
6781.390000
6781.390000
6781.390000
6781.390000
6781.390000
6781.390000
6781.390000
6781.390000
6781.390000
6781.390000
6781.390000
6781.390000
6781.390000
6781.390000
6781.390000
6781.390000
6781.390000
6781.390000
6781.390000
6781.390000
6781.390000
6781.390000
6781.390000
6781.390000
6781.390000
6781.390000
6781.390000
6781.390000
6781.390000
6781.390000
6781.390000
6781.390000
6781.390000
6781.390000
6781.390000
6781.390000
6781.390000
6781.390000
6781.390000
6781.390000
6781.390000
6781.390000
6781.390000
6781.390000
6781.390000
6781.390000
6781.390000
6781.390000
6781.390000
6781.390000
6781.390000
6781.390000
6781.390000
6781.390000
6781.390000
6781.390000
6781.390000
6781.390000
6781.390000
6781.390000
6781.390000
6781.390000
6781.390000
6781.390000
6781.390000
6781.390000
6781.390000
6781.390000
6781.390000
6781.390000
6781.390000
6781.390000
6781.390000
6781.390000
6781.390000
6781.390000
6781.390000
6781.390000
6781.390000
6781.390000
6781.390000
6781.390000
6781.390000
6781.390000
6781.390000
6781.390000
6781.390000
6781.390000
6781.390000
6781.390000
6781.390000
6781.390000
6781.390000
6781.390000
6781.390000
6781.390000
6781.390000
6781.390000
6781.390000
6781.390000
6781.390000
6781.390000
6781.390000
6781.390000
6781.390000
6781.390000
6781.390000
6781.390000
6781.390000
6781.390000
6781.390000
6781.390000
6781.390000
6781.390000
6781.390000
6781.390000
6781.390000
6781.390000
6781.390000
6781.390000
6781.390000
6781.390000
6781.390000
6781.390000
6781.390000
6781.390000
6781.390000
6781.390000
6781.390000
6781.390000
6781.390000
6781.390000
6781.390000
6781.390000
6781.390000
6781.390000
6781.390000
6781.390000
6781.390000
6781.390000
6781.390000
6781.390000
6781.390000
6781.390000
6781.390000
6781.390000
6781.390000
6781.390000
4682.835339
3126.009036
6781.390000
6781.390000
5453.709229
0.000000
0.000000
0.000000
2526.914842
6781.390000
6781.390000
6781.390000
6781.390000
6781.390000
6781.390000
6781.390000
6781.390000
6781.390000
6781.390000
6781.390000
6781.390000
6781.390000
6781.390000
6781.390000
6781.390000
6781.390000
6781.390000
6781.390000
6781.390000
6781.390000
6781.390000
6781.390000
6781.390000
6781.390000
6781.390000
6781.390000
6781.390000
6781.390000
6781.390000
6781.390000
6781.390000
6781.390000
6781.390000
6781.390000
0.000000
0.000000
0.000000
0.000000
0.000000
0.000000
0.000000
0.000000
0.000000
0.000000
0.000000
0.000000
0.000000
3200.723742
6781.390000
6781.390000
6781.390000
6781.390000
6781.390000
6781.390000
6781.390000
6781.390000
6781.390000
6781.390000
6781.390000
6781.390000
6781.390000
6781.390000
6781.390000
6781.390000
6781.390000
6781.390000
6781.390000
6781.390000
6781.390000
6781.390000
6781.390000
6781.390000
6781.390000
6781.390000
6781.390000
6781.390000
6781.390000
6781.390000
6781.390000
6781.390000
6781.390000
6781.390000
6781.390000
6781.390000
6781.390000
6781.390000
0.000000
275.843486
6781.390000
6781.390000
6781.390000
6781.390000
6781.390000
6781.390000
6781.390000
6322.419792
6781.390000
6781.390000
6781.390000
6781.390000
6781.390000
6781.390000
6781.390000
6781.390000
6781.390000
6781.390000
6781.390000
6781.390000
6781.390000
6781.390000
6781.390000
6781.390000
6781.390000
6781.390000
6781.390000
6781.390000
6781.390000
6781.390000
6781.390000
6781.390000
6781.390000
6781.390000
6781.390000
6781.390000
6781.390000
6781.390000
6781.390000
6781.390000
6781.390000
6781.390000
6781.390000
6781.390000
6781.390000
4633.541818
3723.367273
4724.326459
6781.390000
6781.390000
6781.390000
6781.390000
6781.390000
6781.390000
6781.390000
6781.390000
6781.390000
6781.390000
6781.390000
6781.390000
6781.390000
6781.390000
6781.390000
6781.390000
6781.390000
6781.390000
6781.390000
6781.390000
6781.390000
6781.390000
6781.390000
6781.390000
6781.390000
6781.390000
6781.390000
6781.390000
6781.390000
6781.390000
6781.390000
6781.390000
6781.390000
6781.390000
6781.390000
6781.390000
6781.390000
6781.390000
6781.390000
6781.390000
1936.877343
4336.931522
0.000000
0.000000
0.000000
0.000000
0.000000
0.000000
3926.188491
4349.934057
4114.080044
4810.438738
6781.390000
6781.390000
5734.227179
6781.390000
6781.390000
6781.390000
6781.390000
6781.390000
6781.390000
6781.390000
6781.390000
6781.390000
6781.390000
6781.390000
6781.390000
6781.390000
6781.390000
6781.390000
6781.390000
6781.390000
6781.390000
6781.390000
6781.390000
6781.390000
6781.390000
6781.390000
6781.390000
6781.390000
6781.390000
6781.390000
6781.390000
6781.390000
6781.390000
6781.390000
6781.390000
6781.390000
6781.390000
6781.390000
0.000000
0.000000
0.000000
0.000000
0.000000
0.000000
0.000000
0.000000
0.000000
0.000000
2088.298239
2580.660305
6781.390000
6781.390000
6781.390000
6781.390000
6781.390000
6781.390000
6781.390000
6781.390000
6781.390000
6781.390000
6781.390000
6781.390000
6781.390000
6781.390000
6781.390000
6781.390000
6781.390000
6781.390000
6781.390000
6781.390000
6781.390000
6781.390000
6781.390000
6781.390000
6781.390000
6781.390000
6781.390000
6781.390000
6781.390000
6781.390000
6781.390000
6781.390000
6781.390000
6781.390000
571.802657
2592.481165
0.000000
0.000000
0.000000
0.000000
0.000000
0.000000
0.000000
0.000000
0.000000
0.000000
0.000000
0.000000
0.000000
6781.390000
6781.390000
6781.390000
6781.390000
6781.390000
6781.390000
6781.390000
6781.390000
6781.390000
6781.390000
6781.390000
6781.390000
6781.390000
6781.390000
6781.390000
6781.390000
6781.390000
6781.390000
6781.390000
6781.390000
6781.390000
6781.390000
6781.390000
6781.390000
6781.390000
6781.390000
6781.390000
6781.390000
6781.390000
6781.390000
6781.390000
6781.390000
6781.390000
0.000000
0.000000
0.000000
0.000000
0.000000
0.000000
0.000000
0.000000
0.000000
0.000000
0.000000
0.000000
0.000000
0.000000
0.000000
1617.184095
6781.390000
6781.390000
6781.390000
6781.390000
6781.390000
6781.390000
6781.390000
6781.390000
6781.390000
6781.390000
6781.390000
6781.390000
6781.390000
6781.390000
6781.390000
6781.390000
6781.390000
6781.390000
6781.390000
6781.390000
6781.390000
6781.390000
6781.390000
6781.390000
6781.390000
6781.390000
6781.390000
6781.390000
6781.390000
6781.390000
6781.390000
6781.390000
6781.390000
6781.390000
6781.390000
6781.390000
5009.835913
0.000000
0.000000
0.000000
0.000000
0.000000
0.000000
0.000000
0.000000
0.000000
0.000000
0.000000
3648.529374
6781.390000
6781.390000
6781.390000
6781.390000
6781.390000
6781.390000
6781.390000
6781.390000
6781.390000
6781.390000
6781.390000
6781.390000
6781.390000
6781.390000
6781.390000
6781.390000
6781.390000
6781.390000
6781.390000
6781.390000
6781.390000
6781.390000
6781.390000
6781.390000
6781.390000
6781.390000
6781.390000
6781.390000
6781.390000
6781.390000
6781.390000
0.000000
0.000000
0.000000
0.000000
0.000000
0.000000
0.000000
0.000000
0.000000
0.000000
0.000000
0.000000
2721.491988
2709.221298
6781.390000
3120.339253
6781.390000
6781.390000
6781.390000
6781.390000
6781.390000
6781.390000
6781.390000
6781.390000
6781.390000
6781.390000
6781.390000
6781.390000
6781.390000
6781.390000
6781.390000
6781.390000
6781.390000
6781.390000
6781.390000
6781.390000
6781.390000
6781.390000
6781.390000
6781.390000
6781.390000
6781.390000
6781.390000
6781.390000
6781.390000
6781.390000
6781.390000
6781.390000
6781.390000
6781.390000
3001.662260
3839.359360
1004.353037
2471.239974
5094.623012
6677.850274
6781.390000
6781.390000
6781.390000
6781.390000
6781.390000
6781.390000
6781.390000
6781.390000
6781.390000
6781.390000
6781.390000
6781.390000
6781.390000
6781.390000
6781.390000
6781.390000
6781.390000
6781.390000
6781.390000
6781.390000
6781.390000
6781.390000
6781.390000
6781.390000
6781.390000
6781.390000
6781.390000
6781.390000
6781.390000
6781.390000
6781.390000
6781.390000
6781.390000
6781.390000
6781.390000
6781.390000
6781.390000
6781.390000
6781.390000
6781.390000
6781.390000
6781.390000
5345.486960
6166.778510
3439.520791
0.000000
0.000000
0.000000
0.000000
0.000000
0.000000
0.000000
0.000000
0.000000
0.000000
6781.390000
6781.390000
6781.390000
6781.390000
6781.390000
6781.390000
6781.390000
6781.390000
6781.390000
6781.390000
6781.390000
6781.390000
6781.390000
6781.390000
6781.390000
6781.390000
6781.390000
6781.390000
6781.390000
6781.390000
6781.390000
6781.390000
6781.390000
6781.390000
6781.390000
6781.390000
6781.390000
6781.390000
6781.390000
6781.390000
6781.390000
6781.390000
6781.390000
6781.390000
6781.390000
6781.390000
6781.390000
3740.139008
0.000000
0.000000
0.000000
0.000000
0.000000
0.000000
0.000000
0.000000
0.000000
6657.354563
0.000000
3103.202553
6424.584995
6781.390000
6781.390000
6781.390000
6781.390000
6781.390000
6781.390000
6781.390000
6781.390000
6781.390000
6781.390000
6781.390000
6781.390000
6781.390000
6781.390000
6781.390000
6781.390000
6781.390000
6781.390000
6781.390000
6781.390000
6781.390000
6781.390000
6781.390000
6781.390000
6781.390000
6781.390000
6781.390000
6781.390000
6781.390000
6781.390000
6781.390000
6781.390000
3662.082519
4437.774619
2948.291766
0.000000
0.000000
0.000000
0.000000
0.000000
0.000000
0.000000
0.000000
0.000000
2198.036834
6781.390000
6781.390000
6781.390000
6781.390000
6781.390000
6781.390000
6781.390000
6781.390000
6781.390000
6781.390000
6781.390000
6781.390000
6781.390000
6781.390000
6781.390000
6781.390000
6781.390000
6781.390000
6781.390000
6781.390000
6781.390000
6781.390000
6781.390000
6781.390000
6781.390000
6781.390000
6781.390000
6781.390000
6781.390000
6781.390000
6781.390000
6781.390000
6781.390000
6781.390000
6781.390000
6781.390000
6781.390000
6781.390000
6781.390000
6781.390000
6781.390000
6781.390000
6781.390000
3134.347415
4097.761545
6781.390000
6781.390000
6781.390000
6781.390000
6781.390000
6781.390000
6781.390000
6781.390000
6781.390000
6781.390000
6781.390000
6781.390000
6781.390000
6781.390000
6781.390000
6781.390000
6781.390000
6781.390000
6781.390000
6781.390000
6781.390000
6781.390000
6781.390000
6781.390000
6781.390000
6781.390000
6781.390000
6781.390000
6781.390000
6781.390000
6781.390000
6781.390000
6781.390000
6781.390000
6781.390000
6781.390000
6781.390000
6781.390000
6781.390000
6781.390000
6781.390000
6781.390000
6781.390000
6781.390000
6781.390000
6781.390000
6781.390000
6781.390000
6781.390000
6781.390000
6781.390000
6781.390000
6781.390000
6781.390000
6781.390000
6781.390000
6781.390000
6781.390000
6781.390000
6781.390000
6781.390000
6781.390000
6781.390000
6781.390000
6781.390000
6781.390000
6781.390000
6781.390000
6781.390000
6781.390000
6781.390000
6781.390000
6781.390000
6781.390000
6781.390000
6781.390000
6781.390000
6781.390000
6781.390000
6781.390000
6781.390000
6781.390000
6781.390000
6781.390000
6781.390000
6781.390000
42.700130
847.464150
1921.589569
2459.944342
4805.186031
5821.603828
3299.563613
4818.117679
1649.039045
787.402924
1796.829101
1336.515155
4707.165953
6781.390000
6781.390000
6781.390000
6781.390000
6781.390000
6781.390000
6781.390000
6781.390000
6781.390000
6781.390000
6781.390000
6781.390000
6781.390000
6781.390000
6781.390000
6781.390000
6781.390000
6781.390000
6781.390000
6781.390000
6781.390000
6781.390000
6781.390000
6781.390000
6781.390000
6781.390000
6781.390000
6781.390000
6781.390000
6781.390000
6781.390000
6781.390000
6781.390000
6781.390000
6781.390000
6781.390000
6781.390000
6781.390000
6781.390000
6781.390000
5230.837888
1296.028196
3250.941714
2455.784482
1694.442951
2016.774392
1562.153732
3470.902014
641.578753
6781.390000
6781.390000
6781.390000
6781.390000
6781.390000
6781.390000
6781.390000
6781.390000
6781.390000
6781.390000
6781.390000
6781.390000
6781.390000
6781.390000
6781.390000
6781.390000
6781.390000
6781.390000
6781.390000
6781.390000
6781.390000
6781.390000
6781.390000
6781.390000
6781.390000
6781.390000
6781.390000
6781.390000
6781.390000
6781.390000
6781.390000
6781.390000
6781.390000
6781.390000
6781.390000
6781.390000
6781.390000
6781.390000
6781.390000
6781.390000
6781.390000
6781.390000
6781.390000
6781.390000
6781.390000
6781.390000
6781.390000
6781.390000
6781.390000
6781.390000
6781.390000
6781.390000
6781.390000
6781.390000
6781.390000
6781.390000
6781.390000
6781.390000
6781.390000
6781.390000
6781.390000
6781.390000
6781.390000
6781.390000
6781.390000
6781.390000
6781.390000
6781.390000
6781.390000
6781.390000
6781.390000
6781.390000
6781.390000
6781.390000
6781.390000
6781.390000
6781.390000
6781.390000
6781.390000
6781.390000
6781.390000
6781.390000
6781.390000
6781.390000
6781.390000
6004.969913
0.000000
0.000000
0.000000
416.224970
0.000000
0.000000
4176.768015
4370.261208
2824.938088
6781.390000
6781.390000
6781.390000
6781.390000
6781.390000
6781.390000
6781.390000
6781.390000
6781.390000
6781.390000
6781.390000
6781.390000
6781.390000
6781.390000
6781.390000
6781.390000
6781.390000
6781.390000
6781.390000
6781.390000
6781.390000
6781.390000
6781.390000
6781.390000
6781.390000
6781.390000
6781.390000
6781.390000
6781.390000
6781.390000
6781.390000
6781.390000
6781.390000
4652.900188
6781.390000
1390.119451
2862.650536
1340.872900
0.000000
0.000000
0.000000
0.000000
0.000000
0.000000
0.000000
0.000000
0.000000
0.000000
0.000000
3104.423625
6768.998272
6781.390000
6781.390000
6781.390000
6781.390000
6781.390000
6781.390000
6781.390000
6781.390000
6781.390000
6781.390000
6781.390000
6781.390000
6781.390000
6781.390000
6781.390000
6781.390000
6781.390000
6781.390000
6781.390000
6781.390000
6781.390000
6781.390000
6781.390000
6781.390000
6781.390000
6781.390000
6781.390000
6781.390000
6781.390000
6781.390000
6781.390000
6781.390000
6781.390000
6781.390000
85.869809
0.000000
0.000000
0.000000
0.000000
0.000000
0.000000
0.000000
0.000000
0.000000
0.000000
0.000000
1846.024509
4991.452664
6781.390000
6781.390000
6781.390000
6781.390000
6781.390000
6781.390000
6781.390000
6781.390000
6781.390000
6781.390000
6781.390000
6781.390000
6781.390000
6781.390000
6781.390000
6781.390000
6781.390000
6781.390000
6781.390000
6781.390000
6781.390000
6781.390000
6781.390000
6781.390000
6781.390000
6781.390000
6781.390000
6781.390000
6781.390000
6781.390000
387.308239
2939.290949
199.541883
1702.105581
0.000000
0.000000
0.000000
0.000000
0.000000
0.000000
0.000000
0.000000
0.000000
0.000000
0.000000
0.000000
0.000000
0.000000
6781.390000
6781.390000
6781.390000
6781.390000
6781.390000
6781.390000
6781.390000
6781.390000
6781.390000
6781.390000
6781.390000
6781.390000
6781.390000
6781.390000
6781.390000
6781.390000
6781.390000
6781.390000
6781.390000
6781.390000
6781.390000
6781.390000
6781.390000
6781.390000
6781.390000
6781.390000
6781.390000
6781.390000
3990.924484
4157.043401
0.000000
0.000000
0.000000
0.000000
0.000000
0.000000
0.000000
0.000000
4390.865996
6335.805576
6781.390000
6781.390000
6781.390000
6781.390000
6781.390000
0.000000
0.000000
0.000000
6781.390000
6781.390000
6781.390000
6781.390000
6781.390000
6781.390000
6781.390000
6781.390000
6781.390000
6781.390000
6781.390000
6781.390000
6781.390000
6781.390000
6781.390000
6781.390000
6781.390000
6781.390000
6781.390000
6781.390000
6781.390000
6781.390000
6781.390000
6781.390000
6781.390000
6781.390000
6781.390000
6781.390000
6781.390000
6781.390000
1867.824929
1701.417899
0.000000
0.000000
0.000000
0.000000
2858.322454
4127.116133
2577.253419
4478.829682
626.370780
0.000000
0.000000
0.000000
6354.492545
6781.390000
6781.390000
6781.390000
6781.390000
6781.390000
6781.390000
6781.390000
6781.390000
6781.390000
6781.390000
6781.390000
6781.390000
6781.390000
6781.390000
6781.390000
6781.390000
6781.390000
6781.390000
6781.390000
6781.390000
6781.390000
6781.390000
6781.390000
6781.390000
6781.390000
6781.390000
6781.390000
6781.390000
6781.390000
6781.390000
6781.390000
6781.390000
6781.390000
6781.390000
6781.390000
6781.390000
6781.390000
0.000000
0.000000
0.000000
0.000000
0.000000
0.000000
0.000000
0.000000
0.000000
0.000000
0.000000
6781.390000
6781.390000
6781.390000
6781.390000
6781.390000
6781.390000
6781.390000
6781.390000
6781.390000
6781.390000
6781.390000
6781.390000
6781.390000
6781.390000
6781.390000
6781.390000
6781.390000
6781.390000
6781.390000
6781.390000
6781.390000
6781.390000
6781.390000
6781.390000
6781.390000
6781.390000
6781.390000
6781.390000
6781.390000
6781.390000
6781.390000
6781.390000
6781.390000
6781.390000
6781.390000
6781.390000
6781.390000
2955.502775
0.000000
0.000000
0.000000
0.000000
0.000000
0.000000
0.000000
0.000000
0.000000
0.000000
0.000000
0.000000
1144.218653
6781.390000
6781.390000
6781.390000
6781.390000
6781.390000
6781.390000
6781.390000
6781.390000
6781.390000
6781.390000
6781.390000
6781.390000
6781.390000
6781.390000
6781.390000
6781.390000
6781.390000
6781.390000
6781.390000
6781.390000
6781.390000
6781.390000
6781.390000
6781.390000
6781.390000
6781.390000
6781.390000
6781.390000
6781.390000
6781.390000
0.000000
873.615990
0.000000
0.000000
0.000000
0.000000
0.000000
0.000000
0.000000
0.000000
0.000000
0.000000
0.000000
0.000000
0.000000
6781.390000
3742.666212
6781.390000
6781.390000
6781.390000
6781.390000
6781.390000
6781.390000
6781.390000
6781.390000
6781.390000
6781.390000
6781.390000
6781.390000
6781.390000
6781.390000
6781.390000
6781.390000
6781.390000
6781.390000
6781.390000
6781.390000
6781.390000
6781.390000
6781.390000
6781.390000
6781.390000
6781.390000
6781.390000
6781.390000
6781.390000
6781.390000
6781.390000
0.000000
0.000000
0.000000
0.000000
0.000000
0.000000
0.000000
0.000000
0.000000
0.000000
0.000000
0.000000
0.000000
0.000000
0.000000
0.000000
0.000000
0.000000
6781.390000
6781.390000
6781.390000
6781.390000
6781.390000
6781.390000
6781.390000
6781.390000
6781.390000
6781.390000
6781.390000
6781.390000
6781.390000
6781.390000
6781.390000
6781.390000
6781.390000
6781.390000
6781.390000
6781.390000
6781.390000
6781.390000
6781.390000
6781.390000
6781.390000
6781.390000
6781.390000
6781.390000
6781.390000
6781.390000
2197.486700
3803.148927
6781.390000
0.000000
1351.828102
0.000000
0.000000
0.000000
0.000000
0.000000
6347.284977
6781.390000
3252.699661
4156.166616
6781.390000
0.000000
0.000000
1178.596030
6781.390000
6781.390000
6781.390000
6781.390000
6781.390000
6781.390000
6781.390000
6781.390000
6781.390000
6781.390000
6781.390000
6781.390000
6781.390000
6781.390000
6781.390000
6781.390000
6781.390000
6781.390000
6781.390000
6781.390000
6781.390000
6781.390000
6781.390000
6781.390000
6781.390000
6781.390000
6781.390000
6781.390000
6781.390000
6781.390000
0.000000
0.000000
0.000000
0.000000
0.000000
0.000000
0.000000
0.000000
0.000000
0.000000
0.000000
0.000000
0.000000
0.000000
0.000000
6708.408653
6781.390000
6781.390000
6781.390000
6781.390000
6781.390000
6781.390000
6781.390000
6781.390000
6781.390000
6781.390000
6781.390000
6781.390000
6781.390000
6781.390000
6781.390000
6781.390000
6781.390000
6781.390000
6781.390000
6781.390000
6781.390000
6781.390000
6781.390000
6781.390000
6781.390000
6781.390000
6781.390000
6781.390000
6781.390000
6781.390000
6781.390000
6781.390000
4618.692476
3995.436824
356.651980
507.296664
0.000000
0.000000
0.000000
0.000000
0.000000
0.000000
0.000000
0.000000
0.000000
0.000000
0.000000
0.000000
0.000000
0.000000
6781.390000
6781.390000
6781.390000
6781.390000
6781.390000
6781.390000
6781.390000
6781.390000
6781.390000
6781.390000
6781.390000
6781.390000
6781.390000
6781.390000
6781.390000
6781.390000
6781.390000
6781.390000
6781.390000
6781.390000
6781.390000
6781.390000
6781.390000
6781.390000
6781.390000
6781.390000
6781.390000
6781.390000
6781.390000
6781.390000
6192.902071
0.000000
0.000000
344.825510
0.000000
0.000000
0.000000
0.000000
0.000000
0.000000
0.000000
0.000000
0.000000
0.000000
0.000000
6781.390000
6781.390000
6781.390000
6781.390000
6781.390000
6781.390000
6781.390000
6781.390000
6781.390000
6781.390000
6781.390000
6781.390000
6781.390000
6781.390000
6781.390000
6781.390000
6781.390000
6781.390000
6781.390000
6781.390000
6781.390000
6781.390000
6781.390000
6781.390000
6781.390000
6781.390000
6781.390000
6781.390000
6781.390000
6781.390000
6781.390000
6781.390000
6781.390000
0.000000
0.000000
0.000000
0.000000
0.000000
0.000000
0.000000
0.000000
0.000000
0.000000
0.000000
0.000000
0.000000
0.000000
0.000000
6781.390000
6781.390000
6781.390000
6781.390000
6781.390000
6781.390000
6781.390000
6781.390000
6781.390000
6781.390000
6781.390000
6781.390000
6781.390000
6781.390000
6781.390000
6781.390000
6781.390000
6781.390000
6781.390000
6781.390000
6781.390000
6781.390000
6781.390000
6781.390000
6781.390000
6781.390000
6781.390000
6781.390000
6781.390000
6781.390000
6781.390000
6781.390000
6781.390000
6781.390000
6781.390000
6781.390000
6781.390000
3110.773532
0.000000
0.000000
0.000000
0.000000
0.000000
0.000000
0.000000
0.000000
0.000000
0.000000
0.000000
0.000000
0.000000
6781.390000
6781.390000
6781.390000
6781.390000
6781.390000
6781.390000
6781.390000
6781.390000
6781.390000
6781.390000
6781.390000
6781.390000
6781.390000
6781.390000
6781.390000
6781.390000
6781.390000
6781.390000
6781.390000
6781.390000
6781.390000
6781.390000
6781.390000
6781.390000
6781.390000
6781.390000
6781.390000
6781.390000
6781.390000
6781.390000
0.000000
0.000000
0.000000
0.000000
0.000000
0.000000
0.000000
0.000000
0.000000
0.000000
0.000000
0.000000
0.000000
0.000000
5826.027650
0.000000
0.000000
0.000000
6781.390000
6781.390000
6781.390000
6781.390000
6781.390000
6781.390000
6781.390000
6781.390000
6781.390000
6781.390000
6781.390000
6781.390000
6781.390000
6781.390000
6781.390000
6781.390000
6781.390000
6781.390000
6781.390000
6781.390000
6781.390000
6781.390000
6781.390000
6781.390000
6781.390000
6781.390000
6781.390000
6781.390000
3734.464889
6291.823469
0.000000
0.000000
4880.735005
6086.547004
6781.390000
1666.175864
1239.949007
0.000000
2680.385276
3082.996597
2387.300099
3479.898367
5350.688565
6118.544547
6781.390000
5115.620995
6781.390000
6781.390000
6781.390000
6781.390000
6781.390000
6781.390000
6781.390000
6781.390000
6781.390000
6781.390000
6781.390000
6781.390000
6781.390000
6781.390000
6781.390000
6781.390000
6781.390000
6781.390000
6781.390000
6781.390000
6781.390000
6781.390000
6781.390000
6781.390000
6781.390000
6781.390000
6781.390000
6781.390000
6781.390000
6781.390000
6781.390000
6781.390000
0.000000
0.000000
0.000000
0.000000
0.000000
0.000000
0.000000
0.000000
0.000000
0.000000
0.000000
0.000000
0.000000
0.000000
0.000000
6781.390000
6781.390000
6781.390000
6781.390000
6781.390000
6781.390000
6781.390000
6781.390000
6781.390000
6781.390000
6781.390000
6781.390000
6781.390000
6781.390000
6781.390000
6781.390000
6781.390000
6781.390000
6781.390000
6781.390000
6781.390000
6781.390000
6781.390000
6781.390000
6781.390000
6781.390000
6781.390000
6781.390000
6781.390000
6781.390000
6781.390000
6781.390000
6781.390000
0.000000
0.000000
0.000000
0.000000
0.000000
0.000000
0.000000
0.000000
0.000000
0.000000
567.618834
191.879372
0.000000
0.000000
0.000000
0.000000
2517.568293
3136.887596
6781.390000
6781.390000
6781.390000
6781.390000
6781.390000
6781.390000
6781.390000
6781.390000
6781.390000
6781.390000
6781.390000
6781.390000
6781.390000
6781.390000
6781.390000
6781.390000
6781.390000
6781.390000
6781.390000
6781.390000
6781.390000
6781.390000
6781.390000
6781.390000
6781.390000
6781.390000
6781.390000
6781.390000
6781.390000
6781.390000
0.000000
0.000000
73.890147
1129.170016
5473.941871
4984.524433
3351.507733
3914.395012
6107.723345
6781.390000
6781.390000
6781.390000
6781.390000
6781.390000
6781.390000
6781.390000
6781.390000
6781.390000
6781.390000
6781.390000
6781.390000
6781.390000
6781.390000
6781.390000
6781.390000
6781.390000
6781.390000
6781.390000
6781.390000
6781.390000
6781.390000
6781.390000
6781.390000
6781.390000
6781.390000
6781.390000
6781.390000
6781.390000
6781.390000
6781.390000
6781.390000
6781.390000
6781.390000
6781.390000
6781.390000
6781.390000
6781.390000
6781.390000
0.000000
0.000000
0.000000
0.000000
0.000000
0.000000
0.000000
0.000000
0.000000
0.000000
0.000000
0.000000
0.000000
0.000000
0.000000
6781.390000
6781.390000
6781.390000
6781.390000
6781.390000
6781.390000
6781.390000
6781.390000
6781.390000
6781.390000
6781.390000
6781.390000
6781.390000
6781.390000
6781.390000
6781.390000
6781.390000
6781.390000
6781.390000
6781.390000
6781.390000
6781.390000
6781.390000
6781.390000
6781.390000
6781.390000
6781.390000
6781.390000
6781.390000
6781.390000
6781.390000
0.000000
0.000000
0.000000
0.000000
0.000000
0.000000
0.000000
0.000000
0.000000
0.000000
0.000000
0.000000
0.000000
0.000000
0.000000
0.000000
0.000000
6448.325585
5858.931291
6781.390000
6781.390000
6781.390000
6781.390000
6781.390000
6781.390000
6781.390000
6781.390000
6781.390000
6781.390000
6781.390000
6781.390000
6781.390000
6781.390000
6781.390000
6781.390000
6781.390000
6781.390000
6781.390000
6781.390000
6781.390000
6781.390000
6781.390000
6781.390000
6781.390000
6781.390000
6781.390000
6781.390000
6781.390000
3320.088395
6298.969906
0.000000
0.000000
0.000000
0.000000
0.000000
0.000000
0.000000
0.000000
0.000000
0.000000
0.000000
0.000000
0.000000
0.000000
407.189769
5620.239919
6781.390000
6781.390000
6781.390000
6781.390000
6781.390000
6781.390000
6781.390000
6781.390000
6781.390000
6781.390000
6781.390000
6781.390000
6781.390000
6781.390000
6781.390000
6781.390000
6781.390000
6781.390000
6781.390000
6781.390000
6781.390000
6781.390000
6781.390000
6781.390000
6781.390000
6781.390000
6781.390000
6781.390000
6781.390000
6781.390000
6781.390000
6781.390000
1493.913224
3156.577880
3682.032778
766.081354
6781.390000
6781.390000
0.000000
0.000000
0.000000
0.000000
0.000000
0.000000
0.000000
0.000000
1573.167978
0.000000
2929.639942
5237.782874
6781.390000
6781.390000
6781.390000
6781.390000
6781.390000
6781.390000
6781.390000
6781.390000
6781.390000
6781.390000
6781.390000
6781.390000
6781.390000
6781.390000
6781.390000
6781.390000
6781.390000
6781.390000
6781.390000
6781.390000
6781.390000
6781.390000
6781.390000
6781.390000
6781.390000
6781.390000
6781.390000
6781.390000
6781.390000
6781.390000
6781.390000
6781.390000
3712.948092
5239.990115
6781.390000
6781.390000
6461.985648
6781.390000
6781.390000
6781.390000
6781.390000
6781.390000
6781.390000
6781.390000
6781.390000
6781.390000
6781.390000
6781.390000
6781.390000
6781.390000
6781.390000
6781.390000
6781.390000
6781.390000
6781.390000
6781.390000
6781.390000
6781.390000
6781.390000
6781.390000
6781.390000
6781.390000
6781.390000
6781.390000
6781.390000
6781.390000
6781.390000
6781.390000
6781.390000
6781.390000
6781.390000
6781.390000
6781.390000
6781.390000
6781.390000
6781.390000
6781.390000
6781.390000
5825.883891
6781.390000
6781.390000
6781.390000
6781.390000
6781.390000
3661.412489
5178.944100
0.000000
0.000000
5669.459735
5639.653480
6781.390000
6781.390000
6781.390000
6781.390000
6781.390000
6781.390000
6781.390000
6781.390000
6781.390000
6781.390000
6781.390000
6781.390000
6781.390000
6781.390000
6781.390000
6781.390000
6781.390000
6781.390000
6781.390000
6781.390000
6781.390000
6781.390000
6781.390000
6781.390000
6781.390000
6781.390000
6781.390000
6781.390000
6781.390000
6781.390000
6781.390000
6781.390000
6781.390000
6781.390000
6781.390000
6781.390000
0.000000
0.000000
0.000000
0.000000
0.000000
0.000000
0.000000
0.000000
0.000000
0.000000
0.000000
0.000000
0.000000
0.000000
0.000000
0.000000
0.000000
0.000000
6781.390000
6781.390000
6781.390000
6781.390000
6781.390000
6781.390000
6781.390000
6781.390000
6781.390000
6781.390000
6781.390000
6781.390000
6781.390000
6781.390000
6781.390000
6781.390000
6781.390000
6781.390000
6781.390000
6781.390000
6781.390000
6781.390000
6781.390000
6781.390000
6781.390000
6781.390000
6781.390000
6781.390000
0.000000
0.000000
0.000000
0.000000
0.000000
0.000000
0.000000
0.000000
0.000000
0.000000
0.000000
0.000000
0.000000
0.000000
0.000000
0.000000
0.000000
0.000000
0.000000
0.000000
6781.390000
6781.390000
6781.390000
6781.390000
6781.390000
6781.390000
6781.390000
6781.390000
6781.390000
6781.390000
6781.390000
6781.390000
6781.390000
6781.390000
6781.390000
6781.390000
6781.390000
6781.390000
6781.390000
6781.390000
6781.390000
6781.390000
6781.390000
6781.390000
6781.390000
6781.390000
6781.390000
6781.390000
0.000000
0.000000
0.000000
0.000000
0.000000
0.000000
0.000000
0.000000
0.000000
0.000000
0.000000
0.000000
0.000000
0.000000
0.000000
0.000000
0.000000
3317.765034
6781.390000
6781.390000
6781.390000
6781.390000
6781.390000
6781.390000
6781.390000
6781.390000
6781.390000
6781.390000
6781.390000
6781.390000
6781.390000
6781.390000
6781.390000
6781.390000
6781.390000
6781.390000
6781.390000
6781.390000
6781.390000
6781.390000
6781.390000
6781.390000
6781.390000
6781.390000
6781.390000
6781.390000
6781.390000
6781.390000
0.000000
0.000000
0.000000
0.000000
0.000000
0.000000
0.000000
0.000000
0.000000
0.000000
0.000000
0.000000
0.000000
0.000000
338.339694
2365.814935
0.000000
0.000000
6781.390000
6781.390000
6781.390000
6781.390000
6781.390000
6781.390000
6781.390000
6781.390000
6781.390000
6781.390000
6781.390000
6781.390000
6781.390000
6781.390000
6781.390000
6781.390000
6781.390000
6781.390000
6781.390000
6781.390000
6781.390000
6781.390000
6781.390000
6781.390000
6781.390000
6781.390000
6781.390000
6781.390000
6781.390000
6781.390000
6781.390000
6781.390000
6781.390000
6781.390000
6781.390000
6781.390000
6781.390000
6781.390000
6781.390000
6781.390000
6781.390000
6781.390000
6781.390000
6781.390000
6781.390000
6781.390000
6781.390000
6781.390000
6781.390000
6781.390000
6781.390000
6781.390000
6781.390000
6781.390000
6781.390000
6781.390000
6781.390000
6781.390000
6781.390000
6781.390000
6781.390000
6781.390000
6781.390000
6781.390000
6781.390000
6781.390000
6781.390000
6781.390000
6781.390000
6781.390000
6781.390000
6781.390000
6781.390000
6781.390000
6781.390000
6781.390000
6781.390000
6781.390000
0.000000
0.000000
0.000000
0.000000
0.000000
0.000000
0.000000
0.000000
2054.222809
3668.325905
4158.172835
4108.292945
5269.127223
4804.107872
6781.390000
6781.390000
6781.390000
6781.390000
6781.390000
6781.390000
6781.390000
6781.390000
6781.390000
6781.390000
6781.390000
6781.390000
6781.390000
6781.390000
6781.390000
6781.390000
6781.390000
6781.390000
6781.390000
6781.390000
6781.390000
6781.390000
6781.390000
6781.390000
6781.390000
6781.390000
6781.390000
6781.390000
6781.390000
6781.390000
6781.390000
6781.390000
6781.390000
6781.390000
0.000000
0.000000
0.000000
0.000000
0.000000
0.000000
0.000000
0.000000
0.000000
0.000000
0.000000
0.000000
1589.655538
1244.964835
3115.735626
4354.208556
5605.288353
6781.390000
6781.390000
6781.390000
6781.390000
6781.390000
6781.390000
6781.390000
6781.390000
6781.390000
6781.390000
6781.390000
6781.390000
6781.390000
6781.390000
6781.390000
6781.390000
6781.390000
6781.390000
6781.390000
6781.390000
6781.390000
6781.390000
6781.390000
6781.390000
6781.390000
6781.390000
6781.390000
6781.390000
6781.390000
6781.390000
6781.390000
0.000000
0.000000
0.000000
0.000000
0.000000
0.000000
0.000000
0.000000
0.000000
0.000000
0.000000
0.000000
0.000000
0.000000
3016.913986
5350.405337
6781.390000
6781.390000
6781.390000
6781.390000
6781.390000
6781.390000
6781.390000
6781.390000
6781.390000
6781.390000
6781.390000
6781.390000
6781.390000
6781.390000
6781.390000
6781.390000
6781.390000
6781.390000
6781.390000
6781.390000
6781.390000
6781.390000
6781.390000
6781.390000
6781.390000
6781.390000
6781.390000
6781.390000
6781.390000
6781.390000
6781.390000
6781.390000
4956.927335
6781.390000
1447.089616
3629.073893
2793.133809
574.020156
0.000000
0.000000
0.000000
0.000000
2158.725788
2959.521747
2289.975713
3406.940544
6781.390000
6781.390000
6781.390000
6781.390000
6781.390000
6781.390000
6781.390000
6781.390000
6781.390000
6781.390000
6781.390000
6781.390000
6781.390000
6781.390000
6781.390000
6781.390000
6781.390000
6781.390000
6781.390000
6781.390000
6781.390000
6781.390000
6781.390000
6781.390000
6781.390000
6781.390000
6781.390000
6781.390000
6781.390000
6781.390000
6781.390000
6781.390000
6781.390000
6781.390000
0.000000
0.000000
0.000000
0.000000
0.000000
0.000000
0.000000
0.000000
0.000000
0.000000
0.000000
0.000000
6781.390000
6781.390000
6781.390000
6781.390000
6781.390000
6781.390000
6781.390000
6781.390000
6781.390000
6781.390000
6781.390000
6781.390000
6781.390000
6781.390000
6781.390000
6781.390000
6781.390000
6781.390000
6781.390000
6781.390000
6781.390000
6781.390000
6781.390000
6781.390000
6781.390000
6781.390000
6781.390000
6781.390000
6781.390000
6781.390000
6781.390000
6781.390000
6781.390000
6781.390000
6781.390000
6781.390000
6781.390000
6781.390000
6781.390000
6781.390000
0.000000
0.000000
6781.390000
5434.057358
0.000000
0.000000
0.000000
0.000000
2086.605587
2804.228385
3549.819420
5720.441242
6781.390000
6781.390000
6781.390000
6781.390000
6781.390000
6781.390000
6781.390000
6781.390000
6781.390000
6781.390000
6781.390000
6781.390000
6781.390000
6781.390000
6781.390000
6781.390000
6781.390000
6781.390000
6781.390000
6781.390000
6781.390000
6781.390000
6781.390000
6781.390000
6781.390000
6781.390000
6781.390000
6781.390000
6781.390000
6781.390000
6781.390000
6781.390000
1886.847681
5133.915877
0.000000
0.000000
0.000000
0.000000
5874.615500
3776.149763
749.097495
587.873647
2876.870771
3644.405198
1293.682098
1732.008483
1174.174105
3113.397574
6142.189220
5329.876297
6781.390000
6781.390000
6781.390000
6781.390000
6781.390000
6781.390000
6781.390000
6781.390000
6781.390000
6781.390000
6781.390000
6781.390000
6781.390000
6781.390000
6781.390000
6781.390000
6781.390000
6781.390000
6781.390000
6781.390000
6781.390000
6781.390000
6781.390000
6781.390000
6781.390000
6781.390000
6781.390000
6781.390000
6781.390000
6781.390000
0.000000
0.000000
0.000000
0.000000
0.000000
0.000000
1192.730284
2932.764596
4252.091140
5770.470106
6486.695034
6453.752882
4455.989233
3932.621114
4379.481235
5335.915736
6117.250839
1250.341297
5580.283583
6781.390000
6781.390000
6781.390000
6781.390000
6781.390000
6781.390000
6781.390000
6781.390000
6781.390000
6781.390000
6781.390000
6781.390000
6781.390000
6781.390000
6781.390000
6781.390000
6781.390000
6781.390000
6781.390000
6781.390000
6781.390000
6781.390000
6781.390000
6781.390000
6781.390000
6781.390000
6781.390000
6781.390000
6781.390000
6781.390000
6781.390000
6781.390000
6781.390000
6781.390000
6781.390000
6781.390000
6781.390000
6781.390000
6781.390000
6781.390000
6781.390000
6781.390000
6781.390000
6781.390000
6781.390000
6781.390000
6781.390000
6781.390000
6781.390000
6781.390000
6781.390000
6781.390000
6781.390000
6781.390000
6781.390000
6781.390000
6781.390000
6781.390000
6781.390000
6781.390000
6781.390000
6781.390000
6781.390000
6781.390000
6781.390000
6781.390000
6781.390000
6781.390000
6781.390000
6781.390000
6781.390000
6781.390000
6781.390000
6781.390000
6781.390000
6781.390000
6781.390000
6781.390000
6781.390000
6781.390000
6781.390000
6781.390000
6781.390000
6781.390000
6781.390000
6781.390000
6781.390000
6781.390000
6781.390000
6781.390000
6781.390000
6781.390000
6781.390000
6781.390000
6781.390000
6781.390000
6781.390000
6781.390000
6781.390000
6781.390000
6781.390000
6781.390000
6781.390000
6781.390000
6781.390000
6781.390000
6781.390000
6781.390000
6781.390000
6781.390000
6781.390000
6781.390000
6781.390000
6781.390000
6781.390000
6781.390000
6781.390000
6781.390000
6781.390000
6781.390000
6781.390000
6781.390000
6781.390000
6781.390000
6781.390000
6781.390000
6781.390000
6781.390000
6781.390000
6781.390000
6781.390000
6781.390000
6781.390000
6781.390000
6781.390000
6781.390000
6781.390000
6781.390000
6781.390000
6781.390000
6781.390000
6781.390000
6781.390000
6781.390000
6781.390000
6781.390000
6781.390000
6781.390000
6781.390000
6781.390000
6781.390000
6781.390000
6781.390000
6781.390000
6781.390000
6781.390000
6781.390000
6781.390000
6781.390000
6781.390000
6781.390000
6781.390000
6781.390000
6781.390000
6781.390000
6781.390000
6781.390000
6781.390000
6781.390000
6781.390000
6781.390000
6781.390000
6781.390000
6781.390000
6781.390000
6781.390000
6781.390000
6781.390000
6781.390000
6781.390000
6781.390000
6781.390000
6781.390000
6781.390000
6781.390000
6781.390000
6781.390000
6781.390000
6781.390000
6781.390000
6781.390000
6781.390000
6781.390000
6781.390000
6781.390000
6781.390000
6781.390000
6781.390000
6781.390000
6781.390000
6781.390000
6781.390000
6781.390000
6781.390000
6781.390000
6781.390000
6781.390000
6781.390000
6781.390000
6781.390000
6781.390000
6781.390000
6781.390000
6781.390000
6781.390000
6781.390000
6781.390000
6781.390000
6781.390000
6781.390000
6781.390000
6176.671216
6781.390000
1978.786870
3758.557834
6339.581035
3887.933359
6781.390000
6781.390000
6605.838526
6417.515285
5421.912422
5897.276381
6781.390000
6781.390000
6781.390000
6781.390000
6781.390000
6781.390000
6781.390000
6781.390000
6781.390000
6781.390000
6781.390000
6781.390000
6781.390000
6781.390000
6781.390000
6781.390000
6781.390000
6781.390000
6781.390000
6781.390000
6781.390000
6781.390000
6781.390000
6781.390000
6781.390000
6781.390000
6781.390000
6781.390000
6781.390000
6781.390000
6781.390000
6781.390000
6781.390000
6781.390000
6781.390000
6781.390000
6781.390000
6781.390000
0.000000
0.000000
0.000000
0.000000
0.000000
0.000000
259.013778
81.837625
6781.390000
6781.390000
6781.390000
6781.390000
6781.390000
6781.390000
6781.390000
6781.390000
6781.390000
6781.390000
6781.390000
6781.390000
6781.390000
6781.390000
6781.390000
6781.390000
6781.390000
6781.390000
6781.390000
6781.390000
6781.390000
6781.390000
6781.390000
6781.390000
6781.390000
6781.390000
6781.390000
6781.390000
6781.390000
6781.390000
6781.390000
6781.390000
6781.390000
6781.390000
6781.390000
6781.390000
6781.390000
6781.390000
0.000000
0.000000
0.000000
0.000000
0.000000
0.000000
0.000000
0.000000
0.000000
0.000000
0.000000
0.000000
0.000000
0.000000
2716.056527
3799.660877
3936.495072
6781.390000
6781.390000
6781.390000
6781.390000
6781.390000
6781.390000
6781.390000
6781.390000
6781.390000
6781.390000
6781.390000
6781.390000
6781.390000
6781.390000
6781.390000
6781.390000
6781.390000
6781.390000
6781.390000
6781.390000
6781.390000
6781.390000
6781.390000
6781.390000
6781.390000
6781.390000
6781.390000
6781.390000
6781.390000
6781.390000
6781.390000
0.000000
0.000000
0.000000
0.000000
0.000000
0.000000
0.000000
0.000000
0.000000
0.000000
0.000000
0.000000
6781.390000
6781.390000
6781.390000
6781.390000
6781.390000
6781.390000
736.890927
4643.371613
6781.390000
6781.390000
6781.390000
6781.390000
6781.390000
6781.390000
6781.390000
6781.390000
6781.390000
6781.390000
6781.390000
6781.390000
6781.390000
6781.390000
6781.390000
6781.390000
6781.390000
6781.390000
6781.390000
6781.390000
6781.390000
6781.390000
6781.390000
6781.390000
6781.390000
6781.390000
6781.390000
6781.390000
3686.269143
6547.853467
0.000000
1305.093902
1459.196315
0.000000
0.000000
0.000000
0.000000
0.000000
0.000000
0.000000
0.000000
0.000000
0.000000
0.000000
1709.551619
3254.493249
6781.390000
6781.390000
6781.390000
6781.390000
6781.390000
6781.390000
6781.390000
6781.390000
6781.390000
6781.390000
6781.390000
6781.390000
6781.390000
6781.390000
6781.390000
6781.390000
6781.390000
6781.390000
6781.390000
6781.390000
6781.390000
6781.390000
6781.390000
6781.390000
6781.390000
6781.390000
6781.390000
6781.390000
6781.390000
6781.390000
4542.627740
6781.390000
0.000000
0.000000
0.000000
0.000000
0.000000
0.000000
0.000000
0.000000
0.000000
0.000000
6003.213494
6160.607347
6781.390000
6781.390000
6781.390000
6503.856281
6781.390000
6781.390000
6781.390000
6781.390000
6781.390000
6781.390000
6781.390000
6781.390000
6781.390000
6781.390000
6781.390000
6781.390000
6781.390000
6781.390000
6781.390000
6781.390000
6781.390000
6781.390000
6781.390000
6781.390000
6781.390000
6781.390000
6781.390000
6781.390000
6781.390000
6781.390000
6781.390000
6781.390000
6781.390000
6781.390000
0.000000
2749.721264
0.000000
0.000000
0.000000
0.000000
0.000000
0.000000
0.000000
0.000000
0.000000
0.000000
4748.149977
5287.526253
6781.390000
6781.390000
6781.390000
6781.390000
6781.390000
6781.390000
6781.390000
6781.390000
6781.390000
6781.390000
6781.390000
6781.390000
6781.390000
6781.390000
6781.390000
6781.390000
6781.390000
6781.390000
6781.390000
6781.390000
6781.390000
6781.390000
6781.390000
6781.390000
6781.390000
6781.390000
6781.390000
6781.390000
6781.390000
6781.390000
6781.390000
6781.390000
6781.390000
6781.390000
3555.210661
6410.686185
1223.119270
3132.773756
6781.390000
6781.390000
6528.874928
4742.153275
2906.703526
3206.316833
5005.633761
5671.676349
6781.390000
6781.390000
6781.390000
6781.390000
6781.390000
6781.390000
6781.390000
6781.390000
6781.390000
6781.390000
6781.390000
6781.390000
6781.390000
6781.390000
6781.390000
6781.390000
6781.390000
6781.390000
6781.390000
6781.390000
6781.390000
6781.390000
6781.390000
6781.390000
6781.390000
6781.390000
6781.390000
6781.390000
6781.390000
6781.390000
6781.390000
6781.390000
6781.390000
6781.390000
6781.390000
6781.390000
6781.390000
6781.390000
6781.390000
6781.390000
6781.390000
6781.390000
6781.390000
6781.390000
5094.884148
5495.313847
5315.741226
6262.291053
6781.390000
6781.390000
6781.390000
6781.390000
6781.390000
6781.390000
6781.390000
6781.390000
6781.390000
6781.390000
6781.390000
6781.390000
6781.390000
6781.390000
6781.390000
6781.390000
6781.390000
6781.390000
6781.390000
6781.390000
6781.390000
6781.390000
6781.390000
6781.390000
6781.390000
6781.390000
6781.390000
6781.390000
6781.390000
6781.390000
6781.390000
6781.390000
6781.390000
6781.390000
6781.390000
6781.390000
6781.390000
6781.390000
5677.329297
6546.836797
5666.084687
6781.390000
0.000000
712.030116
567.787707
2610.057491
0.000000
0.000000
2045.512708
1639.663446
6781.390000
6781.390000
5937.525032
4372.383712
6781.390000
6781.390000
6781.390000
6781.390000
6781.390000
6781.390000
6781.390000
6781.390000
6781.390000
6781.390000
6781.390000
6781.390000
6781.390000
6781.390000
6781.390000
6781.390000
6781.390000
6781.390000
6781.390000
6781.390000
6781.390000
6781.390000
6781.390000
6781.390000
6781.390000
6781.390000
6781.390000
6781.390000
6781.390000
6781.390000
6781.390000
6781.390000
6781.390000
6781.390000
6781.390000
6781.390000
6781.390000
6781.390000
6781.390000
6781.390000
6781.390000
6781.390000
6781.390000
6781.390000
6781.390000
6781.390000
6781.390000
6781.390000
6781.390000
6781.390000
6781.390000
6781.390000
6781.390000
6781.390000
6781.390000
6781.390000
6781.390000
6781.390000
6781.390000
6781.390000
6781.390000
6781.390000
6781.390000
6781.390000
6781.390000
6781.390000
6781.390000
6781.390000
6781.390000
6781.390000
6781.390000
6781.390000
6781.390000
6781.390000
6781.390000
6781.390000
6781.390000
6781.390000
6781.390000
6781.390000
3836.024751
6010.799022
1110.923018
0.000000
0.000000
0.000000
2269.413653
2560.193706
0.000000
0.000000
91.626110
691.525076
6781.390000
6781.390000
6781.390000
6781.390000
6781.390000
6781.390000
6781.390000
6781.390000
6781.390000
6781.390000
6781.390000
6781.390000
6781.390000
6781.390000
6781.390000
6781.390000
6781.390000
6781.390000
6781.390000
6781.390000
6781.390000
6781.390000
6781.390000
6781.390000
6781.390000
6781.390000
6781.390000
6781.390000
6781.390000
6781.390000
6781.390000
6781.390000
6781.390000
6781.390000
6781.390000
6781.390000
6781.390000
6781.390000
6781.390000
6781.390000
6781.390000
6781.390000
6781.390000
6781.390000
6781.390000
6781.390000
6781.390000
6781.390000
6781.390000
6781.390000
6781.390000
6781.390000
6781.390000
6781.390000
6781.390000
6781.390000
6781.390000
6781.390000
6781.390000
6781.390000
6781.390000
6781.390000
6781.390000
6781.390000
6781.390000
6781.390000
6781.390000
6781.390000
6781.390000
6781.390000
6781.390000
6781.390000
6781.390000
6781.390000
6781.390000
6781.390000
6781.390000
6781.390000
6781.390000
6781.390000
6781.390000
6781.390000
6781.390000
6781.390000
6781.390000
6781.390000
6781.390000
6781.390000
6781.390000
6781.390000
6781.390000
6781.390000
6547.818016
6781.390000
6781.390000
6781.390000
6627.103573
6781.390000
6781.390000
6781.390000
6781.390000
6781.390000
6781.390000
6781.390000
6781.390000
6781.390000
6781.390000
6781.390000
6781.390000
6781.390000
6781.390000
6781.390000
6781.390000
6781.390000
6781.390000
6781.390000
6781.390000
6781.390000
6781.390000
6781.390000
6781.390000
6781.390000
6781.390000
6781.390000
6781.390000
6781.390000
6781.390000
6781.390000
6781.390000
6781.390000
6781.390000
6781.390000
6781.390000
6781.390000
6781.390000
6781.390000
6781.390000
6781.390000
6781.390000
6781.390000
6781.390000
6781.390000
6781.390000
6781.390000
6781.390000
6781.390000
6781.390000
6781.390000
6781.390000
6781.390000
6781.390000
6781.390000
6781.390000
6781.390000
6781.390000
6781.390000
6781.390000
6781.390000
6781.390000
6781.390000
6781.390000
6781.390000
6781.390000
6781.390000
6781.390000
6781.390000
6781.390000
6781.390000
6781.390000
6781.390000
6781.390000
6781.390000
6781.390000
6781.390000
6781.390000
6781.390000
6781.390000
6781.390000
6781.390000
6781.390000
6781.390000
6781.390000
6781.390000
6781.390000
6781.390000
6781.390000
6781.390000
6781.390000
6781.390000
6781.390000
6781.390000
6781.390000
6781.390000
6781.390000
6781.390000
6781.390000
6781.390000
6781.390000
6781.390000
6781.390000
6781.390000
6781.390000
6781.390000
6781.390000
6781.390000
6781.390000
6781.390000
6781.390000
6781.390000
6781.390000
6781.390000
6781.390000
6781.390000
6781.390000
6781.390000
6781.390000
6781.390000
6781.390000
6781.390000
6781.390000
6781.390000
6781.390000
6781.390000
6781.390000
6781.390000
6781.390000
6781.390000
6781.390000
6781.390000
6781.390000
6781.390000
6781.390000
6781.390000
6781.390000
6781.390000
6781.390000
6781.390000
6781.390000
6781.390000
6781.390000
6781.390000
6781.390000
6781.390000
6781.390000
6781.390000
6781.390000
6781.390000
6781.390000
6781.390000
6781.390000
6781.390000
6781.390000
6781.390000
6781.390000
6781.390000
6781.390000
6781.390000
6781.390000
6781.390000
6781.390000
6781.390000
6781.390000
6781.390000
6781.390000
6781.390000
6781.390000
6781.390000
6781.390000
6781.390000
6781.390000
6781.390000
6781.390000
6781.390000
6781.390000
6781.390000
6781.390000
6781.390000
6781.390000
6781.390000
6781.390000
6781.390000
6781.390000
6781.390000
6781.390000
6781.390000
6781.390000
6781.390000
6781.390000
6781.390000
6781.390000
6781.390000
6781.390000
6781.390000
6781.390000
6781.390000
6781.390000
6781.390000
6781.390000
6781.390000
6781.390000
6781.390000
6781.390000
6781.390000
6781.390000
6781.390000
6781.390000
6781.390000
6781.390000
6781.390000
6781.390000
6781.390000
6781.390000
6781.390000
6781.390000
6781.390000
6781.390000
6781.390000
6781.390000
6781.390000
6781.390000
6781.390000
6781.390000
6781.390000
6781.390000
6781.390000
6781.390000
6781.390000
6781.390000
6781.390000
1632.783914
6781.390000
6781.390000
6781.390000
6781.390000
6781.390000
6781.390000
6781.390000
6781.390000
6781.390000
6781.390000
6781.390000
6781.390000
6781.390000
6781.390000
6781.390000
6781.390000
6781.390000
6781.390000
6781.390000
6781.390000
6781.390000
6781.390000
6781.390000
6781.390000
6781.390000
6781.390000
6781.390000
6781.390000
6781.390000
6781.390000
6781.390000
6781.390000
6781.390000
6781.390000
6781.390000
6781.390000
6781.390000
6781.390000
6781.390000
6781.390000
6781.390000
6781.390000
6781.390000
6781.390000
6781.390000
6781.390000
6781.390000
6781.390000
6781.390000
6781.390000
6781.390000
0.000000
0.000000
0.000000
5653.997419
6781.390000
6781.390000
6781.390000
6781.390000
6781.390000
6781.390000
6781.390000
6781.390000
6781.390000
6781.390000
6781.390000
6781.390000
6781.390000
6781.390000
6781.390000
6781.390000
6781.390000
6781.390000
6781.390000
6781.390000
6781.390000
6781.390000
6781.390000
6781.390000
6781.390000
6781.390000
6781.390000
6781.390000
6781.390000
6781.390000
6781.390000
6781.390000
6781.390000
6781.390000
6781.390000
6781.390000
6781.390000
6781.390000
6781.390000
6781.390000
0.000000
469.484510
548.233537
0.000000
0.000000
1269.015738
1984.246650
6205.716459
6781.390000
6781.390000
6781.390000
6781.390000
6781.390000
6781.390000
6781.390000
6781.390000
6781.390000
6781.390000
6781.390000
6781.390000
6781.390000
6781.390000
6781.390000
6781.390000
6781.390000
6781.390000
6781.390000
6781.390000
6781.390000
6781.390000
6781.390000
6781.390000
6781.390000
6781.390000
6781.390000
6781.390000
6781.390000
6781.390000
6781.390000
6781.390000
6781.390000
6781.390000
6781.390000
6781.390000
6781.390000
6781.390000
6781.390000
2023.369482
0.000000
0.000000
0.000000
0.000000
0.000000
3769.790091
4548.991373
6781.390000
6781.390000
6781.390000
6781.390000
6781.390000
6781.390000
6781.390000
6781.390000
6781.390000
6781.390000
6781.390000
6781.390000
6781.390000
6781.390000
6781.390000
6781.390000
6781.390000
6781.390000
6781.390000
6781.390000
6781.390000
6781.390000
6781.390000
6781.390000
6781.390000
6781.390000
6781.390000
6781.390000
6781.390000
6781.390000
6781.390000
6781.390000
6781.390000
6781.390000
2298.179339
5925.658175
6005.781164
6781.390000
6781.390000
6781.390000
6781.390000
6781.390000
6781.390000
6781.390000
6781.390000
6781.390000
6781.390000
6781.390000
6781.390000
6781.390000
6781.390000
6781.390000
6781.390000
6781.390000
6781.390000
6781.390000
6781.390000
6781.390000
6781.390000
6781.390000
6781.390000
6781.390000
6781.390000
6781.390000
6781.390000
6781.390000
6781.390000
6781.390000
6781.390000
6781.390000
6781.390000
6781.390000
6781.390000
6781.390000
6781.390000
6781.390000
6781.390000
6781.390000
6781.390000
6781.390000
6781.390000
6781.390000
6781.390000
6781.390000
1097.999289
2357.002079
6781.390000
6781.390000
6781.390000
6781.390000
6781.390000
6781.390000
6781.390000
6781.390000
6781.390000
6781.390000
6781.390000
6781.390000
6781.390000
6781.390000
6781.390000
6781.390000
6781.390000
6781.390000
6781.390000
6781.390000
6781.390000
6781.390000
6781.390000
6781.390000
6781.390000
6781.390000
6781.390000
6781.390000
6781.390000
6781.390000
6781.390000
6781.390000
6781.390000
6781.390000
6781.390000
6781.390000
6781.390000
6781.390000
6781.390000
6781.390000
6781.390000
6781.390000
6781.390000
6781.390000
6781.390000
6781.390000
6781.390000
6781.390000
0.000000
0.000000
0.000000
610.263041
2025.937628
4014.643205
6781.390000
6781.390000
6781.390000
6781.390000
6781.390000
6781.390000
6781.390000
6781.390000
6781.390000
6781.390000
6781.390000
6781.390000
6781.390000
6781.390000
6781.390000
6781.390000
6781.390000
6781.390000
6781.390000
6781.390000
6781.390000
6781.390000
6781.390000
6781.390000
6781.390000
6781.390000
6781.390000
6781.390000
6781.390000
6781.390000
6781.390000
6781.390000
6781.390000
6781.390000
6781.390000
6781.390000
6781.390000
6781.390000
6781.390000
6781.390000
6781.390000
6781.390000
6781.390000
6781.390000
6781.390000
6781.390000
6781.390000
6781.390000
6781.390000
6781.390000
6781.390000
6781.390000
6781.390000
6781.390000
6781.390000
6781.390000
6781.390000
6781.390000
6781.390000
6781.390000
6781.390000
6781.390000
6781.390000
6781.390000
6781.390000
6781.390000
6781.390000
6781.390000
6781.390000
6781.390000
6781.390000
6781.390000
6781.390000
6781.390000
6781.390000
6781.390000
6781.390000
6781.390000
6781.390000
6781.390000
6781.390000
6781.390000
6781.390000
6781.390000
6781.390000
6781.390000
6781.390000
6781.390000
6781.390000
6781.390000
6781.390000
6781.390000
6781.390000
4948.964098
6781.390000
6781.390000
6781.390000
6781.390000
6781.390000
6781.390000
6781.390000
6781.390000
6781.390000
6781.390000
6781.390000
6781.390000
6781.390000
6781.390000
6781.390000
6781.390000
6781.390000
6781.390000
6781.390000
6781.390000
6781.390000
6781.390000
6781.390000
6781.390000
6781.390000
6781.390000
6781.390000
6781.390000
6781.390000
6781.390000
6781.390000
6781.390000
6781.390000
6781.390000
6781.390000
6781.390000
6781.390000
6781.390000
6781.390000
6781.390000
0.000000
0.000000
0.000000
0.000000
0.000000
0.000000
0.000000
0.000000
0.000000
0.000000
3233.128974
4060.277662
6781.390000
6781.390000
6781.390000
6781.390000
6781.390000
6781.390000
6781.390000
6781.390000
6781.390000
6781.390000
6781.390000
6781.390000
6781.390000
6781.390000
6781.390000
6781.390000
6781.390000
6781.390000
6781.390000
6781.390000
6781.390000
6781.390000
6781.390000
6781.390000
6781.390000
6781.390000
6781.390000
6781.390000
6781.390000
6781.390000
6781.390000
6781.390000
6781.390000
6781.390000
6781.390000
6781.390000
3206.335536
6217.742434
0.000000
1569.713882
4904.037505
2578.845230
0.000000
0.000000
487.320788
766.013106
1611.180385
2509.576127
6781.390000
6781.390000
6781.390000
6781.390000
6781.390000
6781.390000
6781.390000
6781.390000
6781.390000
6781.390000
6781.390000
6781.390000
6781.390000
6781.390000
6781.390000
6781.390000
6781.390000
6781.390000
6781.390000
6781.390000
6781.390000
6781.390000
6781.390000
6781.390000
6781.390000
6781.390000
6781.390000
6781.390000
6781.390000
6781.390000
6781.390000
6781.390000
6781.390000
6781.390000
6781.390000
6781.390000
6781.390000
6781.390000
6781.390000
6781.390000
6781.390000
6781.390000
6781.390000
6781.390000
6781.390000
6781.390000
6781.390000
6781.390000
6781.390000
6781.390000
6781.390000
6781.390000
6781.390000
6781.390000
6781.390000
6781.390000
6781.390000
6781.390000
6781.390000
6781.390000
6781.390000
6781.390000
6781.390000
6781.390000
6781.390000
6781.390000
6781.390000
6781.390000
6781.390000
6781.390000
6781.390000
6781.390000
6781.390000
6781.390000
6781.390000
6781.390000
6781.390000
6781.390000
6781.390000
6781.390000
6781.390000
6781.390000
6781.390000
6781.390000
6781.390000
6781.390000
6781.390000
6781.390000
6781.390000
6781.390000
6781.390000
6781.390000
6781.390000
6781.390000
6781.390000
6781.390000
6781.390000
6781.390000
6781.390000
6781.390000
6781.390000
6781.390000
6781.390000
6781.390000
6781.390000
6781.390000
6781.390000
6781.390000
6781.390000
6781.390000
6781.390000
6781.390000
6781.390000
6781.390000
6781.390000
6781.390000
6781.390000
6781.390000
6781.390000
6781.390000
6781.390000
6781.390000
6781.390000
6781.390000
6781.390000
6781.390000
6781.390000
6781.390000
6781.390000
6781.390000
6781.390000
6781.390000
0.000000
0.000000
0.000000
0.000000
0.000000
0.000000
0.000000
0.000000
0.000000
0.000000
4596.638376
4619.676575
6781.390000
6781.390000
6781.390000
6781.390000
6781.390000
6781.390000
6781.390000
6781.390000
6781.390000
6781.390000
6781.390000
6781.390000
6781.390000
6781.390000
6781.390000
6781.390000
6781.390000
6781.390000
6781.390000
6781.390000
6781.390000
6781.390000
6781.390000
6781.390000
6781.390000
6781.390000
6781.390000
6781.390000
6781.390000
6781.390000
6781.390000
6781.390000
6781.390000
6781.390000
6781.390000
6781.390000
0.000000
0.000000
0.000000
0.000000
0.000000
0.000000
0.000000
0.000000
4257.079895
4462.493332
6781.390000
6781.390000
6781.390000
6781.390000
6781.390000
6781.390000
6781.390000
6781.390000
6781.390000
6781.390000
6781.390000
6781.390000
6781.390000
6781.390000
6781.390000
6781.390000
6781.390000
6781.390000
6781.390000
6781.390000
6781.390000
6781.390000
6781.390000
6781.390000
6781.390000
6781.390000
6781.390000
6781.390000
6781.390000
6781.390000
6781.390000
6781.390000
6781.390000
6781.390000
6781.390000
6781.390000
6781.390000
6781.390000
6781.390000
6781.390000
6781.390000
6781.390000
6781.390000
6781.390000
6781.390000
6781.390000
6781.390000
6781.390000
6781.390000
6781.390000
6781.390000
6781.390000
6781.390000
6781.390000
6781.390000
6781.390000
6781.390000
6781.390000
6781.390000
6781.390000
6781.390000
6781.390000
6781.390000
6781.390000
6781.390000
6781.390000
6781.390000
6781.390000
6781.390000
6781.390000
6781.390000
6781.390000
6781.390000
6781.390000
6781.390000
6781.390000
6781.390000
6781.390000
6781.390000
6781.390000
6781.390000
6781.390000
6781.390000
6781.390000
6781.390000
6781.390000
6781.390000
6781.390000
6781.390000
6781.390000
6781.390000
6781.390000
6781.390000
6781.390000
6781.390000
6781.390000
2425.122102
3440.457940
6781.390000
6781.390000
6629.692093
6781.390000
6781.390000
6781.390000
6781.390000
6781.390000
6781.390000
6781.390000
6781.390000
6781.390000
6781.390000
6781.390000
6781.390000
6781.390000
6781.390000
6781.390000
6781.390000
6781.390000
6781.390000
6781.390000
6781.390000
6781.390000
6781.390000
6781.390000
6781.390000
6781.390000
6781.390000
6781.390000
6781.390000
6781.390000
6781.390000
6781.390000
6781.390000
6781.390000
6781.390000
6781.390000
6781.390000
6781.390000
6781.390000
6781.390000
6781.390000
6781.390000
5451.172420
5765.444811
0.000000
0.000000
0.000000
0.000000
0.000000
449.615922
5221.810068
6781.390000
6781.390000
6781.390000
6781.390000
6781.390000
6781.390000
6781.390000
6781.390000
6781.390000
6781.390000
6781.390000
6781.390000
6781.390000
6781.390000
6781.390000
6781.390000
6781.390000
6781.390000
6781.390000
6781.390000
6781.390000
6781.390000
6781.390000
6781.390000
6781.390000
6781.390000
6781.390000
6781.390000
6781.390000
4338.264642
6781.390000
0.000000
0.000000
0.000000
0.000000
0.000000
0.000000
0.000000
0.000000
0.000000
0.000000
0.000000
0.000000
0.000000
0.000000
0.000000
0.000000
0.000000
0.000000
0.000000
0.000000
3463.603906
5715.404179
6781.390000
6781.390000
6781.390000
6781.390000
6781.390000
6781.390000
6781.390000
6781.390000
6781.390000
6781.390000
6781.390000
6781.390000
6781.390000
6781.390000
6781.390000
6781.390000
6781.390000
6781.390000
6781.390000
6781.390000
6781.390000
6781.390000
6781.390000
6781.390000
6781.390000
6781.390000
0.000000
0.000000
0.000000
0.000000
0.000000
0.000000
0.000000
0.000000
0.000000
488.847708
6781.390000
6781.390000
6781.390000
6781.390000
6781.390000
6781.390000
6781.390000
5352.777948
6781.390000
6781.390000
6781.390000
6781.390000
6781.390000
6781.390000
6781.390000
6781.390000
6781.390000
6781.390000
6781.390000
6781.390000
6781.390000
6781.390000
6781.390000
6781.390000
6781.390000
6781.390000
6781.390000
6781.390000
6781.390000
6781.390000
6781.390000
6781.390000
6781.390000
6781.390000
6781.390000
6781.390000
6781.390000
6781.390000
0.000000
0.000000
0.000000
0.000000
0.000000
0.000000
0.000000
0.000000
4767.830467
6710.513756
6781.390000
6781.390000
6781.390000
6781.390000
6781.390000
6781.390000
6781.390000
6781.390000
6781.390000
6781.390000
6781.390000
6781.390000
6781.390000
6781.390000
6781.390000
6781.390000
6781.390000
6781.390000
6781.390000
6781.390000
6781.390000
6781.390000
6781.390000
6781.390000
6781.390000
6781.390000
6781.390000
6781.390000
6781.390000
6781.390000
6781.390000
6781.390000
6781.390000
6781.390000
6781.390000
6781.390000
6781.390000
6781.390000
5478.386552
6781.390000
3273.635881
5729.386772
3821.219171
2151.051141
1749.093435
0.000000
6781.390000
6781.390000
4918.632398
5830.936241
3331.389666
3763.661234
6781.390000
6781.390000
6781.390000
6781.390000
6781.390000
6781.390000
6781.390000
6781.390000
6781.390000
6781.390000
6781.390000
6781.390000
6781.390000
6781.390000
6781.390000
6781.390000
6781.390000
6781.390000
6781.390000
6781.390000
6781.390000
6781.390000
6781.390000
6781.390000
6781.390000
6781.390000
6781.390000
6781.390000
6781.390000
6781.390000
6781.390000
6781.390000
6781.390000
6781.390000
6781.390000
6781.390000
6781.390000
6781.390000
6781.390000
6781.390000
6781.390000
6781.390000
6781.390000
6781.390000
6781.390000
6781.390000
6781.390000
6781.390000
6781.390000
6781.390000
6781.390000
6781.390000
6781.390000
6781.390000
6781.390000
6781.390000
6781.390000
6781.390000
6781.390000
6781.390000
6781.390000
6781.390000
6781.390000
6781.390000
6781.390000
6781.390000
6781.390000
6781.390000
6781.390000
6781.390000
6781.390000
6781.390000
6781.390000
6781.390000
6781.390000
6781.390000
6781.390000
6781.390000
6781.390000
6781.390000
6781.390000
6781.390000
6781.390000
6781.390000
6781.390000
6781.390000
6781.390000
6781.390000
6781.390000
6781.390000
6781.390000
6781.390000
6781.390000
6781.390000
6781.390000
6781.390000
6781.390000
6781.390000
6781.390000
6781.390000
6781.390000
6781.390000
6781.390000
6781.390000
6781.390000
6781.390000
6781.390000
6781.390000
6781.390000
6781.390000
6781.390000
6781.390000
6781.390000
6781.390000
6781.390000
6781.390000
6781.390000
6781.390000
6781.390000
6781.390000
6781.390000
6781.390000
6781.390000
6781.390000
6781.390000
6781.390000
6781.390000
6781.390000
6781.390000
6781.390000
6781.390000
6781.390000
6781.390000
6781.390000
6781.390000
6781.390000
6781.390000
6781.390000
6781.390000
6781.390000
6781.390000
6781.390000
6781.390000
6781.390000
6781.390000
6781.390000
6781.390000
6781.390000
6781.390000
6781.390000
6781.390000
6781.390000
6781.390000
6781.390000
6781.390000
6781.390000
6781.390000
6781.390000
6781.390000
6781.390000
6781.390000
6781.390000
6781.390000
6781.390000
6781.390000
6781.390000
6781.390000
6781.390000
6781.390000
6781.390000
6781.390000
6781.390000
6781.390000
6781.390000
6781.390000
6781.390000
6781.390000
6781.390000
6781.390000
6781.390000
6781.390000
6781.390000
6781.390000
6781.390000
6781.390000
6781.390000
6781.390000
6781.390000
6781.390000
6781.390000
6781.390000
6781.390000
6781.390000
6781.390000
6781.390000
6781.390000
6781.390000
6781.390000
6781.390000
6781.390000
6781.390000
6781.390000
6781.390000
6781.390000
6781.390000
6781.390000
6781.390000
6781.390000
6781.390000
6781.390000
6781.390000
6781.390000
6781.390000
6781.390000
6781.390000
6781.390000
6781.390000
6781.390000
6781.390000
6781.390000
6781.390000
6781.390000
6781.390000
6781.390000
6781.390000
6781.390000
6781.390000
6781.390000
593.761237
1747.177127
0.000000
1104.389457
2807.792126
4187.792242
6781.390000
6781.390000
6781.390000
6781.390000
6781.390000
6781.390000
6781.390000
6781.390000
6781.390000
6781.390000
6781.390000
6781.390000
6781.390000
6781.390000
6781.390000
6781.390000
6781.390000
6781.390000
6781.390000
6781.390000
6781.390000
6781.390000
6781.390000
6781.390000
6781.390000
6781.390000
6781.390000
6781.390000
6781.390000
6781.390000
6781.390000
6781.390000
6781.390000
6781.390000
6781.390000
6781.390000
6781.390000
6781.390000
6781.390000
6781.390000
3942.391010
4693.160142
0.000000
0.000000
0.000000
0.000000
2912.531856
4575.208827
6781.390000
6781.390000
6781.390000
6781.390000
6781.390000
6781.390000
6781.390000
6781.390000
6781.390000
6781.390000
6781.390000
6781.390000
6781.390000
6781.390000
6781.390000
6781.390000
6781.390000
6781.390000
6781.390000
6781.390000
6781.390000
6781.390000
6781.390000
6781.390000
6781.390000
6781.390000
6781.390000
6781.390000
6781.390000
6781.390000
6781.390000
6781.390000
6781.390000
6781.390000
6781.390000
6781.390000
6781.390000
6781.390000
6781.390000
6781.390000
6781.390000
6781.390000
2593.335364
4926.552065
5237.409564
3288.116442
857.583673
0.000000
6781.390000
6781.390000
6781.390000
6781.390000
6781.390000
6781.390000
6781.390000
6781.390000
6781.390000
6781.390000
6781.390000
6781.390000
6781.390000
6781.390000
6781.390000
6781.390000
6781.390000
6781.390000
6781.390000
6781.390000
6781.390000
6781.390000
6781.390000
6781.390000
6781.390000
6781.390000
6781.390000
6781.390000
6781.390000
6781.390000
6781.390000
6781.390000
6781.390000
6781.390000
6781.390000
6781.390000
6781.390000
6781.390000
6781.390000
6781.390000
6781.390000
6781.390000
0.000000
334.959345
0.000000
0.000000
0.000000
0.000000
6781.390000
6781.390000
4535.772039
4906.589482
6781.390000
6781.390000
6781.390000
6781.390000
6781.390000
6781.390000
6781.390000
6781.390000
6781.390000
6781.390000
6781.390000
6781.390000
6781.390000
6781.390000
6781.390000
6781.390000
6781.390000
6781.390000
6781.390000
6781.390000
6781.390000
6781.390000
6781.390000
6781.390000
6781.390000
6781.390000
6781.390000
6781.390000
6781.390000
6781.390000
6781.390000
6781.390000
6781.390000
6781.390000
6781.390000
6781.390000
2604.890415
5387.073581
0.000000
1450.803690
0.000000
0.000000
0.000000
0.000000
2663.852809
2612.237285
6781.390000
6781.390000
6781.390000
6781.390000
6781.390000
6781.390000
6781.390000
6781.390000
6781.390000
6781.390000
6781.390000
6781.390000
6781.390000
6781.390000
6781.390000
6781.390000
6781.390000
6781.390000
6781.390000
6781.390000
6781.390000
6781.390000
6781.390000
6781.390000
6781.390000
6781.390000
6781.390000
6781.390000
6781.390000
6781.390000
6781.390000
6781.390000
6781.390000
6781.390000
6781.390000
6781.390000
6781.390000
6781.390000
0.000000
0.000000
0.000000
0.000000
0.000000
0.000000
0.000000
0.000000
0.000000
0.000000
0.000000
0.000000
0.000000
0.000000
6061.881276
6781.390000
6781.390000
6781.390000
6781.390000
6781.390000
6781.390000
6781.390000
6781.390000
6781.390000
6781.390000
6781.390000
6781.390000
6781.390000
6781.390000
6781.390000
6781.390000
6781.390000
6781.390000
6781.390000
6781.390000
6781.390000
6781.390000
6781.390000
6781.390000
6781.390000
6781.390000
6781.390000
6781.390000
6781.390000
6781.390000
6781.390000
6781.390000
6781.390000
0.000000
0.000000
0.000000
0.000000
0.000000
0.000000
0.000000
0.000000
0.000000
0.000000
0.000000
0.000000
0.000000
0.000000
6781.390000
6781.390000
6781.390000
6781.390000
6781.390000
6781.390000
6781.390000
6781.390000
6781.390000
6781.390000
6781.390000
6781.390000
6781.390000
6781.390000
6781.390000
6781.390000
6781.390000
6781.390000
6781.390000
6781.390000
6781.390000
6781.390000
6781.390000
6781.390000
6781.390000
6781.390000
6781.390000
6781.390000
6781.390000
6781.390000
6781.390000
6781.390000
6781.390000
6781.390000
1378.989672
2276.678064
0.000000
0.000000
0.000000
0.000000
2366.913893
4051.284246
6432.236901
6781.390000
6781.390000
6781.390000
6781.390000
6781.390000
6781.390000
6781.390000
6781.390000
6781.390000
6781.390000
6781.390000
6781.390000
6781.390000
6781.390000
6781.390000
6781.390000
6781.390000
6781.390000
6781.390000
6781.390000
6781.390000
6781.390000
6781.390000
6781.390000
6781.390000
6781.390000
6781.390000
6781.390000
6781.390000
6781.390000
6781.390000
6781.390000
6781.390000
6781.390000
6781.390000
6781.390000
6781.390000
6781.390000
6781.390000
0.000000
0.000000
0.000000
0.000000
0.000000
0.000000
0.000000
0.000000
0.000000
0.000000
0.000000
0.000000
0.000000
0.000000
0.000000
0.000000
4091.280141
6781.390000
6781.390000
6781.390000
6781.390000
6781.390000
6781.390000
6781.390000
6781.390000
6781.390000
6781.390000
6781.390000
6781.390000
6781.390000
6781.390000
6781.390000
6781.390000
6781.390000
6781.390000
6781.390000
6781.390000
6781.390000
6781.390000
6781.390000
6781.390000
6781.390000
6781.390000
6781.390000
6781.390000
6781.390000
6781.390000
6781.390000
6551.652733
6781.390000
0.000000
0.000000
0.000000
0.000000
0.000000
0.000000
0.000000
0.000000
1813.373803
2668.813824
6781.390000
6781.390000
6781.390000
6781.390000
6781.390000
0.000000
6781.390000
6781.390000
6781.390000
6781.390000
6781.390000
6781.390000
6781.390000
6781.390000
6781.390000
6781.390000
6781.390000
6781.390000
6781.390000
6781.390000
6781.390000
6781.390000
6781.390000
6781.390000
6781.390000
6781.390000
6781.390000
6781.390000
6781.390000
6781.390000
6781.390000
6781.390000
6781.390000
6781.390000
6781.390000
6781.390000
6781.390000
6781.390000
6781.390000
6781.390000
6781.390000
6781.390000
6781.390000
6781.390000
6781.390000
6781.390000
6781.390000
6781.390000
6781.390000
6781.390000
6781.390000
6781.390000
6781.390000
6781.390000
6781.390000
6781.390000
6781.390000
6781.390000
6781.390000
6781.390000
6781.390000
6781.390000
6781.390000
6781.390000
6781.390000
6781.390000
6781.390000
6781.390000
6781.390000
6781.390000
6781.390000
6781.390000
6781.390000
6781.390000
6781.390000
6781.390000
6781.390000
6781.390000
6781.390000
6781.390000
6781.390000
6781.390000
6781.390000
6781.390000
2512.775729
5206.528521
0.000000
1277.676641
0.000000
0.000000
0.000000
0.000000
2607.580919
2554.056225
6781.390000
6781.390000
6781.390000
6781.390000
6781.390000
6781.390000
6781.390000
6781.390000
6781.390000
6781.390000
6781.390000
6781.390000
6781.390000
6781.390000
6781.390000
6781.390000
6781.390000
6781.390000
6781.390000
6781.390000
6781.390000
6781.390000
6781.390000
6781.390000
6781.390000
6781.390000
6781.390000
6781.390000
6781.390000
6781.390000
6781.390000
6781.390000
6781.390000
6781.390000
6781.390000
6781.390000
6781.390000
6781.390000
0.000000
0.000000
0.000000
0.000000
0.000000
0.000000
0.000000
0.000000
0.000000
0.000000
0.000000
0.000000
0.000000
0.000000
6121.617150
6781.390000
6781.390000
6781.390000
6781.390000
6781.390000
6781.390000
6781.390000
6781.390000
6781.390000
6781.390000
6781.390000
6781.390000
6781.390000
6781.390000
6781.390000
6781.390000
6781.390000
6781.390000
6781.390000
6781.390000
6781.390000
6781.390000
6781.390000
6781.390000
6781.390000
6781.390000
6781.390000
6781.390000
6781.390000
6781.390000
6781.390000
6781.390000
6781.390000
6781.390000
6781.390000
6781.390000
6781.390000
6781.390000
6781.390000
6781.390000
6781.390000
6781.390000
6781.390000
6781.390000
6781.390000
6781.390000
6781.390000
6781.390000
6781.390000
6781.390000
6781.390000
6781.390000
6781.390000
6781.390000
6781.390000
6781.390000
6781.390000
6781.390000
6781.390000
6781.390000
6781.390000
6781.390000
6781.390000
6781.390000
6781.390000
6781.390000
6781.390000
6781.390000
6781.390000
6781.390000
6781.390000
6781.390000
6781.390000
6781.390000
6781.390000
6781.390000
6781.390000
6781.390000
6781.390000
6781.390000
6781.390000
6781.390000
6781.390000
4678.026552
5872.689879
0.000000
1604.474181
3184.257528
5061.876100
6781.390000
6781.390000
6781.390000
6781.390000
6781.390000
6781.390000
6781.390000
6781.390000
6781.390000
6781.390000
6781.390000
6781.390000
6781.390000
6781.390000
6781.390000
6781.390000
6781.390000
6781.390000
6781.390000
6781.390000
6781.390000
6781.390000
6781.390000
6781.390000
6781.390000
6781.390000
6781.390000
6781.390000
6781.390000
6781.390000
6781.390000
6781.390000
6781.390000
6781.390000
6781.390000
6781.390000
6781.390000
6781.390000
6781.390000
6781.390000
6781.390000
6781.390000
0.000000
0.000000
0.000000
0.000000
0.000000
0.000000
0.000000
0.000000
2024.883663
2199.827325
5535.028913
5224.492866
6034.722231
6781.390000
6781.390000
6781.390000
6781.390000
6781.390000
6781.390000
6781.390000
6781.390000
6781.390000
6781.390000
6781.390000
6781.390000
6781.390000
6781.390000
6781.390000
6781.390000
6781.390000
6781.390000
6781.390000
6781.390000
6781.390000
6781.390000
6781.390000
6781.390000
6781.390000
6781.390000
6781.390000
6781.390000
6781.390000
6781.390000
6781.390000
6781.390000
6781.390000
6781.390000
6781.390000
6781.390000
6781.390000
6781.390000
6781.390000
6781.390000
6781.390000
6781.390000
6781.390000
6781.390000
6781.390000
6781.390000
6781.390000
6781.390000
6781.390000
6781.390000
6781.390000
6781.390000
6781.390000
6781.390000
6781.390000
6781.390000
6781.390000
6781.390000
6781.390000
6781.390000
6781.390000
6781.390000
6781.390000
6781.390000
6781.390000
6781.390000
6781.390000
6781.390000
6781.390000
6781.390000
6781.390000
6781.390000
6781.390000
6781.390000
6781.390000
6781.390000
6781.390000
6781.390000
6781.390000
6781.390000
6781.390000
6781.390000
6781.390000
6781.390000
6781.390000
308.759547
2260.618409
6781.390000
6781.390000
6781.390000
6781.390000
6781.390000
6781.390000
6781.390000
6781.390000
6781.390000
6781.390000
6781.390000
6781.390000
6781.390000
6781.390000
6781.390000
6781.390000
6781.390000
6781.390000
6781.390000
6781.390000
6781.390000
6781.390000
6781.390000
6781.390000
6781.390000
6781.390000
6781.390000
6781.390000
6781.390000
6781.390000
6781.390000
6781.390000
6781.390000
6781.390000
6781.390000
6781.390000
6781.390000
6781.390000
6781.390000
6781.390000
6781.390000
6781.390000
2666.896347
5441.275855
0.000000
1559.421935
0.000000
0.000000
0.000000
0.000000
2727.047876
2656.833237
6781.390000
6781.390000
6781.390000
6781.390000
6781.390000
6781.390000
6781.390000
6781.390000
6781.390000
6781.390000
6781.390000
6781.390000
6781.390000
6781.390000
6781.390000
6781.390000
6781.390000
6781.390000
6781.390000
6781.390000
6781.390000
6781.390000
6781.390000
6781.390000
6781.390000
6781.390000
6781.390000
6781.390000
6781.390000
6781.390000
6781.390000
6781.390000
6781.390000
6781.390000
6781.390000
6781.390000
6781.390000
6781.390000
0.000000
0.000000
0.000000
0.000000
0.000000
0.000000
0.000000
0.000000
0.000000
0.000000
0.000000
0.000000
0.000000
0.000000
6121.718315
6781.390000
6781.390000
6781.390000
6781.390000
6781.390000
6781.390000
6781.390000
6781.390000
6781.390000
6781.390000
6781.390000
6781.390000
6781.390000
6781.390000
6781.390000
6781.390000
6781.390000
6781.390000
6781.390000
6781.390000
6781.390000
6781.390000
6781.390000
6781.390000
6781.390000
6781.390000
6781.390000
6781.390000
6781.390000
6781.390000
6781.390000
6781.390000
6781.390000
6781.390000
6781.390000
6781.390000
6781.390000
6781.390000
6781.390000
6781.390000
6781.390000
6781.390000
6781.390000
6781.390000
6781.390000
6781.390000
6781.390000
6781.390000
6781.390000
6781.390000
6781.390000
6781.390000
6781.390000
6781.390000
6781.390000
6781.390000
6781.390000
6781.390000
6781.390000
6781.390000
6781.390000
6781.390000
6781.390000
6781.390000
6781.390000
6781.390000
6781.390000
6781.390000
6781.390000
6781.390000
6781.390000
6781.390000
6781.390000
6781.390000
6781.390000
6781.390000
6781.390000
6781.390000
6781.390000
6781.390000
6781.390000
3320.036468
4086.206066
0.000000
0.000000
0.000000
0.000000
0.000000
0.000000
0.000000
0.000000
0.000000
0.000000
0.000000
0.000000
0.000000
0.000000
0.000000
0.000000
0.000000
0.000000
0.000000
0.000000
0.000000
0.000000
4895.432299
3557.344484
4313.221064
4227.415849
2845.725025
2111.771096
1948.391269
2162.282207
877.434664
723.847453
1133.694172
869.921197
1086.267647
6781.390000
6781.390000
6781.390000
6781.390000
6781.390000
6781.390000
6781.390000
6781.390000
6781.390000
6781.390000
6781.390000
6781.390000
6781.390000
0.000000
0.000000
0.000000
0.000000
0.000000
0.000000
0.000000
0.000000
0.000000
0.000000
0.000000
0.000000
0.000000
0.000000
0.000000
0.000000
0.000000
0.000000
0.000000
0.000000
0.000000
0.000000
6781.390000
6781.390000
6781.390000
6781.390000
6781.390000
6781.390000
6781.390000
6781.390000
6781.390000
6781.390000
6781.390000
6781.390000
6781.390000
6781.390000
6781.390000
6781.390000
6781.390000
6781.390000
6781.390000
6781.390000
6781.390000
6781.390000
6781.390000
6781.390000
0.000000
0.000000
0.000000
0.000000
0.000000
0.000000
0.000000
0.000000
0.000000
0.000000
0.000000
0.000000
0.000000
0.000000
0.000000
0.000000
0.000000
238.962889
3418.597398
6781.390000
6781.390000
6781.390000
6781.390000
6781.390000
6781.390000
6781.390000
6781.390000
6781.390000
6781.390000
6781.390000
6781.390000
6781.390000
6781.390000
6781.390000
6781.390000
6781.390000
6781.390000
6781.390000
6781.390000
6781.390000
6781.390000
6781.390000
6781.390000
6781.390000
6781.390000
6781.390000
6781.390000
6781.390000
6781.390000
6781.390000
6781.390000
6781.390000
6781.390000
4954.775491
4446.364950
1916.112120
1482.077095
1687.760747
3799.057848
4362.876335
5851.660021
6252.757754
6492.937585
6781.390000
6781.390000
0.000000
0.000000
0.000000
6781.390000
6781.390000
6781.390000
6781.390000
6781.390000
6781.390000
6781.390000
6781.390000
6781.390000
6781.390000
6781.390000
6781.390000
6781.390000
6781.390000
6781.390000
6781.390000
6781.390000
6781.390000
6781.390000
6781.390000
6781.390000
6781.390000
6781.390000
6781.390000
6781.390000
6781.390000
6781.390000
6781.390000
6781.390000
6781.390000
0.000000
0.000000
0.000000
0.000000
0.000000
0.000000
0.000000
0.000000
0.000000
0.000000
0.000000
0.000000
0.000000
0.000000
0.000000
6781.390000
6781.390000
6781.390000
6781.390000
6781.390000
6781.390000
6781.390000
6781.390000
6781.390000
6781.390000
6781.390000
6781.390000
6781.390000
6781.390000
6781.390000
6781.390000
6781.390000
6781.390000
6781.390000
6781.390000
6781.390000
6781.390000
6781.390000
6781.390000
6781.390000
6781.390000
6781.390000
6781.390000
6781.390000
6781.390000
6781.390000
6781.390000
6781.390000
6781.390000
6781.390000
6781.390000
6781.390000
0.000000
0.000000
1552.313719
1879.583035
2075.167858
2667.768268
6781.390000
6781.390000
6781.390000
6781.390000
6781.390000
6781.390000
6781.390000
6781.390000
6781.390000
6781.390000
6781.390000
6781.390000
6781.390000
6781.390000
6781.390000
6781.390000
6781.390000
6781.390000
6781.390000
6781.390000
6781.390000
6781.390000
6781.390000
6781.390000
6781.390000
6781.390000
6781.390000
6781.390000
6781.390000
6781.390000
6781.390000
6781.390000
6781.390000
6781.390000
6781.390000
6781.390000
6781.390000
6781.390000
1968.125047
4132.335629
6781.390000
6781.390000
6781.390000
6781.390000
6781.390000
6781.390000
6781.390000
6781.390000
6781.390000
6781.390000
6781.390000
6781.390000
6781.390000
6781.390000
6781.390000
6781.390000
6781.390000
6781.390000
6781.390000
6781.390000
6781.390000
6781.390000
6781.390000
6781.390000
6781.390000
6781.390000
6781.390000
6781.390000
6781.390000
6781.390000
6781.390000
6781.390000
6781.390000
6781.390000
6781.390000
6781.390000
6781.390000
6781.390000
6781.390000
6781.390000
6781.390000
6781.390000
6781.390000
6781.390000
2827.573483
3512.377325
0.000000
0.000000
0.000000
0.000000
0.000000
0.000000
0.000000
0.000000
4921.908653
4968.912449
6781.390000
6781.390000
6781.390000
6781.390000
6781.390000
6781.390000
6781.390000
6781.390000
6781.390000
6781.390000
6781.390000
6781.390000
6781.390000
6781.390000
6781.390000
6781.390000
6781.390000
6781.390000
6781.390000
6781.390000
6781.390000
6781.390000
6781.390000
6781.390000
6781.390000
6781.390000
6781.390000
6781.390000
6781.390000
6781.390000
6781.390000
6781.390000
6781.390000
6781.390000
6781.390000
6781.390000
4436.361484
4989.123442
0.000000
0.000000
0.000000
0.000000
0.000000
0.000000
6781.390000
6781.390000
6781.390000
6781.390000
6781.390000
6781.390000
6781.390000
6781.390000
6781.390000
6781.390000
6781.390000
6781.390000
6781.390000
6781.390000
6781.390000
6781.390000
6781.390000
6781.390000
6781.390000
6781.390000
6781.390000
6781.390000
6781.390000
6781.390000
6781.390000
6781.390000
6781.390000
6781.390000
6781.390000
6781.390000
6781.390000
6781.390000
6781.390000
6781.390000
6781.390000
6781.390000
6781.390000
6781.390000
6781.390000
6781.390000
6781.390000
6781.390000
1886.784317
4160.209125
792.036332
0.000000
0.000000
0.000000
0.000000
0.000000
1053.346654
1733.109599
6781.390000
6781.390000
6781.390000
6781.390000
6781.390000
6781.390000
6781.390000
6781.390000
6781.390000
6781.390000
6781.390000
6781.390000
6781.390000
6781.390000
6781.390000
6781.390000
6781.390000
6781.390000
6781.390000
6781.390000
6781.390000
6781.390000
6781.390000
6781.390000
6781.390000
6781.390000
6781.390000
6781.390000
6781.390000
6781.390000
6781.390000
6781.390000
6781.390000
6781.390000
6781.390000
6781.390000
6781.390000
6781.390000
1851.212970
4333.054051
5908.994603
4154.721162
4490.551683
2939.365514
0.000000
0.000000
598.317227
1595.632764
6781.390000
6781.390000
6781.390000
6781.390000
6781.390000
6781.390000
6781.390000
6781.390000
6781.390000
6781.390000
6781.390000
6781.390000
6781.390000
6781.390000
6781.390000
6781.390000
6781.390000
6781.390000
6781.390000
6781.390000
6781.390000
6781.390000
6781.390000
6781.390000
6781.390000
6781.390000
6781.390000
6781.390000
6781.390000
6781.390000
6781.390000
6781.390000
6781.390000
6781.390000
6781.390000
6781.390000
6781.390000
6781.390000
0.000000
0.000000
0.000000
0.000000
0.000000
0.000000
0.000000
0.000000
0.000000
0.000000
3414.590428
4329.326767
6536.594648
6781.390000
6781.390000
6781.390000
6781.390000
6781.390000
6781.390000
6781.390000
6781.390000
6781.390000
6781.390000
6781.390000
6781.390000
6781.390000
6781.390000
6781.390000
6781.390000
6781.390000
6781.390000
6781.390000
6781.390000
6781.390000
6781.390000
6781.390000
6781.390000
6781.390000
6781.390000
6781.390000
6781.390000
6781.390000
6781.390000
6781.390000
6781.390000
6781.390000
6781.390000
6781.390000
4200.970703
6776.802726
5772.010335
4155.147687
141.441067
0.000000
1655.051623
2166.656392
4821.328444
5855.862547
5483.804389
6186.557397
6781.390000
6781.390000
6781.390000
6781.390000
6781.390000
6781.390000
6781.390000
6781.390000
6781.390000
6781.390000
6781.390000
6781.390000
6781.390000
6781.390000
6781.390000
6781.390000
6781.390000
6781.390000
6781.390000
6781.390000
6781.390000
6781.390000
6781.390000
6781.390000
6781.390000
6781.390000
6781.390000
6781.390000
6781.390000
6781.390000
6781.390000
6781.390000
6781.390000
6781.390000
6781.390000
6781.390000
0.000000
2356.905377
0.000000
0.000000
0.000000
0.000000
0.000000
0.000000
0.000000
0.000000
1897.022641
2612.429261
3966.355711
6048.304832
6781.390000
6781.390000
6781.390000
6781.390000
6781.390000
6781.390000
6781.390000
6781.390000
6781.390000
6781.390000
6781.390000
6781.390000
6781.390000
6781.390000
6781.390000
6781.390000
6781.390000
6781.390000
6781.390000
6781.390000
6781.390000
6781.390000
6781.390000
6781.390000
6781.390000
6781.390000
6781.390000
6781.390000
6781.390000
6781.390000
6781.390000
6781.390000
6781.390000
6781.390000
0.000000
470.129732
869.134335
3156.208983
6781.390000
6781.390000
6781.390000
6781.390000
6781.390000
6781.390000
6781.390000
6781.390000
6781.390000
6781.390000
6781.390000
6781.390000
6781.390000
6781.390000
6781.390000
6781.390000
6781.390000
6781.390000
6781.390000
6781.390000
6781.390000
6781.390000
6781.390000
6781.390000
6781.390000
6781.390000
6781.390000
6781.390000
6781.390000
6781.390000
6781.390000
6781.390000
6781.390000
6781.390000
6781.390000
6781.390000
6781.390000
6781.390000
6781.390000
6781.390000
6781.390000
6781.390000
6781.390000
6781.390000
5875.050779
6781.390000
2133.528934
4125.018867
5736.980938
6781.390000
6781.390000
6781.390000
6781.390000
6781.390000
6781.390000
6781.390000
6781.390000
6781.390000
6781.390000
6781.390000
6781.390000
6781.390000
6781.390000
6781.390000
6781.390000
6781.390000
6781.390000
6781.390000
6781.390000
6781.390000
6781.390000
6781.390000
6781.390000
6781.390000
6781.390000
6781.390000
6781.390000
6781.390000
6781.390000
6781.390000
6781.390000
6781.390000
6781.390000
6781.390000
6781.390000
6781.390000
6781.390000
6781.390000
6781.390000
6781.390000
6781.390000
6781.390000
6781.390000
6781.390000
6781.390000
6781.390000
6781.390000
6781.390000
6781.390000
6781.390000
6781.390000
6781.390000
6781.390000
6781.390000
6781.390000
6781.390000
6781.390000
6781.390000
6781.390000
6781.390000
6781.390000
6781.390000
6781.390000
6781.390000
6781.390000
6781.390000
6781.390000
6781.390000
6781.390000
6781.390000
6781.390000
6781.390000
6781.390000
6781.390000
6781.390000
6781.390000
6781.390000
6781.390000
6781.390000
6781.390000
6781.390000
6781.390000
6781.390000
6781.390000
6781.390000
6781.390000
6781.390000
6781.390000
6781.390000
6781.390000
6781.390000
6781.390000
6781.390000
6781.390000
6781.390000
6781.390000
6781.390000
6781.390000
6781.390000
6781.390000
6781.390000
6781.390000
6781.390000
6781.390000
6781.390000
6781.390000
6781.390000
6781.390000
6781.390000
6781.390000
6781.390000
6781.390000
6781.390000
6781.390000
6781.390000
6781.390000
6781.390000
6781.390000
6781.390000
6781.390000
6781.390000
6781.390000
6781.390000
6781.390000
6781.390000
6781.390000
6781.390000
6781.390000
6781.390000
6781.390000
6781.390000
6781.390000
6781.390000
6781.390000
6781.390000
6781.390000
6781.390000
6781.390000
6781.390000
6781.390000
6781.390000
6781.390000
6781.390000
6781.390000
6781.390000
6781.390000
6781.390000
6781.390000
6781.390000
6781.390000
6781.390000
6781.390000
6781.390000
6781.390000
6781.390000
6781.390000
6781.390000
6781.390000
6781.390000
6781.390000
6781.390000
6781.390000
6781.390000
6781.390000
6781.390000
6781.390000
6781.390000
6781.390000
6781.390000
6781.390000
6781.390000
6781.390000
6781.390000
6781.390000
6781.390000
6781.390000
6781.390000
6781.390000
6781.390000
6781.390000
6781.390000
6781.390000
6781.390000
6781.390000
6781.390000
6781.390000
6781.390000
6781.390000
6781.390000
6781.390000
6781.390000
6781.390000
6781.390000
6781.390000
6781.390000
6781.390000
6781.390000
6781.390000
6781.390000
6781.390000
6781.390000
6781.390000
6781.390000
6781.390000
6781.390000
6781.390000
6781.390000
6781.390000
6781.390000
6781.390000
6781.390000
6781.390000
6781.390000
6781.390000
6781.390000
6781.390000
6781.390000
6781.390000
6781.390000
6781.390000
6781.390000
6781.390000
6781.390000
6781.390000
6781.390000
6781.390000
6781.390000
6781.390000
6781.390000
6781.390000
6781.390000
6781.390000
6781.390000
6781.390000
6781.390000
6781.390000
6781.390000
6781.390000
6781.390000
6781.390000
6781.390000
6781.390000
6781.390000
6781.390000
6781.390000
6781.390000
6781.390000
6781.390000
6781.390000
6781.390000
6781.390000
6781.390000
6781.390000
6781.390000
6781.390000
6781.390000
6781.390000
6781.390000
6781.390000
6781.390000
6781.390000
6781.390000
6781.390000
6781.390000
6781.390000
6781.390000
6781.390000
6781.390000
6781.390000
6781.390000
6781.390000
6781.390000
6781.390000
6781.390000
6781.390000
6781.390000
6781.390000
6781.390000
6781.390000
6781.390000
6781.390000
6781.390000
6781.390000
6781.390000
6781.390000
6781.390000
6781.390000
6781.390000
6781.390000
6781.390000
6781.390000
6781.390000
6412.140955
5551.165706
3351.918854
4020.056282
5984.340414
0.000000
0.000000
0.000000
3110.999667
6292.939328
6781.390000
6781.390000
6781.390000
6781.390000
6781.390000
6781.390000
6781.390000
6781.390000
6781.390000
6781.390000
6781.390000
6781.390000
6781.390000
6781.390000
6781.390000
6781.390000
6781.390000
6781.390000
6781.390000
6781.390000
6781.390000
6781.390000
6781.390000
6781.390000
6781.390000
6781.390000
5010.554458
5692.213488
0.000000
0.000000
0.000000
0.000000
0.000000
0.000000
0.000000
0.000000
0.000000
0.000000
0.000000
0.000000
0.000000
0.000000
0.000000
5213.087019
6781.390000
6781.390000
6781.390000
6781.390000
6781.390000
6781.390000
6781.390000
6781.390000
6781.390000
6781.390000
6781.390000
6781.390000
6781.390000
6781.390000
6781.390000
6781.390000
6781.390000
6781.390000
6781.390000
6781.390000
6781.390000
6781.390000
6781.390000
6781.390000
6781.390000
6781.390000
6781.390000
6781.390000
6781.390000
6781.390000
6781.390000
6781.390000
6781.390000
6781.390000
6781.390000
6781.390000
6781.390000
6781.390000
6781.390000
6781.390000
6781.390000
6781.390000
6781.390000
6781.390000
6781.390000
6781.390000
6781.390000
6781.390000
6781.390000
6781.390000
6781.390000
6781.390000
6781.390000
6781.390000
6781.390000
6781.390000
6781.390000
6781.390000
6781.390000
6781.390000
6781.390000
6781.390000
6781.390000
6781.390000
6781.390000
6781.390000
6781.390000
6781.390000
6781.390000
6781.390000
6781.390000
6781.390000
6781.390000
6781.390000
6781.390000
6781.390000
6781.390000
6781.390000
6781.390000
6781.390000
845.783918
3271.043229
0.000000
0.000000
0.000000
0.000000
0.000000
0.000000
0.000000
0.000000
0.000000
0.000000
0.000000
0.000000
2933.599779
6095.265710
6781.390000
6781.390000
6781.390000
6781.390000
6781.390000
6781.390000
6781.390000
6781.390000
6781.390000
6781.390000
6781.390000
6781.390000
6781.390000
6781.390000
6781.390000
6781.390000
6781.390000
6781.390000
6781.390000
6781.390000
6781.390000
6781.390000
6781.390000
6781.390000
6781.390000
6781.390000
6781.390000
6781.390000
6781.390000
6781.390000
0.000000
0.000000
0.000000
0.000000
0.000000
0.000000
0.000000
0.000000
0.000000
0.000000
0.000000
0.000000
0.000000
0.000000
0.000000
0.000000
0.000000
0.000000
0.000000
0.000000
1361.782275
5004.829815
6781.390000
6781.390000
6781.390000
6781.390000
6781.390000
6781.390000
6781.390000
6781.390000
6781.390000
6781.390000
6781.390000
6781.390000
6781.390000
6781.390000
6781.390000
6781.390000
6781.390000
6781.390000
6781.390000
6781.390000
6781.390000
6781.390000
6781.390000
6781.390000
6781.390000
6781.390000
6781.390000
6781.390000
0.000000
0.000000
0.000000
0.000000
0.000000
0.000000
0.000000
0.000000
0.000000
0.000000
0.000000
0.000000
0.000000
1290.677523
0.000000
806.745446
6781.390000
6781.390000
6781.390000
6781.390000
6781.390000
6781.390000
6781.390000
6781.390000
6781.390000
6781.390000
6781.390000
6781.390000
6781.390000
6781.390000
6781.390000
6781.390000
6781.390000
6781.390000
6781.390000
6781.390000
6781.390000
6781.390000
6781.390000
6781.390000
6781.390000
6781.390000
6781.390000
6781.390000
6781.390000
6781.390000
6781.390000
6781.390000
6781.390000
6781.390000
6594.709971
4480.946000
0.000000
0.000000
0.000000
0.000000
0.000000
0.000000
0.000000
0.000000
0.000000
1538.532046
6013.907632
6781.390000
6781.390000
6781.390000
6781.390000
6781.390000
6781.390000
6781.390000
6781.390000
6781.390000
6781.390000
6781.390000
6781.390000
6781.390000
6781.390000
6781.390000
6781.390000
6781.390000
6781.390000
6781.390000
6781.390000
6781.390000
6781.390000
6781.390000
6781.390000
6781.390000
6781.390000
6781.390000
6781.390000
6781.390000
6781.390000
6781.390000
6781.390000
6781.390000
0.000000
0.000000
0.000000
0.000000
0.000000
0.000000
0.000000
0.000000
0.000000
0.000000
0.000000
0.000000
0.000000
0.000000
0.000000
0.000000
0.000000
614.274287
4639.295804
6781.390000
6781.390000
6781.390000
6781.390000
6781.390000
6781.390000
6781.390000
6781.390000
6781.390000
6781.390000
6781.390000
6781.390000
6781.390000
6781.390000
6781.390000
6781.390000
6781.390000
6781.390000
6781.390000
6781.390000
6781.390000
6781.390000
6781.390000
6781.390000
6781.390000
6781.390000
6781.390000
6781.390000
6781.390000
0.000000
0.000000
0.000000
0.000000
0.000000
0.000000
0.000000
0.000000
0.000000
0.000000
0.000000
0.000000
0.000000
0.000000
0.000000
0.000000
6436.965273
6781.390000
6781.390000
6781.390000
6781.390000
6781.390000
6781.390000
6781.390000
6781.390000
6781.390000
6781.390000
6781.390000
6781.390000
6781.390000
6781.390000
6781.390000
6781.390000
6781.390000
6781.390000
6781.390000
6781.390000
6781.390000
6781.390000
6781.390000
6781.390000
6781.390000
6781.390000
6781.390000
6781.390000
6781.390000
6781.390000
6781.390000
0.000000
185.266560
0.000000
0.000000
1412.380082
0.000000
0.000000
0.000000
1448.537255
2120.700924
0.000000
0.000000
3581.336963
5467.166120
6781.390000
6781.390000
6781.390000
6781.390000
6781.390000
6781.390000
6781.390000
6781.390000
6781.390000
6781.390000
6781.390000
6781.390000
6781.390000
6781.390000
6781.390000
6781.390000
6781.390000
6781.390000
6781.390000
6781.390000
6781.390000
6781.390000
6781.390000
6781.390000
6781.390000
6781.390000
6781.390000
6781.390000
6781.390000
6781.390000
6781.390000
6781.390000
6781.390000
6781.390000
5680.290918
6781.390000
0.000000
0.000000
0.000000
0.000000
0.000000
0.000000
0.000000
0.000000
0.000000
0.000000
5117.636781
6781.390000
3654.496957
4791.080866
6781.390000
6781.390000
6781.390000
6781.390000
6781.390000
6781.390000
6781.390000
6781.390000
6781.390000
6781.390000
6781.390000
6781.390000
6781.390000
6781.390000
6781.390000
6781.390000
6781.390000
6781.390000
6781.390000
6781.390000
6781.390000
6781.390000
6781.390000
6781.390000
6781.390000
6781.390000
6781.390000
6781.390000
6781.390000
6781.390000
6781.390000
6781.390000
0.000000
0.000000
0.000000
0.000000
0.000000
0.000000
0.000000
0.000000
1868.238303
2548.137223
3241.560981
4011.275996
6781.390000
6781.390000
6781.390000
6781.390000
6781.390000
6781.390000
6781.390000
6781.390000
6781.390000
6781.390000
6781.390000
6781.390000
6781.390000
6781.390000
6781.390000
6781.390000
6781.390000
6781.390000
6781.390000
6781.390000
6781.390000
6781.390000
6781.390000
6781.390000
6781.390000
6781.390000
6781.390000
6781.390000
6781.390000
6781.390000
6781.390000
6781.390000
6781.390000
6781.390000
6781.390000
6781.390000
6781.390000
6781.390000
6781.390000
6781.390000
6781.390000
6781.390000
6781.390000
6781.390000
6781.390000
6781.390000
6781.390000
6781.390000
6781.390000
6781.390000
6781.390000
6781.390000
6781.390000
6781.390000
6781.390000
6781.390000
6781.390000
6781.390000
6781.390000
6781.390000
6781.390000
6781.390000
6781.390000
6781.390000
6781.390000
6781.390000
6781.390000
6781.390000
6781.390000
6781.390000
6781.390000
6781.390000
6781.390000
6781.390000
6781.390000
6781.390000
6781.390000
6781.390000
6781.390000
6781.390000
6781.390000
6781.390000
6781.390000
6781.390000
6781.390000
6781.390000
6781.390000
6501.976186
0.000000
0.000000
0.000000
0.000000
4506.554390
5333.168298
6781.390000
6781.390000
6781.390000
6781.390000
6781.390000
6781.390000
6781.390000
6781.390000
6781.390000
6781.390000
6781.390000
6781.390000
6781.390000
6781.390000
6781.390000
6781.390000
6781.390000
6781.390000
6781.390000
6781.390000
6781.390000
6781.390000
6781.390000
6781.390000
6781.390000
6781.390000
6781.390000
6781.390000
6781.390000
6781.390000
6781.390000
6781.390000
6781.390000
6781.390000
6781.390000
6781.390000
6781.390000
6781.390000
0.000000
0.000000
0.000000
0.000000
0.000000
0.000000
0.000000
0.000000
0.000000
0.000000
0.000000
0.000000
0.000000
0.000000
4852.809031
6781.390000
6781.390000
6781.390000
6781.390000
6781.390000
6781.390000
6781.390000
6781.390000
6781.390000
6781.390000
6781.390000
6781.390000
6781.390000
6781.390000
6781.390000
6781.390000
6781.390000
6781.390000
6781.390000
6781.390000
6781.390000
6781.390000
6781.390000
6781.390000
6781.390000
6781.390000
6781.390000
6781.390000
6781.390000
6781.390000
6781.390000
3244.122184
3989.819917
0.000000
0.000000
0.000000
0.000000
0.000000
0.000000
0.000000
0.000000
0.000000
0.000000
0.000000
0.000000
4520.212408
5309.829134
6781.390000
5152.245970
3398.027598
6781.390000
6781.390000
6781.390000
6781.390000
6781.390000
6781.390000
6781.390000
6781.390000
6781.390000
6781.390000
6781.390000
6781.390000
6781.390000
6781.390000
6781.390000
6781.390000
6781.390000
6781.390000
6781.390000
6781.390000
6781.390000
6781.390000
6781.390000
6781.390000
6781.390000
6781.390000
6781.390000
6781.390000
6781.390000
6781.390000
6781.390000
6781.390000
6781.390000
6781.390000
6781.390000
6781.390000
5626.684901
6781.390000
6781.390000
6781.390000
6781.390000
6781.390000
6781.390000
6781.390000
6781.390000
6781.390000
6781.390000
6781.390000
6781.390000
6781.390000
6781.390000
6781.390000
6781.390000
6781.390000
6781.390000
6781.390000
6781.390000
6781.390000
6781.390000
6781.390000
6781.390000
6781.390000
6781.390000
6781.390000
6781.390000
6781.390000
6781.390000
6781.390000
6781.390000
6781.390000
6781.390000
6781.390000
6781.390000
6781.390000
6781.390000
6781.390000
6781.390000
6781.390000
6781.390000
6781.390000
6781.390000
6781.390000
6781.390000
6781.390000
5857.904604
6781.390000
6781.390000
6781.390000
6781.390000
6781.390000
6781.390000
6781.390000
6781.390000
6781.390000
6781.390000
6781.390000
6781.390000
6781.390000
6781.390000
6781.390000
6781.390000
6781.390000
6781.390000
6781.390000
6781.390000
6781.390000
6781.390000
6781.390000
6781.390000
6781.390000
6781.390000
6781.390000
6781.390000
6781.390000
6781.390000
6781.390000
6781.390000
6781.390000
6781.390000
6781.390000
6781.390000
6781.390000
6781.390000
6781.390000
6781.390000
6781.390000
6781.390000
6781.390000
6781.390000
6781.390000
6781.390000
6781.390000
6483.249375
6781.390000
6781.390000
6781.390000
6781.390000
6781.390000
6781.390000
6781.390000
6781.390000
6781.390000
6781.390000
6781.390000
6781.390000
6781.390000
6781.390000
6781.390000
6781.390000
6781.390000
6781.390000
6781.390000
6781.390000
6781.390000
6781.390000
6781.390000
6781.390000
6781.390000
6781.390000
6781.390000
6781.390000
6781.390000
6781.390000
6781.390000
6781.390000
6781.390000
6781.390000
6781.390000
6781.390000
6781.390000
6781.390000
6781.390000
6781.390000
6781.390000
6781.390000
6781.390000
6781.390000
6781.390000
6781.390000
6781.390000
6781.390000
6781.390000
6781.390000
6781.390000
6781.390000
6781.390000
6781.390000
6781.390000
6781.390000
6781.390000
6781.390000
6781.390000
6781.390000
6781.390000
6781.390000
6781.390000
6781.390000
6781.390000
6781.390000
6781.390000
6781.390000
6781.390000
6781.390000
6781.390000
6781.390000
6781.390000
6781.390000
6781.390000
6781.390000
6781.390000
6781.390000
6781.390000
6781.390000
6781.390000
6781.390000
6781.390000
6781.390000
6781.390000
6781.390000
6781.390000
6781.390000
6781.390000
6781.390000
6781.390000
6781.390000
6781.390000
6781.390000
6781.390000
6781.390000
6781.390000
6781.390000
6781.390000
6781.390000
6781.390000
6781.390000
6781.390000
6781.390000
6781.390000
6781.390000
6781.390000
6781.390000
6781.390000
6781.390000
6781.390000
6781.390000
6781.390000
6781.390000
6781.390000
6781.390000
6781.390000
6781.390000
6781.390000
6781.390000
6781.390000
6781.390000
6781.390000
6781.390000
6781.390000
6781.390000
6781.390000
6781.390000
6781.390000
6781.390000
6781.390000
6781.390000
6781.390000
6781.390000
6781.390000
6781.390000
6781.390000
6781.390000
6781.390000
6781.390000
0.000000
876.076902
6781.390000
6781.390000
6781.390000
6781.390000
6781.390000
6781.390000
6781.390000
6781.390000
6781.390000
6781.390000
6781.390000
6781.390000
6781.390000
6781.390000
6781.390000
6781.390000
6781.390000
6781.390000
6781.390000
6781.390000
6781.390000
6781.390000
6781.390000
6781.390000
6781.390000
6781.390000
6781.390000
6781.390000
6781.390000
6781.390000
6781.390000
6781.390000
6781.390000
6781.390000
6781.390000
6781.390000
6781.390000
6781.390000
6781.390000
6781.390000
6781.390000
6781.390000
6781.390000
6781.390000
6781.390000
6781.390000
6781.390000
6781.390000
6781.390000
6781.390000
6781.390000
6781.390000
6781.390000
6781.390000
6781.390000
6781.390000
6781.390000
6781.390000
6781.390000
6781.390000
6781.390000
6781.390000
6781.390000
6781.390000
6781.390000
6781.390000
6781.390000
6781.390000
6781.390000
6781.390000
6781.390000
6781.390000
6781.390000
6781.390000
6781.390000
6781.390000
6781.390000
6781.390000
6781.390000
6781.390000
6781.390000
6781.390000
6781.390000
6781.390000
6781.390000
6781.390000
6781.390000
6781.390000
6781.390000
6781.390000
6781.390000
6781.390000
6781.390000
6781.390000
6781.390000
6781.390000
6781.390000
6781.390000
6781.390000
6781.390000
6781.390000
6781.390000
6781.390000
6781.390000
6781.390000
6781.390000
6781.390000
6781.390000
6781.390000
6781.390000
6781.390000
6781.390000
6781.390000
6781.390000
6781.390000
6781.390000
6781.390000
6781.390000
6781.390000
6781.390000
6781.390000
6781.390000
6781.390000
6781.390000
6781.390000
6781.390000
6781.390000
6781.390000
6781.390000
6781.390000
6781.390000
6781.390000
6781.390000
6781.390000
6781.390000
6781.390000
6781.390000
6781.390000
6781.390000
6781.390000
6781.390000
6781.390000
6781.390000
6781.390000
6781.390000
6781.390000
6781.390000
6781.390000
6781.390000
6781.390000
6781.390000
6781.390000
6781.390000
6781.390000
6781.390000
6781.390000
6781.390000
6781.390000
6781.390000
6781.390000
6781.390000
6781.390000
6781.390000
6781.390000
6781.390000
6781.390000
6781.390000
6781.390000
6781.390000
6781.390000
6781.390000
6781.390000
6781.390000
6781.390000
6781.390000
6781.390000
6781.390000
6781.390000
6781.390000
6781.390000
6781.390000
6781.390000
6781.390000
6781.390000
6781.390000
6781.390000
6781.390000
6781.390000
6781.390000
6781.390000
6781.390000
6781.390000
6781.390000
6781.390000
6781.390000
6781.390000
6781.390000
6781.390000
6781.390000
6781.390000
6781.390000
6781.390000
6781.390000
6781.390000
6781.390000
6781.390000
6781.390000
6781.390000
6781.390000
6781.390000
6781.390000
6781.390000
6781.390000
6781.390000
6781.390000
6781.390000
6781.390000
6781.390000
6781.390000
6781.390000
6781.390000
6781.390000
6781.390000
6781.390000
6781.390000
6781.390000
6781.390000
6781.390000
6781.390000
6781.390000
6781.390000
6781.390000
6781.390000
6781.390000
6781.390000
6781.390000
6781.390000
6781.390000
6781.390000
6781.390000
6781.390000
6781.390000
6781.390000
6781.390000
6781.390000
6781.390000
6781.390000
6781.390000
6781.390000
6781.390000
6781.390000
6781.390000
6781.390000
6781.390000
6781.390000
6781.390000
6781.390000
6781.390000
6781.390000
6781.390000
6781.390000
6781.390000
6781.390000
6781.390000
6781.390000
6781.390000
6781.390000
6781.390000
6781.390000
6781.390000
6781.390000
6781.390000
6781.390000
6781.390000
6781.390000
6781.390000
6781.390000
6781.390000
6781.390000
6781.390000
6781.390000
6781.390000
6781.390000
6781.390000
6781.390000
6781.390000
6781.390000
6781.390000
6781.390000
6781.390000
6781.390000
6781.390000
6781.390000
6781.390000
6781.390000
6781.390000
6781.390000
6781.390000
6781.390000
6781.390000
6781.390000
6781.390000
6781.390000
6781.390000
6781.390000
6781.390000
6781.390000
6781.390000
6781.390000
6781.390000
6781.390000
6781.390000
6781.390000
6781.390000
6781.390000
6781.390000
6781.390000
6781.390000
6781.390000
6781.390000
6781.390000
6781.390000
6781.390000
6781.390000
6781.390000
6781.390000
6781.390000
6781.390000
6781.390000
6781.390000
6781.390000
6781.390000
6781.390000
6781.390000
6781.390000
6781.390000
6781.390000
6781.390000
6781.390000
6781.390000
6781.390000
6781.390000
6781.390000
6781.390000
6781.390000
6781.390000
6781.390000
6781.390000
6781.390000
6781.390000
6781.390000
6781.390000
6781.390000
6781.390000
6781.390000
6781.390000
6781.390000
6781.390000
6781.390000
6781.390000
6781.390000
6781.390000
6781.390000
6781.390000
6781.390000
6781.390000
6781.390000
6781.390000
6781.390000
6781.390000
6781.390000
6781.390000
6781.390000
6781.390000
6781.390000
6781.390000
6781.390000
6781.390000
6781.390000
6781.390000
0.000000
0.000000
0.000000
0.000000
0.000000
0.000000
0.000000
0.000000
0.000000
0.000000
0.000000
0.000000
4799.961590
5640.514966
6781.390000
6781.390000
6781.390000
6781.390000
6781.390000
6781.390000
6781.390000
6781.390000
6781.390000
6781.390000
6781.390000
6781.390000
6781.390000
6781.390000
6781.390000
6781.390000
6781.390000
6781.390000
6781.390000
6781.390000
6781.390000
6781.390000
6781.390000
6781.390000
6781.390000
6781.390000
6781.390000
6781.390000
6781.390000
6781.390000
6781.390000
6781.390000
6781.390000
6781.390000
0.000000
116.318464
0.000000
0.000000
0.000000
0.000000
0.000000
0.000000
0.000000
0.000000
6781.390000
6781.390000
6781.390000
6781.390000
6781.390000
6781.390000
6781.390000
6781.390000
6781.390000
6781.390000
6781.390000
6781.390000
6781.390000
6781.390000
6781.390000
6781.390000
6781.390000
6781.390000
6781.390000
6781.390000
6781.390000
6781.390000
6781.390000
6781.390000
6781.390000
6781.390000
6781.390000
6781.390000
6781.390000
6781.390000
6781.390000
6781.390000
6781.390000
6781.390000
6781.390000
6781.390000
6781.390000
6781.390000
0.000000
1627.647984
0.000000
0.000000
0.000000
0.000000
0.000000
0.000000
1622.947740
2472.722464
6396.773949
6781.390000
6781.390000
6781.390000
6781.390000
6781.390000
6781.390000
6781.390000
6781.390000
6781.390000
6781.390000
6781.390000
6781.390000
6781.390000
6781.390000
6781.390000
6781.390000
6781.390000
6781.390000
6781.390000
6781.390000
6781.390000
6781.390000
6781.390000
6781.390000
6781.390000
6781.390000
6781.390000
6781.390000
6781.390000
6781.390000
6781.390000
6781.390000
6781.390000
6781.390000
6781.390000
6781.390000
6781.390000
0.000000
0.000000
0.000000
0.000000
0.000000
0.000000
4629.427144
4814.807778
2498.327455
3219.875111
6781.390000
6781.390000
6781.390000
6781.390000
6781.390000
6781.390000
6781.390000
6781.390000
6781.390000
6781.390000
6781.390000
6781.390000
6781.390000
6781.390000
6781.390000
6781.390000
6781.390000
6781.390000
6781.390000
6781.390000
6781.390000
6781.390000
6781.390000
6781.390000
6781.390000
6781.390000
6781.390000
6781.390000
6781.390000
6781.390000
6781.390000
6781.390000
6781.390000
6781.390000
6781.390000
6781.390000
6781.390000
6781.390000
6781.390000
6781.390000
6781.390000
6781.390000
6781.390000
6781.390000
6781.390000
6781.390000
6781.390000
6781.390000
6781.390000
6781.390000
6781.390000
6781.390000
6781.390000
6781.390000
6781.390000
6781.390000
6781.390000
6781.390000
6781.390000
6781.390000
6781.390000
6781.390000
6781.390000
6781.390000
6781.390000
6781.390000
6781.390000
6781.390000
6781.390000
6781.390000
6781.390000
6781.390000
6781.390000
6781.390000
6781.390000
6781.390000
6781.390000
6781.390000
6781.390000
6781.390000
6781.390000
6781.390000
6781.390000
6781.390000
6781.390000
6781.390000
6781.390000
6781.390000
6781.390000
6781.390000
6781.390000
6781.390000
6781.390000
6781.390000
6781.390000
6781.390000
6781.390000
6781.390000
6781.390000
6781.390000
6781.390000
6781.390000
6781.390000
6781.390000
6781.390000
6781.390000
6781.390000
6781.390000
6781.390000
6781.390000
6781.390000
6781.390000
6781.390000
6781.390000
6781.390000
6781.390000
6781.390000
6781.390000
6781.390000
6781.390000
6781.390000
6781.390000
6781.390000
6781.390000
6781.390000
6781.390000
6781.390000
6781.390000
6781.390000
6781.390000
6781.390000
6781.390000
6781.390000
6781.390000
6781.390000
6781.390000
6781.390000
6781.390000
6781.390000
6781.390000
6781.390000
6781.390000
6781.390000
6781.390000
6781.390000
6781.390000
6781.390000
6781.390000
6781.390000
6781.390000
6781.390000
6781.390000
6781.390000
6781.390000
6781.390000
6781.390000
6781.390000
6781.390000
6781.390000
6781.390000
6781.390000
6781.390000
6781.390000
6781.390000
6781.390000
6781.390000
6781.390000
6781.390000
6781.390000
6781.390000
6781.390000
6781.390000
6781.390000
6781.390000
6781.390000
6781.390000
6781.390000
6781.390000
6781.390000
6781.390000
6781.390000
6781.390000
604.918313
1785.585902
0.000000
0.000000
0.000000
0.000000
0.000000
35.184608
4478.135803
4296.936447
6781.390000
6781.390000
6781.390000
6781.390000
6781.390000
6781.390000
6781.390000
6781.390000
6781.390000
6781.390000
6781.390000
6781.390000
6781.390000
6781.390000
6781.390000
6781.390000
6781.390000
6781.390000
6781.390000
6781.390000
6781.390000
6781.390000
6781.390000
6781.390000
6781.390000
6781.390000
6781.390000
6781.390000
6781.390000
6781.390000
6781.390000
6781.390000
6781.390000
6781.390000
6781.390000
6781.390000
6781.390000
6781.390000
6781.390000
6781.390000
3672.154213
1317.645539
0.000000
0.000000
0.000000
0.000000
2606.936181
3327.318358
6781.390000
6781.390000
6781.390000
6781.390000
6781.390000
6781.390000
6781.390000
6781.390000
6781.390000
6781.390000
6781.390000
6781.390000
6781.390000
6781.390000
6781.390000
6781.390000
6781.390000
6781.390000
6781.390000
6781.390000
6781.390000
6781.390000
6781.390000
6781.390000
6781.390000
6781.390000
6781.390000
6781.390000
6781.390000
6781.390000
6781.390000
6781.390000
6781.390000
6781.390000
6781.390000
6781.390000
6781.390000
6781.390000
6781.390000
6781.390000
2260.547734
0.000000
0.000000
0.000000
0.000000
0.000000
0.000000
0.000000
491.906721
1235.941497
6781.390000
6781.390000
6781.390000
6781.390000
6781.390000
6781.390000
6781.390000
6781.390000
6781.390000
6781.390000
6781.390000
6781.390000
6781.390000
6781.390000
6781.390000
6781.390000
6781.390000
6781.390000
6781.390000
6781.390000
6781.390000
6781.390000
6781.390000
6781.390000
6781.390000
6781.390000
6781.390000
6781.390000
6781.390000
6781.390000
6781.390000
6781.390000
6781.390000
6781.390000
6781.390000
6781.390000
0.000000
1046.970916
0.000000
0.000000
0.000000
0.000000
0.000000
0.000000
2219.814770
3123.511799
6781.390000
6781.390000
6781.390000
6781.390000
6781.390000
6781.390000
6781.390000
6781.390000
6781.390000
6781.390000
6781.390000
6781.390000
6781.390000
6781.390000
6781.390000
6781.390000
6781.390000
6781.390000
6781.390000
6781.390000
6781.390000
6781.390000
6781.390000
6781.390000
6781.390000
6781.390000
6781.390000
6781.390000
6781.390000
6781.390000
6781.390000
6781.390000
6781.390000
6781.390000
6781.390000
6781.390000
6781.390000
6781.390000
6781.390000
6781.390000
6781.390000
5921.090522
0.000000
0.000000
0.000000
0.000000
1662.330261
2179.129949
6781.390000
6781.390000
6781.390000
6781.390000
6781.390000
6781.390000
6781.390000
6781.390000
6781.390000
6781.390000
6781.390000
6781.390000
6781.390000
6781.390000
6781.390000
6781.390000
6781.390000
6781.390000
6781.390000
6781.390000
6781.390000
6781.390000
6781.390000
6781.390000
6781.390000
6781.390000
6781.390000
6781.390000
6781.390000
6781.390000
6781.390000
6781.390000
6781.390000
6781.390000
6781.390000
6781.390000
6781.390000
6781.390000
6781.390000
6781.390000
2491.162484
0.000000
0.000000
0.000000
0.000000
0.000000
0.000000
0.000000
5336.767823
6018.149940
0.000000
0.000000
1809.429537
6781.390000
6781.390000
6781.390000
6781.390000
6781.390000
6781.390000
6781.390000
6781.390000
6781.390000
6781.390000
6781.390000
6781.390000
6781.390000
6781.390000
6781.390000
6781.390000
6781.390000
6781.390000
6781.390000
6781.390000
6781.390000
6781.390000
6781.390000
6781.390000
6781.390000
6781.390000
6781.390000
6781.390000
6781.390000
6781.390000
6781.390000
6781.390000
6781.390000
0.000000
0.000000
0.000000
0.000000
0.000000
0.000000
0.000000
0.000000
0.000000
0.000000
6781.390000
6781.390000
6781.390000
6781.390000
6781.390000
6781.390000
5431.378841
6781.390000
6781.390000
6781.390000
6781.390000
6781.390000
6781.390000
6781.390000
6781.390000
6781.390000
6781.390000
6781.390000
6781.390000
6781.390000
6781.390000
6781.390000
6781.390000
6781.390000
6781.390000
6781.390000
6781.390000
6781.390000
6781.390000
6781.390000
6781.390000
6781.390000
6781.390000
6781.390000
6781.390000
6781.390000
6781.390000
6781.390000
0.000000
0.000000
0.000000
0.000000
0.000000
0.000000
0.000000
0.000000
0.000000
0.000000
562.824054
141.670674
0.000000
0.000000
1394.032293
6781.390000
6781.390000
6781.390000
6781.390000
6781.390000
6781.390000
6781.390000
6781.390000
6781.390000
6781.390000
6781.390000
6781.390000
6781.390000
6781.390000
6781.390000
6781.390000
6781.390000
6781.390000
6781.390000
6781.390000
6781.390000
6781.390000
6781.390000
6781.390000
6781.390000
6781.390000
6781.390000
6781.390000
6781.390000
6781.390000
6781.390000
6781.390000
6781.390000
4665.137428
6781.390000
0.000000
0.000000
0.000000
0.000000
0.000000
0.000000
0.000000
0.000000
0.000000
0.000000
0.000000
0.000000
6490.145886
3623.851925
6781.390000
6781.390000
6781.390000
6781.390000
6781.390000
6781.390000
6781.390000
6781.390000
6781.390000
6781.390000
6781.390000
6781.390000
6781.390000
6781.390000
6781.390000
6781.390000
6781.390000
6781.390000
6781.390000
6781.390000
6781.390000
6781.390000
6781.390000
6781.390000
6781.390000
6781.390000
6781.390000
6781.390000
6781.390000
6781.390000
6781.390000
6781.390000
6781.390000
6781.390000
2747.458222
504.537181
0.000000
0.000000
0.000000
0.000000
0.000000
0.000000
0.000000
0.000000
54.447518
1877.998132
1741.254569
6781.390000
6781.390000
6781.390000
6781.390000
6781.390000
6781.390000
6781.390000
6781.390000
6781.390000
6781.390000
6781.390000
6781.390000
6781.390000
6781.390000
6781.390000
6781.390000
6781.390000
6781.390000
6781.390000
6781.390000
6781.390000
6781.390000
6781.390000
6781.390000
6781.390000
6781.390000
6781.390000
6781.390000
6781.390000
6781.390000
6781.390000
6781.390000
6781.390000
0.000000
0.000000
0.000000
0.000000
0.000000
0.000000
0.000000
0.000000
0.000000
0.000000
5543.353975
5933.866327
6781.390000
6781.390000
6781.390000
2860.830050
5854.339273
6781.390000
6781.390000
6781.390000
6781.390000
6781.390000
6781.390000
6781.390000
6781.390000
6781.390000
6781.390000
6781.390000
6781.390000
6781.390000
6781.390000
6781.390000
6781.390000
6781.390000
6781.390000
6781.390000
6781.390000
6781.390000
6781.390000
6781.390000
6781.390000
6781.390000
6781.390000
6781.390000
6781.390000
6781.390000
6781.390000
6781.390000
6781.390000
6781.390000
4860.967711
2189.753661
2122.776397
0.000000
1397.509599
1085.957971
6781.390000
6781.390000
6781.390000
6781.390000
6781.390000
6781.390000
6781.390000
6781.390000
6781.390000
6781.390000
6781.390000
6781.390000
6781.390000
6781.390000
6781.390000
6781.390000
6781.390000
6781.390000
6781.390000
6781.390000
6781.390000
6781.390000
6781.390000
6781.390000
6781.390000
6781.390000
6781.390000
6781.390000
6781.390000
6781.390000
6781.390000
6781.390000
6781.390000
6781.390000
6781.390000
6781.390000
6781.390000
6781.390000
6781.390000
6781.390000
6781.390000
6781.390000
6781.390000
6781.390000
6781.390000
6781.390000
6781.390000
6781.390000
6781.390000
6781.390000
6781.390000
6781.390000
6781.390000
6781.390000
6781.390000
6781.390000
6781.390000
6781.390000
6781.390000
6781.390000
6781.390000
6781.390000
6781.390000
6781.390000
6781.390000
6781.390000
6781.390000
6781.390000
6781.390000
6781.390000
6781.390000
6781.390000
6781.390000
6781.390000
6781.390000
6781.390000
6781.390000
6781.390000
6781.390000
6781.390000
6781.390000
6781.390000
6781.390000
6781.390000
6781.390000
6781.390000
6781.390000
6781.390000
6781.390000
6781.390000
0.000000
686.692247
0.000000
1169.041412
4240.512240
6134.752542
2160.146163
2285.592389
6158.682026
5612.886996
0.000000
79.158208
6781.390000
6781.390000
6781.390000
6781.390000
6781.390000
6781.390000
6781.390000
6781.390000
6781.390000
6781.390000
6781.390000
6781.390000
6781.390000
6781.390000
6781.390000
6781.390000
6781.390000
6781.390000
6781.390000
6781.390000
6781.390000
6781.390000
6781.390000
6781.390000
6781.390000
6781.390000
6781.390000
6781.390000
6781.390000
6781.390000
6781.390000
6781.390000
6781.390000
6781.390000
6781.390000
6781.390000
1949.229597
3588.203915
6781.390000
6781.390000
0.000000
0.000000
6781.390000
6781.390000
6781.390000
6781.390000
6781.390000
6781.390000
6781.390000
6781.390000
6781.390000
6781.390000
6781.390000
6781.390000
6781.390000
6781.390000
6781.390000
6781.390000
6781.390000
6781.390000
6781.390000
6781.390000
6781.390000
6781.390000
6781.390000
6781.390000
6781.390000
6781.390000
6781.390000
6781.390000
6781.390000
6781.390000
6781.390000
6781.390000
6781.390000
6781.390000
6781.390000
6781.390000
6781.390000
6781.390000
6781.390000
6781.390000
6781.390000
6781.390000
0.000000
0.000000
0.000000
0.000000
0.000000
0.000000
6130.383835
6476.105888
4436.941914
4830.835142
6781.390000
6781.390000
6781.390000
3723.191162
6781.390000
6781.390000
6781.390000
6781.390000
6781.390000
6781.390000
6781.390000
6781.390000
6781.390000
6781.390000
6781.390000
6781.390000
6781.390000
6781.390000
6781.390000
6781.390000
6781.390000
6781.390000
6781.390000
6781.390000
6781.390000
6781.390000
6781.390000
6781.390000
6781.390000
6781.390000
6781.390000
6781.390000
6781.390000
6781.390000
6781.390000
6781.390000
6781.390000
6781.390000
6781.390000
6781.390000
991.619482
0.000000
0.000000
0.000000
6781.390000
6781.390000
6781.390000
6781.390000
6781.390000
6781.390000
6781.390000
6781.390000
6781.390000
6781.390000
6781.390000
6781.390000
6781.390000
6781.390000
6781.390000
6781.390000
6781.390000
6781.390000
6781.390000
6781.390000
6781.390000
6781.390000
6781.390000
6781.390000
6781.390000
6781.390000
6781.390000
6781.390000
6781.390000
6781.390000
6781.390000
6781.390000
6781.390000
6781.390000
6781.390000
6781.390000
6781.390000
6781.390000
6781.390000
6781.390000
6781.390000
6781.390000
6781.390000
4587.408422
0.000000
0.000000
0.000000
0.000000
0.000000
0.000000
6070.269866
6468.356878
6274.977706
6781.390000
6781.390000
6781.390000
6781.390000
6781.390000
6781.390000
6781.390000
6781.390000
6781.390000
6781.390000
6781.390000
6781.390000
6781.390000
6781.390000
6781.390000
6781.390000
6781.390000
6781.390000
6781.390000
6781.390000
6781.390000
6781.390000
6781.390000
6781.390000
6781.390000
6781.390000
6781.390000
6781.390000
6781.390000
6781.390000
6781.390000
6781.390000
6781.390000
6781.390000
6781.390000
6781.390000
6781.390000
6781.390000
6781.390000
6781.390000
6781.390000
6781.390000
6781.390000
6781.390000
6781.390000
6781.390000
6781.390000
6781.390000
6781.390000
6781.390000
6781.390000
6781.390000
6781.390000
6781.390000
6781.390000
6781.390000
6781.390000
6781.390000
6781.390000
6781.390000
6781.390000
6781.390000
6781.390000
6781.390000
6781.390000
6781.390000
6781.390000
6781.390000
6781.390000
6781.390000
6781.390000
6781.390000
6781.390000
6781.390000
6781.390000
6781.390000
6781.390000
6781.390000
6781.390000
6781.390000
6781.390000
6781.390000
6781.390000
6781.390000
6781.390000
6781.390000
6781.390000
0.000000
0.000000
0.000000
0.000000
1706.584143
2344.689634
6781.390000
6781.390000
6356.064745
6781.390000
6781.390000
6781.390000
6781.390000
6781.390000
6781.390000
6781.390000
6781.390000
6781.390000
6781.390000
6781.390000
6781.390000
6781.390000
6781.390000
6781.390000
6781.390000
6781.390000
6781.390000
6781.390000
6781.390000
6781.390000
6781.390000
6781.390000
6781.390000
6781.390000
6781.390000
6781.390000
6781.390000
6781.390000
6781.390000
6781.390000
6781.390000
6781.390000
6781.390000
6781.390000
0.000000
0.000000
0.000000
0.000000
0.000000
0.000000
0.000000
0.000000
1288.012434
1172.568272
6781.390000
6781.390000
6781.390000
6781.390000
6781.390000
6781.390000
6781.390000
6781.390000
6781.390000
6781.390000
6781.390000
6781.390000
6781.390000
6781.390000
6781.390000
6781.390000
6781.390000
6781.390000
6781.390000
6781.390000
6781.390000
6781.390000
6781.390000
6781.390000
6781.390000
6781.390000
6781.390000
6781.390000
6781.390000
6781.390000
6781.390000
6781.390000
6781.390000
6781.390000
6781.390000
6781.390000
6781.390000
6781.390000
6781.390000
6781.390000
2359.288680
4204.897513
3583.539966
5546.084596
0.000000
1206.013874
4617.845796
4574.743763
6781.390000
6781.390000
6781.390000
6781.390000
6781.390000
6781.390000
6781.390000
6781.390000
6781.390000
6781.390000
6781.390000
6781.390000
6781.390000
6781.390000
6781.390000
6781.390000
6781.390000
6781.390000
6781.390000
6781.390000
6781.390000
6781.390000
6781.390000
6781.390000
6781.390000
6781.390000
6781.390000
6781.390000
6781.390000
6781.390000
6781.390000
6781.390000
6781.390000
6781.390000
6781.390000
6781.390000
6781.390000
6781.390000
6781.390000
6781.390000
6781.390000
6781.390000
6781.390000
6781.390000
6781.390000
6781.390000
6781.390000
6781.390000
6781.390000
6781.390000
6781.390000
6781.390000
6781.390000
6781.390000
6781.390000
6781.390000
6781.390000
6781.390000
6781.390000
6781.390000
6781.390000
6781.390000
6781.390000
6781.390000
6781.390000
6781.390000
6781.390000
6781.390000
6781.390000
6781.390000
6781.390000
6781.390000
6781.390000
6781.390000
6781.390000
6781.390000
6781.390000
6781.390000
6781.390000
6781.390000
6781.390000
6781.390000
6781.390000
6781.390000
6781.390000
6781.390000
6781.390000
6781.390000
6781.390000
6781.390000
6781.390000
6781.390000
6781.390000
6781.390000
6781.390000
6781.390000
6781.390000
6781.390000
6781.390000
6781.390000
6781.390000
6781.390000
6781.390000
6781.390000
6781.390000
6781.390000
6781.390000
6781.390000
6781.390000
6781.390000
6781.390000
6781.390000
6781.390000
6781.390000
6781.390000
6781.390000
6781.390000
6781.390000
6781.390000
6781.390000
6781.390000
6781.390000
6781.390000
6781.390000
6781.390000
6781.390000
6781.390000
6781.390000
6781.390000
6781.390000
6781.390000
6781.390000
6781.390000
6781.390000
6781.390000
6781.390000
6781.390000
6781.390000
6781.390000
6781.390000
6781.390000
6781.390000
6781.390000
6781.390000
6781.390000
6781.390000
6781.390000
6781.390000
6781.390000
6781.390000
6781.390000
6781.390000
6781.390000
6781.390000
6781.390000
6781.390000
6781.390000
6781.390000
6781.390000
6781.390000
6781.390000
6781.390000
6781.390000
6781.390000
6781.390000
6781.390000
6781.390000
6781.390000
6781.390000
6781.390000
6781.390000
6781.390000
6781.390000
6781.390000
6781.390000
6781.390000
6781.390000
6781.390000
6781.390000
6781.390000
6781.390000
6781.390000
6781.390000
6781.390000
6781.390000
6781.390000
6781.390000
6781.390000
6781.390000
6781.390000
6781.390000
6781.390000
6781.390000
6781.390000
6781.390000
6781.390000
6781.390000
6781.390000
6781.390000
6781.390000
6781.390000
6781.390000
6781.390000
6781.390000
6781.390000
6781.390000
6781.390000
6781.390000
6781.390000
6781.390000
6781.390000
6781.390000
6781.390000
6781.390000
6781.390000
6781.390000
6781.390000
6781.390000
6781.390000
6781.390000
6781.390000
6781.390000
6781.390000
6781.390000
6781.390000
6781.390000
6781.390000
6781.390000
6781.390000
6781.390000
6781.390000
6781.390000
6781.390000
6781.390000
6781.390000
6781.390000
6781.390000
6781.390000
6781.390000
6781.390000
6781.390000
6781.390000
6781.390000
6781.390000
6781.390000
6781.390000
6781.390000
6781.390000
6781.390000
6781.390000
6781.390000
6781.390000
6781.390000
6781.390000
6781.390000
6781.390000
6781.390000
6781.390000
6781.390000
6781.390000
6781.390000
6781.390000
6781.390000
6781.390000
6781.390000
6781.390000
6781.390000
6781.390000
6781.390000
6781.390000
6781.390000
6781.390000
6781.390000
6781.390000
6781.390000
6781.390000
6781.390000
6781.390000
6781.390000
6781.390000
6781.390000
6781.390000
6781.390000
6781.390000
6781.390000
6781.390000
6781.390000
6781.390000
6781.390000
6781.390000
6781.390000
6781.390000
6781.390000
6781.390000
6781.390000
6781.390000
6781.390000
6781.390000
6781.390000
6781.390000
6781.390000
6781.390000
6781.390000
6781.390000
6781.390000
6781.390000
6781.390000
6781.390000
6781.390000
6781.390000
6781.390000
6781.390000
6781.390000
6781.390000
6781.390000
6781.390000
6781.390000
6781.390000
6781.390000
6781.390000
6781.390000
6781.390000
6781.390000
6781.390000
6781.390000
6781.390000
6781.390000
6781.390000
6781.390000
6781.390000
6781.390000
6781.390000
6781.390000
6781.390000
6781.390000
6781.390000
6781.390000
6781.390000
6781.390000
6781.390000
6781.390000
6781.390000
6781.390000
6781.390000
6781.390000
6781.390000
6781.390000
6781.390000
6781.390000
6781.390000
6781.390000
6781.390000
6781.390000
6781.390000
6781.390000
6781.390000
6781.390000
6781.390000
6781.390000
6781.390000
6781.390000
6781.390000
6781.390000
6781.390000
6781.390000
6781.390000
6781.390000
6781.390000
6781.390000
6781.390000
6781.390000
6781.390000
6781.390000
6781.390000
6781.390000
6781.390000
6781.390000
6781.390000
6781.390000
6781.390000
6781.390000
6781.390000
6781.390000
6781.390000
6781.390000
6781.390000
6781.390000
6781.390000
6781.390000
6781.390000
6781.390000
6781.390000
6781.390000
6781.390000
6781.390000
6781.390000
6781.390000
6781.390000
6781.390000
6781.390000
6781.390000
6781.390000
6781.390000
6781.390000
6781.390000
6781.390000
6781.390000
6781.390000
6781.390000
6781.390000
6781.390000
6781.390000
6781.390000
6781.390000
6781.390000
6781.390000
6781.390000
6781.390000
6781.390000
6781.390000
6781.390000
6781.390000
6781.390000
6781.390000
6781.390000
6781.390000
6781.390000
6781.390000
6781.390000
6781.390000
6781.390000
6781.390000
6781.390000
6781.390000
6781.390000
6781.390000
6781.390000
6781.390000
6781.390000
6781.390000
6781.390000
6781.390000
6781.390000
6781.390000
6781.390000
6781.390000
6781.390000
6781.390000
6781.390000
6781.390000
6781.390000
6781.390000
6781.390000
6781.390000
6781.390000
6781.390000
6781.390000
6781.390000
6781.390000
6781.390000
6781.390000
6781.390000
6781.390000
6781.390000
6781.390000
6781.390000
6781.390000
6781.390000
6781.390000
6781.390000
6781.390000
6781.390000
6781.390000
6781.390000
6781.390000
6781.390000
6781.390000
6781.390000
6781.390000
6781.390000
6781.390000
6781.390000
6781.390000
6781.390000
6781.390000
6781.390000
6781.390000
6781.390000
6781.390000
6781.390000
6781.390000
6781.390000
6781.390000
6781.390000
6781.390000
6781.390000
6781.390000
6781.390000
6781.390000
6781.390000
6781.390000
6781.390000
6781.390000
6781.390000
6781.390000
6781.390000
6781.390000
6781.390000
6781.390000
6781.390000
6781.390000
6781.390000
6781.390000
6781.390000
6781.390000
6781.390000
6781.390000
6781.390000
6781.390000
6781.390000
6781.390000
6781.390000
6781.390000
6781.390000
6781.390000
6781.390000
6781.390000
6781.390000
6781.390000
6781.390000
6781.390000
6781.390000
6781.390000
6781.390000
6781.390000
6781.390000
6781.390000
6781.390000
6781.390000
6781.390000
6781.390000
6781.390000
6781.390000
6781.390000
6781.390000
6781.390000
6781.390000
6781.390000
6781.390000
6781.390000
6781.390000
6781.390000
6781.390000
6781.390000
6781.390000
6781.390000
6781.390000
6781.390000
6781.390000
6781.390000
6781.390000
6781.390000
6781.390000
6781.390000
6781.390000
6781.390000
6781.390000
6781.390000
6781.390000
6781.390000
6781.390000
6781.390000
6781.390000
6781.390000
6781.390000
6781.390000
6781.390000
6781.390000
6781.390000
6781.390000
6781.390000
6781.390000
6781.390000
6781.390000
6781.390000
6781.390000
6781.390000
6781.390000
6781.390000
6781.390000
6781.390000
6781.390000
6781.390000
6781.390000
6781.390000
6781.390000
6781.390000
6781.390000
6781.390000
6781.390000
6781.390000
6781.390000
6781.390000
6781.390000
6781.390000
6781.390000
6781.390000
6781.390000
6781.390000
6781.390000
6781.390000
6781.390000
6781.390000
6781.390000
6781.390000
6781.390000
6781.390000
6781.390000
6781.390000
6781.390000
6781.390000
6781.390000
6781.390000
6781.390000
6781.390000
6781.390000
6781.390000
6781.390000
6781.390000
6781.390000
6781.390000
6781.390000
6781.390000
6781.390000
6781.390000
6781.390000
6781.390000
6781.390000
6781.390000
6781.390000
6781.390000
6781.390000
6781.390000
6781.390000
6781.390000
6781.390000
6781.390000
6781.390000
6781.390000
6781.390000
6781.390000
6781.390000
6781.390000
6781.390000
6781.390000
6781.390000
6781.390000
6781.390000
6781.390000
6781.390000
6781.390000
6781.390000
6781.390000
6781.390000
0.000000
1320.805588
6781.390000
6781.390000
6781.390000
6781.390000
6781.390000
6781.390000
6781.390000
6781.390000
6781.390000
6781.390000
6781.390000
6781.390000
6781.390000
6781.390000
6781.390000
6781.390000
6781.390000
6781.390000
6781.390000
6781.390000
6781.390000
6781.390000
6781.390000
6781.390000
6781.390000
6781.390000
6781.390000
6781.390000
6781.390000
6781.390000
6781.390000
6781.390000
6781.390000
6781.390000
6781.390000
6781.390000
6781.390000
6781.390000
6781.390000
6781.390000
6781.390000
6781.390000
6781.390000
6781.390000
6781.390000
6781.390000
6781.390000
6781.390000
6781.390000
6781.390000
6781.390000
6781.390000
5799.441197
6541.451293
6781.390000
6781.390000
6781.390000
6781.390000
6781.390000
6781.390000
6781.390000
6781.390000
6781.390000
6781.390000
6781.390000
6781.390000
6781.390000
6781.390000
6781.390000
6781.390000
6781.390000
6781.390000
6781.390000
6781.390000
6781.390000
6781.390000
6781.390000
6781.390000
6781.390000
6781.390000
6781.390000
6781.390000
6781.390000
6781.390000
6781.390000
6781.390000
6781.390000
6781.390000
6781.390000
6781.390000
6781.390000
6781.390000
6781.390000
6781.390000
6781.390000
6781.390000
6781.390000
6781.390000
6781.390000
6781.390000
6781.390000
6781.390000
6781.390000
6781.390000
6781.390000
6781.390000
6781.390000
6781.390000
6781.390000
6781.390000
6781.390000
6781.390000
6781.390000
6781.390000
6781.390000
6781.390000
6781.390000
6781.390000
6781.390000
6781.390000
6781.390000
6781.390000
6781.390000
6781.390000
6781.390000
6781.390000
6781.390000
6781.390000
6781.390000
6781.390000
6781.390000
6781.390000
6781.390000
6781.390000
6781.390000
6781.390000
6781.390000
6781.390000
6781.390000
6781.390000
6781.390000
6781.390000
6781.390000
6781.390000
6781.390000
6781.390000
6781.390000
6781.390000
6781.390000
6781.390000
6781.390000
6781.390000
6781.390000
6781.390000
6781.390000
6781.390000
6781.390000
6781.390000
6781.390000
6781.390000
6781.390000
6781.390000
6781.390000
6781.390000
6781.390000
6781.390000
6781.390000
6781.390000
6781.390000
6781.390000
6781.390000
6781.390000
6781.390000
6781.390000
6781.390000
6781.390000
6781.390000
6781.390000
6781.390000
6781.390000
6781.390000
6781.390000
6781.390000
6781.390000
6781.390000
6781.390000
6781.390000
6781.390000
6781.390000
6781.390000
6781.390000
6781.390000
6781.390000
6781.390000
6781.390000
6781.390000
6781.390000
6781.390000
6781.390000
6781.390000
6781.390000
6781.390000
6781.390000
6781.390000
6781.390000
6781.390000
6781.390000
6781.390000
6781.390000
6781.390000
6781.390000
6781.390000
6781.390000
6781.390000
6781.390000
6781.390000
6781.390000
6781.390000
6781.390000
6781.390000
6781.390000
6781.390000
6781.390000
6781.390000
6781.390000
6781.390000
6781.390000
6781.390000
6781.390000
6781.390000
6781.390000
6781.390000
6781.390000
6781.390000
6781.390000
6781.390000
6781.390000
6781.390000
6781.390000
6781.390000
6781.390000
6781.390000
6547.401991
5502.705549
6781.390000
6781.390000
6781.390000
6781.390000
6781.390000
6781.390000
6781.390000
6781.390000
6781.390000
6781.390000
6781.390000
6781.390000
6781.390000
6781.390000
6781.390000
6781.390000
6781.390000
6781.390000
6781.390000
6781.390000
6781.390000
6781.390000
6781.390000
6781.390000
6781.390000
6781.390000
6781.390000
6781.390000
6781.390000
6781.390000
6781.390000
6781.390000
6781.390000
6781.390000
6781.390000
6781.390000
6781.390000
6781.390000
6781.390000
6781.390000
6781.390000
6781.390000
751.399185
2080.870862
2081.126454
4274.936012
0.000000
0.000000
0.000000
1708.913784
6781.390000
6781.390000
6781.390000
6781.390000
6781.390000
6781.390000
6781.390000
6781.390000
6781.390000
6781.390000
6781.390000
6781.390000
6781.390000
6781.390000
6781.390000
6781.390000
6781.390000
6781.390000
6781.390000
6781.390000
6781.390000
6781.390000
6781.390000
6781.390000
6781.390000
6781.390000
6781.390000
6781.390000
6781.390000
6781.390000
6781.390000
6781.390000
6781.390000
6781.390000
6781.390000
6781.390000
6781.390000
6781.390000
6781.390000
6781.390000
6781.390000
6781.390000
6781.390000
6781.390000
6781.390000
6781.390000
6781.390000
6781.390000
6781.390000
6781.390000
6781.390000
6781.390000
6781.390000
6781.390000
6781.390000
6781.390000
6781.390000
6781.390000
6781.390000
6781.390000
6781.390000
6781.390000
6781.390000
6781.390000
6781.390000
6781.390000
6781.390000
6781.390000
6781.390000
6781.390000
6781.390000
6781.390000
6781.390000
6781.390000
6781.390000
6781.390000
6781.390000
6781.390000
6781.390000
6781.390000
6781.390000
6781.390000
6781.390000
6781.390000
6781.390000
6781.390000
6781.390000
6781.390000
5945.809426
6781.390000
2967.945827
0.000000
0.000000
0.000000
0.000000
0.000000
5691.691024
6708.515806
861.867681
1169.381644
6781.390000
6781.390000
6781.390000
6781.390000
6781.390000
6781.390000
6781.390000
6781.390000
6781.390000
6781.390000
6781.390000
6781.390000
6781.390000
6781.390000
6781.390000
6781.390000
6781.390000
6781.390000
6781.390000
6781.390000
6781.390000
6781.390000
6781.390000
6781.390000
6781.390000
6781.390000
6781.390000
6781.390000
6781.390000
6781.390000
6781.390000
6781.390000
6781.390000
6781.390000
6781.390000
6781.390000
5868.790372
6781.390000
6781.390000
6781.390000
6781.390000
6781.390000
6781.390000
6781.390000
6781.390000
6781.390000
6781.390000
6781.390000
6781.390000
6781.390000
6781.390000
6781.390000
6781.390000
6781.390000
6781.390000
6781.390000
6781.390000
6781.390000
6781.390000
6781.390000
6781.390000
6781.390000
6781.390000
6781.390000
6781.390000
6781.390000
6781.390000
6781.390000
6781.390000
6781.390000
6781.390000
6781.390000
6781.390000
6781.390000
6781.390000
6781.390000
6781.390000
6781.390000
6781.390000
6781.390000
6781.390000
6781.390000
6781.390000
6781.390000
6781.390000
6781.390000
6781.390000
6781.390000
6781.390000
6781.390000
6781.390000
6781.390000
6781.390000
6781.390000
6781.390000
6781.390000
6781.390000
6781.390000
6781.390000
6781.390000
6781.390000
6781.390000
6781.390000
6781.390000
6781.390000
6781.390000
6781.390000
6781.390000
6781.390000
6781.390000
6781.390000
6781.390000
6781.390000
6781.390000
6781.390000
6781.390000
6781.390000
6781.390000
6781.390000
6781.390000
6781.390000
6781.390000
6781.390000
6781.390000
6781.390000
6781.390000
6781.390000
6781.390000
6781.390000
6781.390000
6781.390000
6781.390000
6781.390000
6781.390000
6781.390000
6781.390000
6781.390000
6781.390000
6781.390000
6781.390000
6781.390000
6781.390000
6781.390000
6781.390000
6781.390000
6781.390000
6781.390000
6781.390000
6781.390000
6781.390000
6781.390000
6781.390000
6781.390000
6781.390000
6781.390000
6781.390000
6781.390000
6781.390000
6781.390000
6781.390000
6781.390000
6781.390000
6781.390000
6781.390000
6781.390000
6781.390000
6781.390000
6781.390000
6781.390000
6781.390000
6781.390000
6781.390000
6781.390000
6781.390000
6781.390000
6781.390000
6781.390000
6781.390000
6781.390000
6781.390000
1518.628594
2371.283116
0.000000
1353.162987
0.000000
0.000000
0.000000
0.000000
0.000000
0.000000
0.000000
0.000000
0.000000
6781.390000
6781.390000
6781.390000
6781.390000
6781.390000
6781.390000
6781.390000
6781.390000
6781.390000
6781.390000
6781.390000
6781.390000
6781.390000
6781.390000
6781.390000
6781.390000
6781.390000
6781.390000
6781.390000
6781.390000
6781.390000
6781.390000
6781.390000
6781.390000
6781.390000
6781.390000
6781.390000
6781.390000
6781.390000
6781.390000
6781.390000
6781.390000
6781.390000
6781.390000
6781.390000
2338.601248
3448.699870
3306.506292
4977.214872
6781.390000
6781.390000
6781.390000
6781.390000
6781.390000
6781.390000
6781.390000
6781.390000
6781.390000
0.000000
5189.245545
5589.748237
6781.390000
6781.390000
6781.390000
6781.390000
6781.390000
6781.390000
6781.390000
6781.390000
6781.390000
6781.390000
6781.390000
6781.390000
6781.390000
6781.390000
6781.390000
6781.390000
6781.390000
6781.390000
6781.390000
6781.390000
6781.390000
6781.390000
6781.390000
6781.390000
6781.390000
6781.390000
6781.390000
6781.390000
6781.390000
6781.390000
6781.390000
6781.390000
6235.330239
6781.390000
3079.845556
4762.597849
0.000000
0.000000
0.000000
0.000000
0.000000
0.000000
0.000000
0.000000
0.000000
2386.876611
6781.390000
6781.390000
6781.390000
6781.390000
6781.390000
6781.390000
6781.390000
6781.390000
6781.390000
6781.390000
6781.390000
6781.390000
6781.390000
6781.390000
6781.390000
6781.390000
6781.390000
6781.390000
6781.390000
6781.390000
6781.390000
6781.390000
6781.390000
6781.390000
6781.390000
6781.390000
6781.390000
6781.390000
6781.390000
6781.390000
6781.390000
6781.390000
6781.390000
6781.390000
4559.993403
5583.483935
2800.458137
4426.577248
6781.390000
6781.390000
6781.390000
6781.390000
6781.390000
729.199666
0.000000
0.000000
0.000000
0.000000
0.000000
0.000000
6781.390000
6781.390000
6781.390000
6781.390000
6781.390000
6781.390000
6781.390000
6781.390000
6781.390000
6781.390000
6781.390000
6781.390000
6781.390000
6781.390000
6781.390000
6781.390000
6781.390000
6781.390000
6781.390000
6781.390000
6781.390000
6781.390000
6781.390000
6781.390000
6781.390000
6781.390000
6781.390000
6781.390000
6781.390000
6781.390000
6781.390000
6781.390000
6781.390000
6781.390000
0.000000
0.000000
0.000000
0.000000
0.000000
0.000000
0.000000
0.000000
0.000000
0.000000
0.000000
3726.221620
6781.390000
6781.390000
6781.390000
6781.390000
6781.390000
6781.390000
6781.390000
6781.390000
6781.390000
6781.390000
6781.390000
6781.390000
6781.390000
6781.390000
6781.390000
6781.390000
6781.390000
6781.390000
6781.390000
6781.390000
6781.390000
6781.390000
6781.390000
6781.390000
6781.390000
6781.390000
6781.390000
6781.390000
6781.390000
6781.390000
6781.390000
6781.390000
6781.390000
6781.390000
6781.390000
6781.390000
0.000000
0.000000
0.000000
0.000000
1366.306099
1812.202605
507.133942
1566.085185
3898.125841
4668.396348
6781.390000
318.350195
6781.390000
6781.390000
6781.390000
6781.390000
6781.390000
6781.390000
6781.390000
6781.390000
6781.390000
6781.390000
6781.390000
6781.390000
6781.390000
6781.390000
6781.390000
6781.390000
6781.390000
6781.390000
6781.390000
6781.390000
6781.390000
6781.390000
6781.390000
6781.390000
6781.390000
6781.390000
6781.390000
6781.390000
6781.390000
6781.390000
6781.390000
6781.390000
6781.390000
4220.483407
0.000000
0.000000
0.000000
0.000000
0.000000
0.000000
0.000000
0.000000
0.000000
0.000000
0.000000
0.000000
4445.326290
6781.390000
6781.390000
6781.390000
6781.390000
6781.390000
6781.390000
6781.390000
6781.390000
6781.390000
6781.390000
6781.390000
6781.390000
6781.390000
6781.390000
6781.390000
6781.390000
6781.390000
6781.390000
6781.390000
6781.390000
6781.390000
6781.390000
6781.390000
6781.390000
6781.390000
6781.390000
6781.390000
6781.390000
6781.390000
6781.390000
6781.390000
6781.390000
6781.390000
6781.390000
6781.390000
6781.390000
6781.390000
6781.390000
6781.390000
0.000000
0.000000
6781.390000
6781.390000
4724.198478
5705.295286
6781.390000
6781.390000
6781.390000
6781.390000
6781.390000
6781.390000
6781.390000
6781.390000
6781.390000
6781.390000
6781.390000
6781.390000
6781.390000
6781.390000
6781.390000
6781.390000
6781.390000
6781.390000
6781.390000
6781.390000
6781.390000
6781.390000
6781.390000
6781.390000
6781.390000
6781.390000
6781.390000
6781.390000
6781.390000
6781.390000
6781.390000
6781.390000
6781.390000
6781.390000
6781.390000
6781.390000
6781.390000
6781.390000
6781.390000
6781.390000
6781.390000
6781.390000
6781.390000
6781.390000
6781.390000
6781.390000
6781.390000
6508.464930
6781.390000
6781.390000
6781.390000
6781.390000
6781.390000
6781.390000
6781.390000
6781.390000
6781.390000
6781.390000
6781.390000
6781.390000
6781.390000
6781.390000
6781.390000
6781.390000
6781.390000
6781.390000
6781.390000
6781.390000
6781.390000
6781.390000
6781.390000
6781.390000
6781.390000
6781.390000
6781.390000
6781.390000
6781.390000
6781.390000
6781.390000
6781.390000
6781.390000
6781.390000
6781.390000
6781.390000
6781.390000
6781.390000
6781.390000
6781.390000
6781.390000
6781.390000
6781.390000
6781.390000
6781.390000
6781.390000
6781.390000
6781.390000
6781.390000
6781.390000
6781.390000
6781.390000
6781.390000
6781.390000
6781.390000
6781.390000
6781.390000
6781.390000
6781.390000
6781.390000
6781.390000
6781.390000
6781.390000
6781.390000
6781.390000
6781.390000
6781.390000
6781.390000
6781.390000
6781.390000
6781.390000
6781.390000
6781.390000
6781.390000
6781.390000
6781.390000
6781.390000
6781.390000
6781.390000
6781.390000
6781.390000
6781.390000
6781.390000
6781.390000
6781.390000
6781.390000
4465.645427
6781.390000
6781.390000
6781.390000
0.000000
0.000000
0.000000
0.000000
0.000000
0.000000
0.000000
537.829413
6781.390000
6781.390000
6781.390000
6781.390000
6781.390000
6781.390000
6781.390000
6781.390000
6781.390000
6781.390000
6781.390000
6781.390000
6781.390000
6781.390000
6781.390000
6781.390000
6781.390000
6781.390000
6781.390000
6781.390000
6781.390000
6781.390000
6781.390000
6781.390000
6781.390000
6781.390000
6781.390000
6781.390000
6781.390000
6781.390000
6781.390000
6781.390000
6781.390000
6781.390000
6781.390000
6781.390000
6781.390000
6781.390000
6781.390000
6781.390000
6781.390000
6781.390000
6781.390000
6781.390000
6781.390000
6781.390000
6781.390000
6781.390000
6781.390000
6781.390000
6781.390000
6781.390000
6781.390000
6781.390000
6781.390000
6781.390000
6781.390000
6781.390000
6781.390000
6781.390000
6781.390000
6781.390000
6781.390000
6781.390000
6781.390000
6781.390000
6781.390000
6781.390000
6781.390000
6781.390000
6781.390000
6781.390000
6781.390000
6781.390000
6781.390000
6781.390000
6781.390000
6781.390000
6781.390000
6781.390000
6781.390000
6781.390000
6781.390000
6781.390000
6781.390000
6781.390000
6781.390000
6781.390000
6781.390000
6781.390000
6781.390000
6781.390000
6781.390000
6781.390000
6781.390000
6781.390000
6781.390000
6781.390000
6781.390000
6781.390000
6781.390000
6781.390000
6781.390000
6781.390000
6781.390000
6781.390000
6781.390000
6781.390000
6781.390000
6781.390000
6781.390000
6781.390000
6781.390000
6781.390000
6781.390000
6781.390000
6781.390000
6781.390000
6781.390000
6781.390000
6781.390000
6781.390000
6781.390000
6781.390000
6781.390000
6781.390000
6781.390000
6781.390000
6781.390000
6781.390000
6781.390000
6781.390000
6781.390000
6781.390000
6781.390000
6781.390000
6781.390000
6781.390000
6781.390000
6781.390000
6781.390000
6781.390000
6781.390000
6781.390000
6781.390000
6781.390000
6781.390000
6781.390000
6781.390000
6781.390000
6781.390000
6781.390000
6781.390000
6781.390000
6781.390000
6781.390000
6781.390000
6781.390000
6781.390000
6781.390000
6781.390000
6781.390000
6781.390000
6781.390000
6781.390000
6781.390000
6781.390000
6781.390000
6781.390000
6781.390000
6781.390000
6781.390000
6781.390000
6781.390000
6781.390000
6781.390000
6781.390000
6781.390000
6781.390000
6781.390000
6781.390000
6781.390000
6781.390000
6781.390000
6781.390000
6781.390000
6781.390000
6781.390000
6781.390000
6781.390000
6781.390000
6781.390000
6781.390000
6781.390000
6781.390000
6781.390000
6781.390000
6781.390000
6781.390000
6781.390000
6781.390000
6781.390000
6781.390000
6781.390000
6781.390000
6781.390000
6781.390000
6781.390000
6781.390000
6781.390000
6781.390000
6781.390000
6781.390000
6781.390000
6781.390000
6781.390000
6781.390000
6781.390000
6781.390000
6781.390000
6781.390000
6781.390000
6781.390000
6781.390000
6781.390000
6781.390000
6781.390000
6781.390000
4185.978073
5727.247762
2687.168522
4619.676798
0.000000
0.000000
6781.390000
6781.390000
6781.390000
6781.390000
6781.390000
6781.390000
6781.390000
6781.390000
6781.390000
6781.390000
6781.390000
6781.390000
6781.390000
6781.390000
6781.390000
6781.390000
6781.390000
6781.390000
6781.390000
6781.390000
6781.390000
6781.390000
6781.390000
6781.390000
6781.390000
6781.390000
6781.390000
6781.390000
6781.390000
6781.390000
6781.390000
6781.390000
6781.390000
6781.390000
6781.390000
6781.390000
6781.390000
6781.390000
6781.390000
6781.390000
6781.390000
6781.390000
0.000000
1251.165920
0.000000
0.000000
3992.200469
5427.833538
6781.390000
6781.390000
6781.390000
6781.390000
6781.390000
6781.390000
6781.390000
6781.390000
6781.390000
6781.390000
6781.390000
6781.390000
6781.390000
6781.390000
6781.390000
6781.390000
6781.390000
6781.390000
6781.390000
6781.390000
6781.390000
6781.390000
6781.390000
6781.390000
6781.390000
6781.390000
6781.390000
6781.390000
6781.390000
6781.390000
6781.390000
6781.390000
6781.390000
6781.390000
6781.390000
6781.390000
6781.390000
6781.390000
6781.390000
6781.390000
6781.390000
6781.390000
0.000000
0.000000
0.000000
0.000000
914.099611
56.217020
0.000000
0.000000
4524.248054
4907.024703
6093.881793
6781.390000
6781.390000
6781.390000
6781.390000
6781.390000
6781.390000
6781.390000
6781.390000
6781.390000
6781.390000
6781.390000
6781.390000
6781.390000
6781.390000
6781.390000
6781.390000
6781.390000
6781.390000
6781.390000
6781.390000
6781.390000
6781.390000
6781.390000
6781.390000
6781.390000
6781.390000
6781.390000
6781.390000
6781.390000
6781.390000
6781.390000
6781.390000
6781.390000
6781.390000
6781.390000
6781.390000
6781.390000
6781.390000
6781.390000
6781.390000
6781.390000
6781.390000
6781.390000
6781.390000
6781.390000
6781.390000
6781.390000
6781.390000
6781.390000
6781.390000
6781.390000
6781.390000
6781.390000
6781.390000
6781.390000
6781.390000
6781.390000
6781.390000
6781.390000
6781.390000
6781.390000
6781.390000
6781.390000
6781.390000
6781.390000
6781.390000
6781.390000
6781.390000
6781.390000
6781.390000
6781.390000
6781.390000
6781.390000
6781.390000
6781.390000
6781.390000
6781.390000
6781.390000
6781.390000
6781.390000
6781.390000
6781.390000
6781.390000
6781.390000
6781.390000
6781.390000
6781.390000
6781.390000
6781.390000
6781.390000
6781.390000
6781.390000
6781.390000
6781.390000
6781.390000
6781.390000
6781.390000
6781.390000
6781.390000
6781.390000
6781.390000
6781.390000
6781.390000
6781.390000
6781.390000
6781.390000
6781.390000
6781.390000
6781.390000
6781.390000
6781.390000
6781.390000
6781.390000
6781.390000
6781.390000
6781.390000
6781.390000
6781.390000
6781.390000
6781.390000
6781.390000
6781.390000
6781.390000
6781.390000
6781.390000
6781.390000
6781.390000
6781.390000
6781.390000
6781.390000
6781.390000
6781.390000
6781.390000
6781.390000
6781.390000
6781.390000
6781.390000
6781.390000
6781.390000
6781.390000
6781.390000
6781.390000
6781.390000
6781.390000
6781.390000
6781.390000
6781.390000
6781.390000
6781.390000
6781.390000
6781.390000
6781.390000
6781.390000
6781.390000
6781.390000
6781.390000
6781.390000
6781.390000
6781.390000
6781.390000
6781.390000
6781.390000
6781.390000
6781.390000
6781.390000
6781.390000
6781.390000
6781.390000
6781.390000
6781.390000
6781.390000
6781.390000
6781.390000
6781.390000
6781.390000
6781.390000
6781.390000
6781.390000
6781.390000
6781.390000
6781.390000
6781.390000
6781.390000
6781.390000
4957.565896
0.000000
0.000000
0.000000
0.000000
0.000000
320.339372
6781.390000
6781.390000
6781.390000
6781.390000
6781.390000
6781.390000
6781.390000
6781.390000
6781.390000
6781.390000
6781.390000
6781.390000
6781.390000
6781.390000
6781.390000
6781.390000
6781.390000
6781.390000
6781.390000
6781.390000
6781.390000
6781.390000
6781.390000
6781.390000
6781.390000
6781.390000
6781.390000
6781.390000
6781.390000
6781.390000
6781.390000
6781.390000
6781.390000
6781.390000
6781.390000
6781.390000
6781.390000
6781.390000
0.000000
0.000000
0.000000
295.171515
0.000000
0.000000
6781.390000
6781.390000
6781.390000
6781.390000
670.124759
616.380782
6781.390000
6781.390000
6781.390000
6781.390000
6781.390000
6781.390000
6781.390000
6781.390000
6781.390000
6781.390000
6781.390000
6781.390000
6781.390000
6781.390000
6781.390000
6781.390000
6781.390000
6781.390000
6781.390000
6781.390000
6781.390000
6781.390000
6781.390000
6781.390000
6781.390000
6781.390000
6781.390000
6781.390000
6781.390000
6781.390000
6781.390000
6781.390000
6781.390000
6781.390000
6781.390000
6781.390000
0.000000
954.606675
3483.524594
5208.880727
6781.390000
6781.390000
6781.390000
6781.390000
6781.390000
6781.390000
6781.390000
6781.390000
6781.390000
6781.390000
6781.390000
6781.390000
6781.390000
6781.390000
6781.390000
6781.390000
6781.390000
6781.390000
6781.390000
6781.390000
6781.390000
6781.390000
6781.390000
6781.390000
6781.390000
6781.390000
6781.390000
6781.390000
6781.390000
6781.390000
6781.390000
6781.390000
6781.390000
6781.390000
6781.390000
6781.390000
6781.390000
6781.390000
6781.390000
6781.390000
6781.390000
6781.390000
6781.390000
6781.390000
6781.390000
6781.390000
6781.390000
5259.157190
3742.349170
2232.026513
0.000000
334.444277
3714.512377
4624.877277
6781.390000
6781.390000
6781.390000
6781.390000
6781.390000
6781.390000
6781.390000
6781.390000
6781.390000
6781.390000
6781.390000
6781.390000
6781.390000
6781.390000
6781.390000
6781.390000
6781.390000
6781.390000
6781.390000
6781.390000
6781.390000
6781.390000
6781.390000
6781.390000
6781.390000
6781.390000
6781.390000
6781.390000
6781.390000
6781.390000
6781.390000
6781.390000
6781.390000
6781.390000
6781.390000
6781.390000
6781.390000
6781.390000
6781.390000
6781.390000
4007.310711
0.000000
0.000000
0.000000
0.000000
0.000000
0.000000
686.949786
3549.314827
4428.903862
6781.390000
6781.390000
6781.390000
6781.390000
6781.390000
6781.390000
6781.390000
6781.390000
6781.390000
6781.390000
6781.390000
6781.390000
6781.390000
6781.390000
6781.390000
6781.390000
6781.390000
6781.390000
6781.390000
6781.390000
6781.390000
6781.390000
6781.390000
6781.390000
6781.390000
6781.390000
6781.390000
6781.390000
6781.390000
6781.390000
6781.390000
6781.390000
6781.390000
6781.390000
6781.390000
6781.390000
6781.390000
6781.390000
0.000000
0.000000
0.000000
0.000000
0.000000
0.000000
0.000000
0.000000
6781.390000
6781.390000
6781.390000
6781.390000
6781.390000
6781.390000
6781.390000
6781.390000
6781.390000
6781.390000
6781.390000
6781.390000
6781.390000
6781.390000
6781.390000
6781.390000
6781.390000
6781.390000
6781.390000
6781.390000
6781.390000
6781.390000
6781.390000
6781.390000
6781.390000
6781.390000
6781.390000
6781.390000
6781.390000
6781.390000
6781.390000
6781.390000
6781.390000
6781.390000
6781.390000
6781.390000
6781.390000
6781.390000
0.000000
0.000000
0.000000
0.000000
0.000000
0.000000
0.000000
0.000000
0.000000
0.000000
0.000000
0.000000
0.000000
6781.390000
6781.390000
6781.390000
6781.390000
6781.390000
6781.390000
6781.390000
6781.390000
6781.390000
6781.390000
6781.390000
6781.390000
6781.390000
6781.390000
6781.390000
6781.390000
6781.390000
6781.390000
6781.390000
6781.390000
6781.390000
6781.390000
6781.390000
6781.390000
6781.390000
6781.390000
6781.390000
6781.390000
6781.390000
6781.390000
6781.390000
6781.390000
6781.390000
6781.390000
6781.390000
0.000000
0.000000
0.000000
0.000000
0.000000
0.000000
0.000000
0.000000
0.000000
0.000000
0.000000
0.000000
3471.434169
6410.742061
6781.390000
6781.390000
6781.390000
6781.390000
6781.390000
6781.390000
6781.390000
6781.390000
6781.390000
6781.390000
6781.390000
6781.390000
6781.390000
6781.390000
6781.390000
6781.390000
6781.390000
6781.390000
6781.390000
6781.390000
6781.390000
6781.390000
6781.390000
6781.390000
6781.390000
6781.390000
6781.390000
6781.390000
6781.390000
6781.390000
6781.390000
6781.390000
1317.429847
2129.716056
0.000000
0.000000
0.000000
0.000000
0.000000
0.000000
0.000000
0.000000
0.000000
0.000000
0.000000
0.000000
0.000000
6781.390000
6781.390000
6781.390000
6781.390000
6781.390000
6781.390000
6781.390000
6781.390000
6781.390000
6781.390000
6781.390000
6781.390000
6781.390000
6781.390000
6781.390000
6781.390000
6781.390000
6781.390000
6781.390000
6781.390000
6781.390000
6781.390000
6781.390000
6781.390000
6781.390000
6781.390000
6781.390000
6781.390000
6781.390000
6781.390000
6781.390000
6781.390000
6781.390000
6115.964361
6781.390000
0.000000
0.000000
0.000000
0.000000
0.000000
0.000000
5278.764540
6781.390000
6781.390000
6781.390000
6781.390000
6781.390000
6781.390000
6781.390000
6781.390000
6781.390000
6781.390000
6781.390000
6781.390000
6781.390000
6781.390000
6781.390000
6781.390000
6781.390000
6781.390000
6781.390000
6781.390000
6781.390000
6781.390000
6781.390000
6781.390000
6781.390000
6781.390000
6781.390000
6781.390000
6781.390000
6781.390000
6781.390000
6781.390000
6781.390000
6781.390000
6781.390000
6781.390000
6781.390000
6781.390000
6781.390000
6781.390000
6781.390000
6781.390000
6781.390000
3974.272318
0.000000
0.000000
0.000000
5269.742349
5859.394272
6781.390000
6781.390000
6781.390000
6781.390000
6781.390000
6781.390000
6781.390000
6781.390000
6781.390000
6781.390000
6781.390000
6781.390000
6781.390000
6781.390000
6781.390000
6781.390000
6781.390000
6781.390000
6781.390000
6781.390000
6781.390000
6781.390000
6781.390000
6781.390000
6781.390000
6781.390000
6781.390000
6781.390000
6781.390000
6781.390000
6781.390000
6781.390000
6781.390000
6781.390000
6781.390000
6781.390000
6781.390000
6781.390000
6781.390000
6781.390000
6781.390000
6781.390000
6781.390000
6781.390000
6781.390000
6781.390000
6781.390000
6781.390000
6781.390000
6781.390000
6781.390000
6781.390000
6781.390000
6781.390000
6781.390000
6781.390000
6781.390000
6781.390000
6781.390000
6781.390000
6781.390000
6781.390000
6781.390000
6781.390000
6781.390000
6781.390000
6781.390000
6781.390000
6781.390000
6781.390000
6781.390000
6781.390000
6781.390000
6781.390000
6781.390000
6781.390000
6781.390000
6781.390000
6781.390000
6781.390000
6781.390000
6781.390000
6781.390000
6781.390000
6781.390000
6781.390000
6781.390000
6781.390000
6781.390000
6781.390000
6781.390000
6781.390000
6781.390000
6781.390000
6781.390000
6781.390000
6781.390000
6781.390000
6781.390000
6781.390000
6781.390000
6781.390000
6781.390000
6781.390000
6781.390000
6781.390000
6781.390000
6781.390000
6781.390000
6781.390000
6781.390000
6781.390000
6781.390000
6781.390000
6781.390000
6781.390000
6781.390000
6781.390000
6781.390000
6781.390000
6781.390000
6781.390000
6781.390000
6781.390000
6781.390000
6781.390000
6781.390000
6781.390000
6781.390000
6781.390000
6781.390000
6781.390000
6781.390000
6781.390000
6781.390000
6781.390000
6781.390000
6781.390000
6781.390000
6781.390000
6781.390000
6781.390000
6781.390000
6781.390000
6781.390000
6781.390000
6781.390000
6781.390000
6781.390000
6781.390000
6781.390000
6781.390000
6781.390000
6781.390000
6781.390000
6781.390000
6781.390000
6781.390000
6781.390000
6781.390000
6781.390000
6781.390000
6781.390000
6781.390000
6781.390000
6781.390000
6781.390000
6781.390000
6781.390000
6781.390000
6781.390000
6781.390000
6781.390000
6781.390000
6781.390000
6781.390000
6781.390000
6781.390000
6781.390000
6781.390000
6781.390000
6781.390000
6781.390000
6781.390000
6781.390000
6781.390000
6781.390000
6781.390000
6781.390000
6781.390000
6781.390000
6781.390000
6781.390000
6781.390000
6781.390000
6781.390000
6781.390000
6781.390000
6781.390000
6781.390000
6781.390000
6781.390000
6781.390000
6781.390000
6781.390000
6781.390000
6781.390000
6781.390000
6781.390000
6781.390000
6781.390000
6781.390000
6781.390000
6781.390000
6781.390000
6781.390000
6781.390000
6781.390000
6781.390000
6781.390000
6781.390000
6781.390000
6781.390000
6781.390000
6781.390000
6781.390000
6781.390000
6781.390000
6781.390000
6781.390000
6781.390000
6781.390000
6781.390000
6781.390000
5706.867553
6781.390000
2649.106704
3868.234592
1193.955203
2940.199488
6449.977047
5926.304796
6781.390000
6781.390000
6781.390000
6781.390000
6781.390000
6781.390000
6781.390000
6781.390000
6781.390000
6781.390000
6781.390000
6781.390000
6781.390000
6781.390000
6781.390000
6781.390000
6781.390000
6781.390000
6781.390000
6781.390000
6781.390000
6781.390000
6781.390000
6781.390000
6781.390000
6781.390000
6781.390000
6781.390000
6781.390000
6781.390000
6781.390000
6781.390000
6781.390000
6781.390000
6781.390000
6781.390000
6781.390000
6781.390000
6781.390000
6781.390000
1627.963344
3160.596572
5548.006210
6781.390000
4457.369500
6158.879536
6781.390000
6781.390000
6781.390000
6781.390000
6781.390000
6781.390000
6781.390000
6781.390000
6781.390000
6781.390000
6781.390000
6781.390000
6781.390000
6781.390000
6781.390000
6781.390000
6781.390000
6781.390000
6781.390000
6781.390000
6781.390000
6781.390000
6781.390000
6781.390000
6781.390000
6781.390000
6781.390000
6781.390000
6781.390000
6781.390000
6781.390000
6781.390000
6781.390000
6781.390000
6781.390000
6781.390000
6781.390000
6781.390000
6781.390000
6781.390000
6781.390000
6781.390000
6781.390000
6781.390000
6781.390000
6781.390000
6781.390000
6781.390000
6781.390000
6781.390000
6781.390000
6781.390000
6781.390000
6781.390000
6781.390000
6781.390000
6781.390000
6781.390000
6781.390000
6781.390000
6781.390000
6781.390000
6781.390000
6781.390000
6781.390000
6781.390000
6781.390000
6781.390000
6781.390000
6781.390000
6781.390000
6781.390000
6781.390000
6781.390000
6781.390000
6781.390000
6781.390000
6781.390000
6781.390000
6781.390000
6781.390000
6781.390000
6781.390000
6781.390000
6781.390000
6781.390000
6781.390000
6781.390000
6781.390000
6781.390000
0.000000
0.000000
0.000000
0.000000
0.000000
0.000000
0.000000
0.000000
0.000000
0.000000
0.000000
6781.390000
6781.390000
6781.390000
6781.390000
6781.390000
6781.390000
6781.390000
6781.390000
6781.390000
6781.390000
6781.390000
6781.390000
6781.390000
6781.390000
6781.390000
6781.390000
6781.390000
6781.390000
6781.390000
6781.390000
6781.390000
6781.390000
6781.390000
6781.390000
6781.390000
6781.390000
6781.390000
6781.390000
6781.390000
6781.390000
6781.390000
6781.390000
6781.390000
6781.390000
6781.390000
6781.390000
6781.390000
6781.390000
6781.390000
6781.390000
6781.390000
6781.390000
6781.390000
6781.390000
6781.390000
6781.390000
6781.390000
6781.390000
6781.390000
6781.390000
6781.390000
6781.390000
6781.390000
6781.390000
6781.390000
6781.390000
6781.390000
6781.390000
6781.390000
6781.390000
6781.390000
6781.390000
6781.390000
6781.390000
6781.390000
6781.390000
6781.390000
6781.390000
6781.390000
6781.390000
6781.390000
6781.390000
6781.390000
6781.390000
6781.390000
6781.390000
6781.390000
6781.390000
6781.390000
6781.390000
6781.390000
6781.390000
6781.390000
6781.390000
6781.390000
6781.390000
6781.390000
6781.390000
6781.390000
6781.390000
6781.390000
6781.390000
6781.390000
6781.390000
6781.390000
6781.390000
6781.390000
6781.390000
6781.390000
6781.390000
6781.390000
6781.390000
6781.390000
6781.390000
6781.390000
6781.390000
6781.390000
6781.390000
6781.390000
6781.390000
6781.390000
6781.390000
6781.390000
6781.390000
6781.390000
6781.390000
6781.390000
6781.390000
6781.390000
6781.390000
6781.390000
6781.390000
6781.390000
6781.390000
6781.390000
6781.390000
6781.390000
6781.390000
6781.390000
6781.390000
6781.390000
6781.390000
6781.390000
6781.390000
6781.390000
6781.390000
6781.390000
6781.390000
6781.390000
6781.390000
6781.390000
6781.390000
6781.390000
6781.390000
6781.390000
6781.390000
6781.390000
6781.390000
6781.390000
6781.390000
6781.390000
6781.390000
6781.390000
6781.390000
6781.390000
6781.390000
6781.390000
6781.390000
6781.390000
6781.390000
6781.390000
6781.390000
6781.390000
6781.390000
6781.390000
6781.390000
6781.390000
6781.390000
6781.390000
6781.390000
6781.390000
6781.390000
6781.390000
6781.390000
6781.390000
6781.390000
6781.390000
6781.390000
6781.390000
6781.390000
6781.390000
6781.390000
6781.390000
6781.390000
6781.390000
6781.390000
6781.390000
6781.390000
6781.390000
6781.390000
6781.390000
6781.390000
6781.390000
6781.390000
6781.390000
6781.390000
6781.390000
6781.390000
6781.390000
6781.390000
6781.390000
6781.390000
6781.390000
6781.390000
6781.390000
6781.390000
6781.390000
6781.390000
6781.390000
6781.390000
6781.390000
6781.390000
6781.390000
6781.390000
6781.390000
6781.390000
6781.390000
6781.390000
6781.390000
6781.390000
6781.390000
6781.390000
6781.390000
6781.390000
6781.390000
6781.390000
6781.390000
6781.390000
6781.390000
6781.390000
6781.390000
6781.390000
6781.390000
6781.390000
6781.390000
6781.390000
6781.390000
6781.390000
6781.390000
6781.390000
6781.390000
6781.390000
6781.390000
6781.390000
6781.390000
6781.390000
6781.390000
6781.390000
6781.390000
6781.390000
6781.390000
6781.390000
6781.390000
6781.390000
6781.390000
6781.390000
6781.390000
6781.390000
6781.390000
6781.390000
6781.390000
6781.390000
6781.390000
6781.390000
6781.390000
6781.390000
6781.390000
6781.390000
6781.390000
6781.390000
6781.390000
6781.390000
6781.390000
6781.390000
6781.390000
6781.390000
6781.390000
6781.390000
6781.390000
6781.390000
6781.390000
6781.390000
6781.390000
6781.390000
6781.390000
6781.390000
6781.390000
6781.390000
6781.390000
6781.390000
6781.390000
6781.390000
6781.390000
6781.390000
6781.390000
6781.390000
6781.390000
6781.390000
6781.390000
6781.390000
6781.390000
6781.390000
6781.390000
6781.390000
6781.390000
6781.390000
6781.390000
6781.390000
6781.390000
6781.390000
6781.390000
6781.390000
6781.390000
6781.390000
6781.390000
6781.390000
6781.390000
6781.390000
6781.390000
6781.390000
6781.390000
6781.390000
6781.390000
6781.390000
6781.390000
6781.390000
6781.390000
6781.390000
6781.390000
6781.390000
6781.390000
6781.390000
6781.390000
6781.390000
6781.390000
6781.390000
6781.390000
6781.390000
6781.390000
6781.390000
6781.390000
6781.390000
6781.390000
6781.390000
6781.390000
6781.390000
6781.390000
6781.390000
6781.390000
6781.390000
6781.390000
6781.390000
6781.390000
6781.390000
6781.390000
6781.390000
6781.390000
6781.390000
6781.390000
6781.390000
6781.390000
6781.390000
6781.390000
6781.390000
6781.390000
6781.390000
6781.390000
6781.390000
6781.390000
6781.390000
6781.390000
6781.390000
6781.390000
6781.390000
6781.390000
6781.390000
6781.390000
6781.390000
6781.390000
6781.390000
6781.390000
6781.390000
6781.390000
6781.390000
6781.390000
6781.390000
6781.390000
6781.390000
6781.390000
6781.390000
6781.390000
6781.390000
6781.390000
6781.390000
6781.390000
6781.390000
6781.390000
6781.390000
6781.390000
6781.390000
6781.390000
6781.390000
6781.390000
6781.390000
6781.390000
6781.390000
6781.390000
6781.390000
6781.390000
6781.390000
6781.390000
6781.390000
6781.390000
6781.390000
6781.390000
6781.390000
6781.390000
6781.390000
6781.390000
6781.390000
6781.390000
6781.390000
6781.390000
6781.390000
6781.390000
6781.390000
6781.390000
6781.390000
6781.390000
6781.390000
6781.390000
6781.390000
6781.390000
6781.390000
6781.390000
6781.390000
6781.390000
6781.390000
6781.390000
6781.390000
6781.390000
6781.390000
6781.390000
6781.390000
6781.390000
6781.390000
6781.390000
6781.390000
6781.390000
6781.390000
6781.390000
6781.390000
6781.390000
6781.390000
6781.390000
6781.390000
6781.390000
6781.390000
6781.390000
6781.390000
6781.390000
6781.390000
6781.390000
6781.390000
6781.390000
6781.390000
6781.390000
6781.390000
6781.390000
6781.390000
6781.390000
6781.390000
6781.390000
6781.390000
6781.390000
6781.390000
6781.390000
6781.390000
6781.390000
6781.390000
6781.390000
6781.390000
6781.390000
6781.390000
6781.390000
6781.390000
6781.390000
6781.390000
6781.390000
6781.390000
6781.390000
6781.390000
6781.390000
6781.390000
6781.390000
6781.390000
6781.390000
6781.390000
6781.390000
6781.390000
6781.390000
6781.390000
6781.390000
6781.390000
6781.390000
6781.390000
6781.390000
6781.390000
6781.390000
6781.390000
6781.390000
6781.390000
6781.390000
6781.390000
6781.390000
6781.390000
6781.390000
6781.390000
6781.390000
6781.390000
6781.390000
6781.390000
6781.390000
6781.390000
6781.390000
6781.390000
6781.390000
6781.390000
6781.390000
6781.390000
6781.390000
6781.390000
6781.390000
6781.390000
6781.390000
6781.390000
6781.390000
6781.390000
6781.390000
6781.390000
6781.390000
6781.390000
6781.390000
6781.390000
6781.390000
6781.390000
6781.390000
6781.390000
6781.390000
6781.390000
6781.390000
6781.390000
6781.390000
6781.390000
6781.390000
6781.390000
6781.390000
6781.390000
6781.390000
6781.390000
6781.390000
6781.390000
6781.390000
6781.390000
6781.390000
6781.390000
6781.390000
6781.390000
6781.390000
6781.390000
6781.390000
6781.390000
6781.390000
6781.390000
6781.390000
6781.390000
6781.390000
6781.390000
6781.390000
6781.390000
6781.390000
6781.390000
6781.390000
6781.390000
6781.390000
6781.390000
6781.390000
6781.390000
6781.390000
6781.390000
6781.390000
6781.390000
6781.390000
6781.390000
6781.390000
6781.390000
6781.390000
6781.390000
6781.390000
6781.390000
6781.390000
6781.390000
6781.390000
6781.390000
6781.390000
6781.390000
6781.390000
6781.390000
6781.390000
6781.390000
6781.390000
6781.390000
6781.390000
6781.390000
6781.390000
6781.390000
6781.390000
6781.390000
6781.390000
6781.390000
6781.390000
6781.390000
6781.390000
6781.390000
6781.390000
6781.390000
6781.390000
6781.390000
6781.390000
6781.390000
6781.390000
6781.390000
6781.390000
6781.390000
6781.390000
6781.390000
6781.390000
6781.390000
6781.390000
6781.390000
6781.390000
6781.390000
6781.390000
6781.390000
6781.390000
6781.390000
6781.390000
6781.390000
6781.390000
6781.390000
6781.390000
6781.390000
6781.390000
6781.390000
6781.390000
6781.390000
6781.390000
6781.390000
6781.390000
6781.390000
6781.390000
769.249247
0.000000
0.000000
0.000000
0.000000
0.000000
0.000000
0.000000
181.688238
980.583830
5104.980748
6781.390000
6781.390000
6781.390000
6781.390000
6781.390000
6781.390000
6781.390000
6781.390000
6781.390000
6781.390000
6781.390000
6781.390000
6781.390000
6781.390000
6781.390000
6781.390000
6781.390000
6781.390000
6781.390000
6781.390000
6781.390000
6781.390000
6781.390000
6781.390000
6781.390000
6781.390000
6781.390000
6781.390000
6781.390000
6781.390000
6781.390000
6781.390000
6781.390000
6781.390000
6781.390000
6781.390000
6781.390000
6781.390000
3213.369843
0.000000
0.000000
0.000000
0.000000
440.591154
1309.180462
6781.390000
6781.390000
6781.390000
6781.390000
6781.390000
6781.390000
6781.390000
6781.390000
6781.390000
6781.390000
6781.390000
6781.390000
6781.390000
6781.390000
6781.390000
6781.390000
6781.390000
6781.390000
6781.390000
6781.390000
6781.390000
6781.390000
6781.390000
6781.390000
6781.390000
6781.390000
6781.390000
6781.390000
6781.390000
6781.390000
6781.390000
6781.390000
6781.390000
6781.390000
6781.390000
6781.390000
6781.390000
6781.390000
6781.390000
6781.390000
6781.390000
6781.390000
468.218400
0.000000
0.000000
0.000000
752.522745
1567.961656
6781.390000
6781.390000
6781.390000
6781.390000
6781.390000
6781.390000
6781.390000
6781.390000
6781.390000
6781.390000
6781.390000
6781.390000
6781.390000
6781.390000
6781.390000
6781.390000
6781.390000
6781.390000
6781.390000
6781.390000
6781.390000
6781.390000
6781.390000
6781.390000
6781.390000
6781.390000
6781.390000
6781.390000
6781.390000
6781.390000
6781.390000
6781.390000
6781.390000
6781.390000
6781.390000
6781.390000
6781.390000
6781.390000
6781.390000
6781.390000
6781.390000
6781.390000
6781.390000
6781.390000
6781.390000
6781.390000
6781.390000
6781.390000
6781.390000
6781.390000
6781.390000
6781.390000
6781.390000
6781.390000
6781.390000
6781.390000
6781.390000
6781.390000
6781.390000
6781.390000
6781.390000
6781.390000
6781.390000
6781.390000
6781.390000
6781.390000
6781.390000
6781.390000
6781.390000
6781.390000
6781.390000
6781.390000
6781.390000
6781.390000
6781.390000
6781.390000
6781.390000
6781.390000
6781.390000
6781.390000
6781.390000
6781.390000
6781.390000
6781.390000
6781.390000
6781.390000
6781.390000
6781.390000
6781.390000
6781.390000
6781.390000
6781.390000
6781.390000
6781.390000
6781.390000
6781.390000
6781.390000
6781.390000
6781.390000
6781.390000
6781.390000
6781.390000
6781.390000
6781.390000
6781.390000
6781.390000
6781.390000
6781.390000
6781.390000
6781.390000
6781.390000
6781.390000
6781.390000
6781.390000
6781.390000
6781.390000
6781.390000
6781.390000
6781.390000
6781.390000
6781.390000
6781.390000
6781.390000
6781.390000
6781.390000
6781.390000
6781.390000
6781.390000
6781.390000
6781.390000
6781.390000
6781.390000
6781.390000
6781.390000
4739.071217
6223.980533
0.000000
0.000000
0.000000
0.000000
6268.221279
6781.390000
1558.658253
734.020178
6781.390000
6781.390000
6781.390000
6781.390000
6781.390000
6781.390000
6781.390000
6781.390000
6781.390000
6781.390000
6781.390000
6781.390000
6781.390000
6781.390000
6781.390000
6781.390000
6781.390000
6781.390000
6781.390000
6781.390000
6781.390000
6781.390000
6781.390000
6781.390000
6781.390000
6781.390000
6781.390000
6781.390000
6781.390000
6781.390000
6781.390000
6781.390000
6781.390000
6781.390000
6781.390000
6781.390000
6781.390000
6781.390000
4274.919495
5464.813153
0.000000
0.000000
0.000000
0.000000
0.000000
731.158773
2164.657824
2174.563284
331.907529
553.152506
5740.205928
6781.390000
6781.390000
6781.390000
6781.390000
6781.390000
6781.390000
6781.390000
6781.390000
6781.390000
6781.390000
6781.390000
6781.390000
6781.390000
6781.390000
6781.390000
6781.390000
6781.390000
6781.390000
6781.390000
6781.390000
6781.390000
6781.390000
6781.390000
6781.390000
6781.390000
6781.390000
6781.390000
6781.390000
6781.390000
6781.390000
6781.390000
6781.390000
6781.390000
6781.390000
6781.390000
6781.390000
6781.390000
5691.749905
411.244093
0.000000
0.000000
0.000000
0.000000
0.000000
0.000000
6781.390000
6781.390000
6781.390000
6781.390000
6781.390000
6781.390000
6781.390000
6781.390000
6781.390000
6781.390000
6781.390000
6781.390000
6781.390000
6781.390000
6781.390000
6781.390000
6781.390000
6781.390000
6781.390000
6781.390000
6781.390000
6781.390000
6781.390000
6781.390000
6781.390000
6781.390000
6781.390000
6781.390000
6781.390000
6781.390000
6781.390000
6781.390000
6781.390000
6781.390000
6781.390000
6781.390000
6781.390000
6781.390000
6781.390000
6781.390000
6781.390000
6781.390000
6781.390000
6781.390000
1951.718750
1964.379692
6781.390000
6781.390000
6781.390000
6781.390000
6781.390000
6781.390000
6781.390000
6781.390000
6781.390000
6781.390000
6781.390000
6781.390000
6781.390000
6781.390000
6781.390000
6781.390000
6781.390000
6781.390000
6781.390000
6781.390000
6781.390000
6781.390000
6781.390000
6781.390000
6781.390000
6781.390000
6781.390000
6781.390000
6781.390000
6781.390000
6781.390000
6781.390000
6781.390000
6781.390000
6781.390000
6781.390000
6781.390000
6781.390000
6781.390000
6781.390000
6781.390000
6781.390000
6781.390000
6781.390000
6781.390000
6781.390000
0.000000
0.000000
4812.565791
5461.944554
5484.818419
6166.840055
6781.390000
6781.390000
6781.390000
6781.390000
6781.390000
6781.390000
6781.390000
6781.390000
6781.390000
6781.390000
6781.390000
6781.390000
6781.390000
6781.390000
6781.390000
6781.390000
6781.390000
6781.390000
6781.390000
6781.390000
6781.390000
6781.390000
6781.390000
6781.390000
6781.390000
6781.390000
6781.390000
6781.390000
6781.390000
6781.390000
6781.390000
6781.390000
6781.390000
6781.390000
6781.390000
6781.390000
6781.390000
6781.390000
6781.390000
6781.390000
6781.390000
6781.390000
6781.390000
6781.390000
6781.390000
6781.390000
6781.390000
6781.390000
6781.390000
6781.390000
6781.390000
6781.390000
6781.390000
6781.390000
6781.390000
6781.390000
6781.390000
6781.390000
6781.390000
6781.390000
6781.390000
6781.390000
6781.390000
6781.390000
6781.390000
6781.390000
6781.390000
6781.390000
6781.390000
6781.390000
6781.390000
6781.390000
6781.390000
6781.390000
6781.390000
6781.390000
6781.390000
6781.390000
6781.390000
6781.390000
6781.390000
6781.390000
6781.390000
6781.390000
6781.390000
6781.390000
6781.390000
6781.390000
6781.390000
6781.390000
6781.390000
6781.390000
6781.390000
6781.390000
6781.390000
6781.390000
6781.390000
6781.390000
6781.390000
6781.390000
6781.390000
6781.390000
6781.390000
6781.390000
6781.390000
6781.390000
6781.390000
6781.390000
6781.390000
6781.390000
6781.390000
6781.390000
6781.390000
6781.390000
6781.390000
6781.390000
6781.390000
6781.390000
6781.390000
6781.390000
6781.390000
6781.390000
6781.390000
6781.390000
6781.390000
6781.390000
6781.390000
6781.390000
6781.390000
6781.390000
6781.390000
6781.390000
6781.390000
6781.390000
6781.390000
6781.390000
6781.390000
6781.390000
6781.390000
6781.390000
6781.390000
6781.390000
6781.390000
6781.390000
6781.390000
6781.390000
6781.390000
6781.390000
6781.390000
6781.390000
6781.390000
6781.390000
6781.390000
6781.390000
6781.390000
6781.390000
6781.390000
6781.390000
6781.390000
6781.390000
6781.390000
6781.390000
6781.390000
6781.390000
6781.390000
6781.390000
6781.390000
6781.390000
6781.390000
6781.390000
6781.390000
6781.390000
6781.390000
6781.390000
6781.390000
6781.390000
6781.390000
6781.390000
6781.390000
6781.390000
6781.390000
6781.390000
6781.390000
6781.390000
6781.390000
6781.390000
6781.390000
6781.390000
6555.910082
6781.390000
6781.390000
6781.390000
6781.390000
6781.390000
6781.390000
6781.390000
6781.390000
6781.390000
6781.390000
6781.390000
6781.390000
6781.390000
6781.390000
6781.390000
6781.390000
6781.390000
6781.390000
6781.390000
6781.390000
6781.390000
6781.390000
6781.390000
6781.390000
6781.390000
6781.390000
6781.390000
6781.390000
6781.390000
6781.390000
6781.390000
6781.390000
6781.390000
6781.390000
6781.390000
6781.390000
6781.390000
6781.390000
6781.390000
6781.390000
6781.390000
6781.390000
6781.390000
4200.625339
2302.809035
0.000000
0.000000
0.000000
0.000000
0.000000
0.000000
6519.016197
6781.390000
6781.390000
6781.390000
6781.390000
6781.390000
6781.390000
6781.390000
6781.390000
6781.390000
6781.390000
6781.390000
6781.390000
6781.390000
6781.390000
6781.390000
6781.390000
6781.390000
6781.390000
6781.390000
6781.390000
6781.390000
6781.390000
6781.390000
6781.390000
6781.390000
6781.390000
6781.390000
6781.390000
6781.390000
6781.390000
6781.390000
6781.390000
6781.390000
6781.390000
6781.390000
6781.390000
6781.390000
6371.987764
458.182938
0.000000
0.000000
0.000000
0.000000
0.000000
0.000000
0.000000
0.000000
0.000000
0.000000
2012.345358
5653.042798
6781.390000
6781.390000
6781.390000
6781.390000
6781.390000
6781.390000
6781.390000
6781.390000
6781.390000
6781.390000
6781.390000
6781.390000
6781.390000
6781.390000
6781.390000
6781.390000
6781.390000
6781.390000
6781.390000
6781.390000
6781.390000
6781.390000
6781.390000
6781.390000
6781.390000
6781.390000
6781.390000
6781.390000
6781.390000
6781.390000
6781.390000
6781.390000
0.000000
298.903231
0.000000
0.000000
0.000000
0.000000
0.000000
0.000000
0.000000
0.000000
1240.257161
2253.966242
5912.000926
4288.537678
6781.390000
6781.390000
6781.390000
6781.390000
6781.390000
6781.390000
6781.390000
6781.390000
6781.390000
6781.390000
6781.390000
6781.390000
6781.390000
6781.390000
6781.390000
6781.390000
6781.390000
6781.390000
6781.390000
6781.390000
6781.390000
6781.390000
6781.390000
6781.390000
6781.390000
6781.390000
6781.390000
6781.390000
6781.390000
6781.390000
6781.390000
6781.390000
6781.390000
6781.390000
6781.390000
6781.390000
6781.390000
4249.399156
0.000000
0.000000
0.000000
0.000000
0.000000
0.000000
0.000000
0.000000
5312.713256
6781.390000
6781.390000
6781.390000
6781.390000
6781.390000
6781.390000
6781.390000
6781.390000
6781.390000
6781.390000
6781.390000
6781.390000
6781.390000
6781.390000
6781.390000
6781.390000
6781.390000
6781.390000
6781.390000
6781.390000
6781.390000
6781.390000
6781.390000
6781.390000
6781.390000
6781.390000
6781.390000
6781.390000
6781.390000
6781.390000
6781.390000
6781.390000
6781.390000
6781.390000
6781.390000
6781.390000
6781.390000
6781.390000
6781.390000
6781.390000
6781.390000
6781.390000
6781.390000
6781.390000
6781.390000
6781.390000
6781.390000
6781.390000
6781.390000
6781.390000
6781.390000
6781.390000
6781.390000
6781.390000
6781.390000
6781.390000
6781.390000
6781.390000
6781.390000
6781.390000
6781.390000
6781.390000
6781.390000
6781.390000
6781.390000
6781.390000
6781.390000
6781.390000
6781.390000
6781.390000
6781.390000
6781.390000
6781.390000
6781.390000
6781.390000
6781.390000
6781.390000
6781.390000
6781.390000
6781.390000
6781.390000
0.000000
615.526317
0.000000
0.000000
0.000000
0.000000
0.000000
0.000000
0.000000
0.000000
0.000000
0.000000
0.000000
0.000000
4493.436452
6781.390000
6781.390000
6781.390000
6781.390000
6781.390000
6781.390000
6781.390000
6781.390000
6781.390000
6781.390000
6781.390000
6781.390000
6781.390000
6781.390000
6781.390000
6781.390000
6781.390000
6781.390000
6781.390000
6781.390000
6781.390000
6781.390000
6781.390000
6781.390000
6781.390000
6781.390000
6781.390000
6781.390000
6781.390000
6781.390000
6781.390000
6781.390000
6781.390000
6781.390000
6781.390000
6781.390000
6781.390000
6781.390000
6060.705774
6781.390000
6781.390000
5281.906112
5605.903956
6781.390000
6781.390000
6781.390000
6781.390000
6781.390000
6781.390000
6781.390000
6781.390000
6781.390000
6781.390000
6781.390000
6781.390000
6781.390000
6781.390000
6781.390000
6781.390000
6781.390000
6781.390000
6781.390000
6781.390000
6781.390000
6781.390000
6781.390000
6781.390000
6781.390000
6781.390000
6781.390000
6781.390000
6781.390000
6781.390000
6781.390000
6781.390000
6781.390000
6781.390000
6781.390000
6781.390000
6781.390000
6781.390000
6781.390000
6781.390000
6781.390000
6781.390000
6781.390000
6781.390000
6781.390000
4409.260962
0.000000
0.000000
0.000000
0.000000
454.959927
755.218067
6781.390000
6781.390000
6781.390000
6781.390000
6781.390000
6781.390000
6781.390000
6781.390000
6781.390000
6781.390000
6781.390000
6781.390000
6781.390000
6781.390000
6781.390000
6781.390000
6781.390000
6781.390000
6781.390000
6781.390000
6781.390000
6781.390000
6781.390000
6781.390000
6781.390000
6781.390000
6781.390000
6781.390000
6781.390000
6781.390000
6781.390000
6781.390000
6781.390000
6781.390000
6781.390000
6781.390000
6781.390000
6781.390000
6781.390000
4919.934148
0.000000
0.000000
0.000000
0.000000
0.000000
0.000000
0.000000
0.000000
6781.390000
4630.120816
6781.390000
6781.390000
6781.390000
6781.390000
6781.390000
6781.390000
6781.390000
6781.390000
6781.390000
6781.390000
6781.390000
6781.390000
6781.390000
6781.390000
6781.390000
6781.390000
6781.390000
6781.390000
6781.390000
6781.390000
6781.390000
6781.390000
6781.390000
6781.390000
6781.390000
6781.390000
6781.390000
6781.390000
6781.390000
6781.390000
6781.390000
6781.390000
6781.390000
6781.390000
4916.244767
6781.390000
4895.116840
0.000000
0.000000
0.000000
771.257936
959.150113
1664.232144
1883.927051
4598.611875
5255.004986
6781.390000
6781.390000
6781.390000
6781.390000
6781.390000
6781.390000
6781.390000
6781.390000
6781.390000
6781.390000
6781.390000
6781.390000
6781.390000
6781.390000
6781.390000
6781.390000
6781.390000
6781.390000
6781.390000
6781.390000
6781.390000
6781.390000
6781.390000
6781.390000
6781.390000
6781.390000
6781.390000
6781.390000
6781.390000
6781.390000
6781.390000
6781.390000
6781.390000
6781.390000
6781.390000
6781.390000
6781.390000
6781.390000
6781.390000
6781.390000
0.000000
0.000000
0.000000
0.000000
0.000000
0.000000
0.000000
0.000000
5136.935313
6781.390000
6781.390000
6781.390000
6781.390000
6781.390000
6781.390000
6781.390000
6781.390000
6781.390000
6781.390000
6781.390000
6781.390000
6781.390000
6781.390000
6781.390000
6781.390000
6781.390000
6781.390000
6781.390000
6781.390000
6781.390000
6781.390000
6781.390000
6781.390000
6781.390000
6781.390000
6781.390000
6781.390000
6781.390000
6781.390000
6781.390000
6781.390000
6781.390000
6781.390000
6781.390000
6781.390000
6781.390000
6781.390000
6781.390000
4709.610354
4163.384204
3288.476579
4524.562740
5998.892855
5150.462182
6147.002900
5963.154828
6781.390000
6781.390000
6781.390000
6781.390000
6781.390000
6781.390000
6781.390000
6781.390000
6781.390000
6781.390000
6781.390000
6781.390000
6781.390000
6781.390000
6781.390000
6781.390000
6781.390000
6781.390000
6781.390000
6781.390000
6781.390000
6781.390000
6781.390000
6781.390000
6781.390000
6781.390000
6781.390000
6781.390000
6781.390000
6781.390000
6781.390000
6781.390000
6781.390000
6781.390000
6781.390000
6781.390000
0.000000
489.864050
1218.014504
1196.901165
6781.390000
6781.390000
5435.564242
6781.390000
6781.390000
6781.390000
6781.390000
6781.390000
6781.390000
6781.390000
6781.390000
6781.390000
6781.390000
6781.390000
6781.390000
6781.390000
6781.390000
6781.390000
6781.390000
6781.390000
6781.390000
6781.390000
6781.390000
6781.390000
6781.390000
6781.390000
6781.390000
6781.390000
6781.390000
6781.390000
6781.390000
6781.390000
6781.390000
6781.390000
6781.390000
6781.390000
6781.390000
6781.390000
6781.390000
6781.390000
6781.390000
6781.390000
6781.390000
6781.390000
6781.390000
6781.390000
6781.390000
4541.752333
6729.442819
5449.916270
3763.196179
3876.789123
5681.190520
6196.925696
6781.390000
6781.390000
6781.390000
6781.390000
6781.390000
6781.390000
6781.390000
6781.390000
6781.390000
6781.390000
6781.390000
6781.390000
6781.390000
6781.390000
6781.390000
6781.390000
6781.390000
6781.390000
6781.390000
6781.390000
6781.390000
6781.390000
6781.390000
6781.390000
6781.390000
6781.390000
6781.390000
6781.390000
6781.390000
6781.390000
6781.390000
6781.390000
6781.390000
6781.390000
6781.390000
6781.390000
6781.390000
6781.390000
6781.390000
6781.390000
6781.390000
262.606683
0.000000
0.000000
0.000000
0.000000
0.000000
0.000000
0.000000
0.000000
1419.664827
5012.059462
6781.390000
6781.390000
6781.390000
6781.390000
6781.390000
6781.390000
6781.390000
6781.390000
6781.390000
6781.390000
6781.390000
6781.390000
6781.390000
6781.390000
6781.390000
6781.390000
6781.390000
6781.390000
6781.390000
6781.390000
6781.390000
6781.390000
6781.390000
6781.390000
6781.390000
6781.390000
6781.390000
6781.390000
6781.390000
6781.390000
6781.390000
6781.390000
6781.390000
6781.390000
6781.390000
6781.390000
6781.390000
6781.390000
6781.390000
6781.390000
6781.390000
6781.390000
6781.390000
6781.390000
6781.390000
6781.390000
6781.390000
1849.936285
6781.390000
6781.390000
6781.390000
6781.390000
6781.390000
6781.390000
6781.390000
6781.390000
6781.390000
6781.390000
6781.390000
6781.390000
6781.390000
6781.390000
6781.390000
6781.390000
6781.390000
6781.390000
6781.390000
6781.390000
6781.390000
6781.390000
6781.390000
6781.390000
6781.390000
6781.390000
6781.390000
6781.390000
6781.390000
6781.390000
6781.390000
6781.390000
6781.390000
6781.390000
6781.390000
6781.390000
6781.390000
1891.715223
0.000000
0.000000
0.000000
0.000000
6781.390000
6781.390000
6781.390000
6781.390000
6781.390000
6781.390000
6781.390000
6781.390000
6781.390000
6781.390000
6781.390000
6781.390000
6781.390000
6781.390000
6781.390000
6781.390000
6781.390000
6781.390000
6781.390000
6781.390000
6781.390000
6781.390000
6781.390000
6781.390000
6781.390000
6781.390000
6781.390000
6781.390000
6781.390000
6781.390000
6781.390000
6781.390000
6781.390000
6781.390000
6781.390000
6781.390000
6781.390000
6781.390000
6781.390000
6781.390000
6781.390000
6781.390000
6781.390000
6781.390000
6781.390000
6781.390000
2217.701210
2356.670476
5964.657942
6474.278112
6781.390000
6781.390000
6781.390000
6781.390000
6781.390000
6781.390000
6781.390000
6781.390000
6781.390000
6781.390000
6781.390000
6781.390000
6781.390000
6781.390000
6781.390000
6781.390000
6781.390000
6781.390000
6781.390000
6781.390000
6781.390000
6781.390000
6781.390000
6781.390000
6781.390000
6781.390000
6781.390000
6781.390000
6781.390000
6781.390000
6781.390000
6781.390000
6781.390000
6781.390000
6781.390000
6781.390000
6781.390000
6781.390000
6781.390000
6781.390000
6781.390000
6781.390000
4835.114216
5131.066569
4260.711655
5422.804806
6781.390000
5780.973530
6781.390000
6611.978677
6781.390000
6781.390000
6781.390000
6781.390000
6781.390000
6781.390000
6781.390000
6781.390000
6781.390000
6781.390000
6781.390000
6781.390000
6781.390000
6781.390000
6781.390000
6781.390000
6781.390000
6781.390000
6781.390000
6781.390000
6781.390000
6781.390000
6781.390000
6781.390000
6781.390000
6781.390000
6781.390000
6781.390000
6781.390000
6781.390000
6781.390000
6781.390000
6781.390000
6781.390000
6781.390000
6781.390000
0.000000
0.000000
0.000000
0.000000
6125.359909
6750.527077
4723.191348
6171.464746
6781.390000
6781.390000
6781.390000
6781.390000
6781.390000
6781.390000
6781.390000
6781.390000
6781.390000
6781.390000
6781.390000
6781.390000
6781.390000
6781.390000
6781.390000
6781.390000
6781.390000
6781.390000
6781.390000
6781.390000
6781.390000
6781.390000
6781.390000
6781.390000
6781.390000
6781.390000
6781.390000
6781.390000
6781.390000
6781.390000
6781.390000
6781.390000
6781.390000
6781.390000
6781.390000
6781.390000
6781.390000
6781.390000
6781.390000
6781.390000
6781.390000
6781.390000
6781.390000
6781.390000
6781.390000
6781.390000
6781.390000
6781.390000
6781.390000
6781.390000
6781.390000
6781.390000
6781.390000
6781.390000
6781.390000
6781.390000
6781.390000
6781.390000
6781.390000
6781.390000
6781.390000
6781.390000
6781.390000
6781.390000
6781.390000
6781.390000
6781.390000
6781.390000
6781.390000
6781.390000
6781.390000
6781.390000
6781.390000
6781.390000
6781.390000
6781.390000
6781.390000
6781.390000
6781.390000
6781.390000
6781.390000
6781.390000
6781.390000
6781.390000
6781.390000
6781.390000
6781.390000
6781.390000
6781.390000
6781.390000
6781.390000
6781.390000
6781.390000
6781.390000
6781.390000
6781.390000
5949.876801
6357.153782
6781.390000
6781.390000
6781.390000
6781.390000
6781.390000
6781.390000
6781.390000
6781.390000
6781.390000
6781.390000
6781.390000
6781.390000
6781.390000
6781.390000
6781.390000
6781.390000
6781.390000
6781.390000
6781.390000
6781.390000
6781.390000
6781.390000
6781.390000
6781.390000
6781.390000
6781.390000
6781.390000
6781.390000
6781.390000
6781.390000
6781.390000
6781.390000
6781.390000
6781.390000
6781.390000
6781.390000
6781.390000
6781.390000
6781.390000
6781.390000
6781.390000
6781.390000
6781.390000
6781.390000
6781.390000
6781.390000
6781.390000
6781.390000
6781.390000
6781.390000
6781.390000
6781.390000
6781.390000
6781.390000
6781.390000
6781.390000
6781.390000
6781.390000
6781.390000
6781.390000
6781.390000
6781.390000
6781.390000
6781.390000
6781.390000
6781.390000
6781.390000
6781.390000
6781.390000
6781.390000
6781.390000
6781.390000
6781.390000
6781.390000
6781.390000
6781.390000
6781.390000
6781.390000
6781.390000
6781.390000
6781.390000
6781.390000
6781.390000
6781.390000
6781.390000
6781.390000
6781.390000
6781.390000
6781.390000
6781.390000
6781.390000
6224.726462
0.000000
0.000000
0.000000
213.753700
3908.983463
4374.138000
6781.390000
6781.390000
6781.390000
6781.390000
6781.390000
6781.390000
6781.390000
6781.390000
6781.390000
6781.390000
6781.390000
6781.390000
6781.390000
6781.390000
6781.390000
6781.390000
6781.390000
6781.390000
6781.390000
6781.390000
6781.390000
6781.390000
6781.390000
6781.390000
6781.390000
6781.390000
6781.390000
6781.390000
6781.390000
6781.390000
6781.390000
6781.390000
6781.390000
6781.390000
6781.390000
6781.390000
6781.390000
6781.390000
6781.390000
6781.390000
0.000000
0.000000
0.000000
0.000000
6781.390000
6781.390000
6781.390000
6781.390000
6781.390000
6781.390000
6781.390000
6781.390000
6781.390000
6781.390000
6781.390000
6781.390000
6781.390000
6781.390000
6781.390000
6781.390000
6781.390000
6781.390000
6781.390000
6781.390000
6781.390000
6781.390000
6781.390000
6781.390000
6781.390000
6781.390000
6781.390000
6781.390000
6781.390000
6781.390000
6781.390000
6781.390000
6781.390000
6781.390000
6781.390000
6781.390000
6781.390000
6781.390000
6781.390000
6781.390000
6781.390000
6781.390000
6781.390000
6781.390000
6781.390000
6781.390000
6781.390000
6781.390000
6781.390000
6781.390000
6781.390000
6781.390000
6781.390000
6781.390000
6781.390000
6781.390000
6781.390000
6781.390000
6781.390000
6781.390000
6781.390000
6781.390000
6781.390000
6781.390000
6781.390000
6781.390000
6781.390000
6781.390000
6781.390000
6781.390000
6781.390000
6781.390000
6781.390000
6781.390000
6781.390000
6781.390000
6781.390000
6781.390000
6781.390000
6781.390000
6781.390000
6781.390000
6781.390000
6781.390000
6781.390000
6781.390000
6781.390000
6781.390000
6781.390000
6781.390000
6781.390000
6781.390000
4820.461278
5369.696031
2357.031328
4076.326554
6781.390000
6781.390000
6781.390000
6781.390000
6781.390000
6781.390000
6781.390000
6781.390000
6781.390000
6781.390000
6781.390000
6781.390000
6781.390000
6781.390000
6781.390000
6781.390000
6781.390000
6781.390000
6781.390000
6781.390000
6781.390000
6781.390000
6781.390000
6781.390000
6781.390000
6781.390000
6781.390000
6781.390000
6781.390000
6781.390000
6781.390000
6781.390000
6781.390000
6781.390000
6781.390000
6781.390000
6781.390000
6781.390000
6781.390000
6781.390000
6781.390000
6781.390000
6781.390000
6781.390000
4336.695134
2031.952753
6781.390000
6781.390000
6781.390000
6781.390000
6781.390000
6781.390000
6781.390000
6781.390000
6781.390000
6781.390000
6781.390000
6781.390000
6781.390000
6781.390000
6781.390000
6781.390000
6781.390000
6781.390000
6781.390000
6781.390000
6781.390000
6781.390000
6781.390000
6781.390000
6781.390000
6781.390000
6781.390000
6781.390000
6781.390000
6781.390000
6781.390000
6781.390000
6781.390000
6781.390000
6781.390000
6781.390000
6781.390000
6781.390000
6781.390000
6781.390000
6781.390000
6781.390000
6781.390000
6781.390000
6781.390000
6781.390000
6781.390000
6781.390000
6781.390000
6781.390000
6781.390000
6781.390000
6781.390000
6781.390000
6781.390000
6781.390000
6781.390000
6781.390000
6781.390000
6781.390000
6781.390000
6781.390000
6781.390000
6781.390000
6781.390000
6781.390000
6781.390000
6781.390000
6781.390000
6781.390000
6781.390000
6781.390000
6781.390000
6781.390000
6781.390000
6781.390000
6781.390000
6781.390000
6781.390000
6781.390000
6781.390000
6781.390000
6781.390000
6781.390000
6781.390000
6781.390000
6781.390000
6781.390000
6781.390000
6781.390000
6781.390000
6781.390000
6781.390000
2149.681105
0.000000
0.000000
0.000000
0.000000
0.000000
0.000000
7.135932
436.088190
0.000000
6781.390000
6781.390000
6781.390000
6781.390000
6781.390000
6781.390000
6781.390000
6781.390000
6781.390000
6781.390000
6781.390000
6781.390000
6781.390000
6781.390000
6781.390000
6781.390000
6781.390000
6781.390000
6781.390000
6781.390000
6781.390000
6781.390000
6781.390000
6781.390000
6781.390000
6781.390000
6781.390000
6781.390000
6781.390000
6781.390000
6781.390000
6781.390000
6781.390000
6781.390000
6781.390000
6781.390000
6781.390000
6781.390000
6781.390000
0.000000
0.000000
0.000000
0.000000
0.000000
0.000000
6781.390000
6781.390000
6781.390000
6781.390000
6781.390000
6781.390000
6781.390000
6781.390000
6781.390000
6781.390000
6781.390000
6781.390000
6781.390000
6781.390000
6781.390000
6781.390000
6781.390000
6781.390000
6781.390000
6781.390000
6781.390000
6781.390000
6781.390000
6781.390000
6781.390000
6781.390000
6781.390000
6781.390000
6781.390000
6781.390000
6781.390000
6781.390000
6781.390000
6781.390000
6781.390000
6781.390000
6781.390000
6781.390000
6781.390000
6781.390000
6781.390000
5365.736513
4764.813670
3437.548685
6781.390000
6781.390000
6781.390000
6781.390000
6781.390000
6781.390000
6781.390000
6781.390000
6781.390000
6781.390000
6781.390000
6781.390000
6781.390000
6781.390000
6781.390000
6781.390000
6781.390000
6781.390000
6781.390000
6781.390000
6781.390000
6781.390000
6781.390000
6781.390000
6781.390000
6781.390000
6781.390000
6781.390000
6781.390000
6781.390000
6781.390000
6781.390000
6781.390000
6781.390000
6781.390000
6781.390000
6781.390000
6781.390000
6781.390000
6781.390000
6781.390000
6781.390000
6781.390000
6781.390000
6781.390000
6781.390000
6781.390000
6781.390000
6781.390000
6781.390000
6781.390000
6781.390000
6781.390000
6781.390000
6781.390000
6781.390000
6781.390000
6781.390000
6781.390000
6781.390000
6781.390000
6781.390000
6781.390000
6781.390000
6781.390000
6781.390000
6781.390000
6781.390000
6781.390000
6781.390000
6781.390000
6781.390000
6781.390000
6781.390000
6781.390000
6781.390000
6781.390000
6781.390000
6781.390000
6781.390000
6781.390000
6781.390000
6781.390000
6781.390000
6781.390000
6781.390000
6781.390000
6781.390000
6781.390000
6781.390000
4369.780514
5541.001132
0.000000
0.000000
1336.393548
1964.310331
0.000000
0.000000
0.000000
0.000000
0.000000
0.000000
6705.773867
6781.390000
6781.390000
6781.390000
6781.390000
6781.390000
6781.390000
6781.390000
6781.390000
6781.390000
6781.390000
6781.390000
6781.390000
6781.390000
6781.390000
6781.390000
6781.390000
6781.390000
6781.390000
6781.390000
6781.390000
6781.390000
6781.390000
6781.390000
6781.390000
6781.390000
6781.390000
6781.390000
6781.390000
6781.390000
6781.390000
6781.390000
6781.390000
6781.390000
6781.390000
6781.390000
6781.390000
6781.390000
6781.390000
6781.390000
6781.390000
6781.390000
6781.390000
6781.390000
6781.390000
6781.390000
6781.390000
6781.390000
6781.390000
6781.390000
6781.390000
6781.390000
6781.390000
6781.390000
6781.390000
6781.390000
6781.390000
6781.390000
6781.390000
6781.390000
6781.390000
6781.390000
6781.390000
6781.390000
6781.390000
6781.390000
6781.390000
6781.390000
6781.390000
6781.390000
6781.390000
6781.390000
6781.390000
6781.390000
6781.390000
6781.390000
6781.390000
6781.390000
6781.390000
6781.390000
6781.390000
6781.390000
6781.390000
6781.390000
6781.390000
6781.390000
6781.390000
1393.120961
0.000000
0.000000
0.000000
0.000000
4595.392884
5343.503403
0.000000
0.000000
6781.390000
6781.390000
6781.390000
6781.390000
6781.390000
6781.390000
6781.390000
6781.390000
6781.390000
6781.390000
6781.390000
6781.390000
6781.390000
6781.390000
6781.390000
6781.390000
6781.390000
6781.390000
6781.390000
6781.390000
6781.390000
6781.390000
6781.390000
6781.390000
6781.390000
6781.390000
6781.390000
6781.390000
6781.390000
6781.390000
6781.390000
6781.390000
6781.390000
6781.390000
6781.390000
6781.390000
6781.390000
6781.390000
6781.390000
2634.787744
1610.321078
0.000000
1417.523433
1377.217425
6781.390000
6781.390000
6781.390000
6781.390000
6781.390000
6781.390000
6781.390000
6781.390000
6781.390000
6781.390000
6781.390000
6781.390000
6781.390000
6781.390000
6781.390000
6781.390000
6781.390000
6781.390000
6781.390000
6781.390000
6781.390000
6781.390000
6781.390000
6781.390000
6781.390000
6781.390000
6781.390000
6781.390000
6781.390000
6781.390000
6781.390000
6781.390000
6781.390000
6781.390000
6781.390000
6781.390000
6781.390000
6781.390000
6781.390000
6781.390000
6781.390000
6781.390000
6781.390000
6781.390000
6781.390000
6781.390000
6781.390000
6781.390000
6781.390000
6781.390000
6781.390000
6781.390000
6781.390000
6781.390000
6781.390000
6781.390000
6781.390000
6781.390000
6781.390000
6781.390000
6781.390000
6781.390000
6781.390000
6781.390000
6781.390000
6781.390000
6781.390000
6781.390000
6781.390000
6781.390000
6781.390000
6781.390000
6781.390000
6781.390000
6781.390000
6781.390000
6781.390000
6781.390000
6781.390000
6781.390000
6781.390000
6781.390000
6781.390000
6781.390000
6781.390000
6781.390000
6781.390000
6781.390000
6781.390000
6781.390000
6557.759150
0.000000
2524.710152
0.000000
2710.040467
2595.577884
1848.231771
2296.915744
4764.603701
5137.189354
6781.390000
6781.390000
6781.390000
6781.390000
6781.390000
6781.390000
6781.390000
6781.390000
6781.390000
6781.390000
6781.390000
6781.390000
6781.390000
6781.390000
6781.390000
6781.390000
6781.390000
6781.390000
6781.390000
6781.390000
6781.390000
6781.390000
6781.390000
6781.390000
6781.390000
6781.390000
6781.390000
6781.390000
6781.390000
6781.390000
6781.390000
6781.390000
6781.390000
6781.390000
6781.390000
6781.390000
0.000000
0.000000
0.000000
0.000000
0.000000
0.000000
0.000000
430.648983
3211.360930
2382.636928
6781.390000
6781.390000
6781.390000
6781.390000
6781.390000
6781.390000
6781.390000
6781.390000
6781.390000
6781.390000
6781.390000
6781.390000
6781.390000
6781.390000
6781.390000
6781.390000
6781.390000
6781.390000
6781.390000
6781.390000
6781.390000
6781.390000
6781.390000
6781.390000
6781.390000
6781.390000
6781.390000
6781.390000
6781.390000
6781.390000
6781.390000
6781.390000
6781.390000
6781.390000
6781.390000
6781.390000
4570.220010
5548.830914
0.000000
0.000000
0.000000
0.000000
0.000000
0.000000
0.000000
0.000000
0.000000
0.000000
0.000000
0.000000
0.000000
6781.390000
6781.390000
6781.390000
6781.390000
6781.390000
6781.390000
6781.390000
6781.390000
6781.390000
6781.390000
6781.390000
6781.390000
6781.390000
6781.390000
6781.390000
6781.390000
6781.390000
6781.390000
6781.390000
6781.390000
6781.390000
6781.390000
6781.390000
6781.390000
6781.390000
6781.390000
6781.390000
6781.390000
6781.390000
6781.390000
6781.390000
6781.390000
6781.390000
6781.390000
6781.390000
6781.390000
6781.390000
6781.390000
6781.390000
5122.831986
2612.736583
0.000000
0.000000
6781.390000
6781.390000
6781.390000
6781.390000
6781.390000
6781.390000
6781.390000
6781.390000
6781.390000
6781.390000
6781.390000
6781.390000
6781.390000
6781.390000
6781.390000
6781.390000
6781.390000
6781.390000
6781.390000
6781.390000
6781.390000
6781.390000
6781.390000
6781.390000
6781.390000
6781.390000
6781.390000
6781.390000
6781.390000
6781.390000
6781.390000
6781.390000
6781.390000
6781.390000
6781.390000
6781.390000
6781.390000
6781.390000
6781.390000
6781.390000
6781.390000
6781.390000
6781.390000
6781.390000
6781.390000
6781.390000
6781.390000
6781.390000
6781.390000
6781.390000
6781.390000
6781.390000
6781.390000
6781.390000
6781.390000
6781.390000
6781.390000
6781.390000
6781.390000
6781.390000
6781.390000
6781.390000
6781.390000
6781.390000
6781.390000
6781.390000
6781.390000
6781.390000
6781.390000
6781.390000
6781.390000
6781.390000
6781.390000
6781.390000
6781.390000
6781.390000
6781.390000
6781.390000
6781.390000
6781.390000
6781.390000
6781.390000
6781.390000
6781.390000
6781.390000
6781.390000
6781.390000
6781.390000
6781.390000
6781.390000
6781.390000
3335.933712
5064.010842
2764.174190
6437.510121
6781.390000
6781.390000
6781.390000
6781.390000
6781.390000
6781.390000
6781.390000
6781.390000
6781.390000
6781.390000
6781.390000
6781.390000
6781.390000
6781.390000
6781.390000
6781.390000
6781.390000
6781.390000
6781.390000
6781.390000
6781.390000
6781.390000
6781.390000
6781.390000
6781.390000
6781.390000
6781.390000
6781.390000
6781.390000
6781.390000
6781.390000
6781.390000
6781.390000
6781.390000
6781.390000
6781.390000
6781.390000
6781.390000
6781.390000
6781.390000
6781.390000
6781.390000
6781.390000
6781.390000
6781.390000
6781.390000
6781.390000
6781.390000
6781.390000
6781.390000
6781.390000
6781.390000
6781.390000
6781.390000
6781.390000
6781.390000
6781.390000
6781.390000
6781.390000
6781.390000
6781.390000
6781.390000
6781.390000
6781.390000
6781.390000
6781.390000
6781.390000
6781.390000
6781.390000
6781.390000
6781.390000
6781.390000
6781.390000
6781.390000
6781.390000
6781.390000
6781.390000
6781.390000
6781.390000
6781.390000
6781.390000
6781.390000
6781.390000
6781.390000
6781.390000
6781.390000
6781.390000
6781.390000
6781.390000
6781.390000
6781.390000
6781.390000
6781.390000
6781.390000
5084.715708
6781.390000
6781.390000
6781.390000
6781.390000
6781.390000
6781.390000
6781.390000
6781.390000
6781.390000
6781.390000
6781.390000
6781.390000
6781.390000
6781.390000
6781.390000
6781.390000
6781.390000
6781.390000
6781.390000
6781.390000
6781.390000
6781.390000
6781.390000
6781.390000
6781.390000
6781.390000
6781.390000
6781.390000
6781.390000
6781.390000
6781.390000
6781.390000
6781.390000
6781.390000
6781.390000
6781.390000
6781.390000
6781.390000
6781.390000
6781.390000
6781.390000
6781.390000
0.000000
934.678359
514.128736
179.801115
3288.502319
3592.661978
0.000000
0.000000
0.000000
0.000000
0.000000
0.000000
5560.085440
6781.390000
6781.390000
6781.390000
6781.390000
6781.390000
6781.390000
6781.390000
6781.390000
6781.390000
6781.390000
6781.390000
6781.390000
6781.390000
6781.390000
6781.390000
6781.390000
6781.390000
6781.390000
6781.390000
6781.390000
6781.390000
6781.390000
6781.390000
6781.390000
6781.390000
6781.390000
6781.390000
6781.390000
6781.390000
6781.390000
6781.390000
6781.390000
6781.390000
6781.390000
6781.390000
6781.390000
6781.390000
6781.390000
6781.390000
0.000000
0.000000
0.000000
906.835886
1963.899003
1075.712008
2592.055172
2563.091802
6781.390000
6363.309040
6781.390000
6781.390000
6781.390000
6781.390000
6781.390000
6781.390000
6781.390000
6781.390000
6781.390000
6781.390000
6781.390000
6781.390000
6781.390000
6781.390000
6781.390000
6781.390000
6781.390000
6781.390000
6781.390000
6781.390000
6781.390000
6781.390000
6781.390000
6781.390000
6781.390000
6781.390000
6781.390000
6781.390000
6781.390000
6781.390000
6781.390000
6781.390000
6781.390000
6781.390000
6781.390000
6781.390000
6781.390000
6781.390000
6781.390000
1133.818006
0.000000
0.000000
1201.130399
1265.968906
0.000000
0.000000
0.000000
11.656503
6781.390000
6781.390000
6781.390000
6781.390000
6781.390000
6781.390000
6781.390000
6781.390000
6781.390000
6781.390000
6781.390000
6781.390000
6781.390000
6781.390000
6781.390000
6781.390000
6781.390000
6781.390000
6781.390000
6781.390000
6781.390000
6781.390000
6781.390000
6781.390000
6781.390000
6781.390000
6781.390000
6781.390000
6781.390000
6781.390000
6781.390000
6781.390000
6781.390000
6781.390000
6781.390000
6781.390000
6781.390000
6145.443581
1909.663962
0.000000
976.206465
0.000000
0.000000
0.000000
0.000000
0.000000
0.000000
0.000000
0.000000
0.000000
6781.390000
6781.390000
6781.390000
6781.390000
6781.390000
6781.390000
6781.390000
6781.390000
6781.390000
6781.390000
6781.390000
6781.390000
6781.390000
6781.390000
6781.390000
6781.390000
6781.390000
6781.390000
6781.390000
6781.390000
6781.390000
6781.390000
6781.390000
6781.390000
6781.390000
6781.390000
6781.390000
6781.390000
6781.390000
6781.390000
6781.390000
6781.390000
6781.390000
6781.390000
6781.390000
6781.390000
6781.390000
6781.390000
6781.390000
6781.390000
6781.390000
6781.390000
6781.390000
6781.390000
4071.714474
0.000000
0.000000
0.000000
6781.390000
6781.390000
6781.390000
6781.390000
6781.390000
6781.390000
6781.390000
6781.390000
6781.390000
6781.390000
6781.390000
6781.390000
6781.390000
6781.390000
6781.390000
6781.390000
6781.390000
6781.390000
6781.390000
6781.390000
6781.390000
6781.390000
6781.390000
6781.390000
6781.390000
6781.390000
6781.390000
6781.390000
6781.390000
6781.390000
6781.390000
6781.390000
6781.390000
6781.390000
6781.390000
6781.390000
6781.390000
6781.390000
4015.190526
4181.196032
3041.072888
3569.694401
2608.265664
3267.345048
0.000000
3514.255428
6781.390000
6781.390000
6781.390000
6781.390000
6781.390000
6781.390000
6781.390000
6781.390000
6781.390000
6781.390000
6781.390000
6781.390000
6781.390000
6781.390000
6781.390000
6781.390000
6781.390000
6781.390000
6781.390000
6781.390000
6781.390000
6781.390000
6781.390000
6781.390000
6781.390000
6781.390000
6781.390000
6781.390000
6781.390000
6781.390000
6781.390000
6781.390000
6781.390000
6781.390000
6781.390000
6781.390000
6678.441103
369.525134
770.939758
0.000000
0.000000
0.000000
0.000000
0.000000
0.000000
0.000000
0.000000
0.000000
4471.536096
6781.390000
6781.390000
6781.390000
6781.390000
6781.390000
6781.390000
6781.390000
6781.390000
6781.390000
6781.390000
6781.390000
6781.390000
6781.390000
6781.390000
6781.390000
6781.390000
6781.390000
6781.390000
6781.390000
6781.390000
6781.390000
6781.390000
6781.390000
6781.390000
6781.390000
6781.390000
6781.390000
6781.390000
6781.390000
6781.390000
6781.390000
2274.693249
3659.492939
0.000000
0.000000
0.000000
0.000000
0.000000
0.000000
0.000000
0.000000
0.000000
0.000000
0.000000
0.000000
5096.574595
6781.390000
6781.390000
6781.390000
6781.390000
6781.390000
6781.390000
6781.390000
6781.390000
6781.390000
6781.390000
6781.390000
6781.390000
6781.390000
6781.390000
6781.390000
6781.390000
6781.390000
6781.390000
6781.390000
6781.390000
6781.390000
6781.390000
6781.390000
6781.390000
6781.390000
6781.390000
6781.390000
6781.390000
6781.390000
6781.390000
6781.390000
6781.390000
6781.390000
6781.390000
6781.390000
6781.390000
6781.390000
3969.978793
4379.794907
6781.390000
6781.390000
6781.390000
6781.390000
6781.390000
6781.390000
6781.390000
6781.390000
6781.390000
6781.390000
6781.390000
6781.390000
6781.390000
6781.390000
6781.390000
6781.390000
6781.390000
6781.390000
6781.390000
6781.390000
6781.390000
6781.390000
6781.390000
6781.390000
6781.390000
6781.390000
6781.390000
6781.390000
6781.390000
6781.390000
6781.390000
6781.390000
6781.390000
6781.390000
6781.390000
6781.390000
6781.390000
6781.390000
6781.390000
6781.390000
6781.390000
6781.390000
6781.390000
6781.390000
6781.390000
6781.390000
6781.390000
3956.839474
2578.051794
60.147330
0.000000
0.000000
0.000000
0.000000
590.423263
1160.941604
6781.390000
6781.390000
6781.390000
6781.390000
6781.390000
6781.390000
6781.390000
6781.390000
6781.390000
6781.390000
6781.390000
6781.390000
6781.390000
6781.390000
6781.390000
6781.390000
6781.390000
6781.390000
6781.390000
6781.390000
6781.390000
6781.390000
6781.390000
6781.390000
6781.390000
6781.390000
6781.390000
6781.390000
6781.390000
6781.390000
6781.390000
6781.390000
6781.390000
6781.390000
6781.390000
6781.390000
6781.390000
6781.390000
6781.390000
6781.390000
1000.510871
0.000000
0.000000
0.000000
0.000000
0.000000
0.000000
0.000000
2187.973433
5562.048814
6781.390000
6781.390000
6781.390000
6781.390000
6781.390000
6781.390000
6781.390000
6781.390000
6781.390000
6781.390000
6781.390000
6781.390000
6781.390000
6781.390000
6781.390000
6781.390000
6781.390000
6781.390000
6781.390000
6781.390000
6781.390000
6781.390000
6781.390000
6781.390000
6781.390000
6781.390000
6781.390000
6781.390000
6781.390000
6781.390000
6781.390000
6781.390000
6781.390000
6781.390000
6781.390000
6781.390000
6781.390000
6781.390000
6781.390000
6781.390000
6781.390000
6781.390000
6781.390000
6781.390000
6781.390000
6781.390000
6781.390000
6781.390000
6781.390000
6781.390000
6781.390000
6781.390000
6781.390000
6781.390000
6781.390000
6781.390000
6781.390000
6781.390000
6781.390000
6781.390000
6781.390000
6781.390000
6781.390000
6781.390000
6781.390000
6781.390000
6781.390000
6781.390000
6781.390000
6781.390000
6781.390000
6781.390000
6781.390000
6781.390000
6781.390000
6781.390000
6781.390000
6781.390000
6781.390000
6781.390000
6781.390000
6781.390000
6781.390000
6781.390000
3451.960871
0.000000
0.000000
0.000000
0.000000
0.000000
0.000000
0.000000
0.000000
0.000000
0.000000
0.000000
0.000000
0.000000
6781.390000
6781.390000
6781.390000
6781.390000
6781.390000
6781.390000
6781.390000
6781.390000
6781.390000
6781.390000
6781.390000
6781.390000
6781.390000
6781.390000
6781.390000
6781.390000
6781.390000
6781.390000
6781.390000
6781.390000
6781.390000
6781.390000
6781.390000
6781.390000
6781.390000
6781.390000
6781.390000
6781.390000
6781.390000
6781.390000
6781.390000
6781.390000
0.000000
0.000000
0.000000
0.000000
0.000000
0.000000
0.000000
0.000000
0.000000
0.000000
0.000000
0.000000
0.000000
2081.912689
6781.390000
6781.390000
6781.390000
6781.390000
6781.390000
6781.390000
6781.390000
6781.390000
6781.390000
6781.390000
6781.390000
6781.390000
6781.390000
6781.390000
6781.390000
6781.390000
6781.390000
6781.390000
6781.390000
6781.390000
6781.390000
6781.390000
6781.390000
6781.390000
6781.390000
6781.390000
6781.390000
6781.390000
6781.390000
6781.390000
6781.390000
6781.390000
6781.390000
6781.390000
6781.390000
6781.390000
6781.390000
6781.390000
6781.390000
6781.390000
6781.390000
6781.390000
6781.390000
6781.390000
6781.390000
6781.390000
6781.390000
6781.390000
6781.390000
6781.390000
6781.390000
6781.390000
6781.390000
6781.390000
6781.390000
6781.390000
6781.390000
6781.390000
6781.390000
6781.390000
6781.390000
6781.390000
6781.390000
6781.390000
6781.390000
6781.390000
6781.390000
6781.390000
6781.390000
6781.390000
6781.390000
6781.390000
6781.390000
6781.390000
6781.390000
6781.390000
6781.390000
6781.390000
6781.390000
6781.390000
6781.390000
6781.390000
6570.040141
6781.390000
0.000000
0.000000
0.000000
0.000000
0.000000
0.000000
0.000000
0.000000
0.000000
0.000000
0.000000
0.000000
5057.288221
5765.802861
6781.390000
6781.390000
6781.390000
6781.390000
6781.390000
6781.390000
6781.390000
6781.390000
6781.390000
6781.390000
6781.390000
6781.390000
6781.390000
6781.390000
6781.390000
6781.390000
6781.390000
6781.390000
6781.390000
6781.390000
6781.390000
6781.390000
6781.390000
6781.390000
6781.390000
6781.390000
6781.390000
6781.390000
6781.390000
6781.390000
6781.390000
6781.390000
6781.390000
6781.390000
6781.390000
3424.042706
0.000000
0.000000
0.000000
0.000000
0.000000
0.000000
0.000000
0.000000
1122.077385
4896.337709
6781.390000
6781.390000
6781.390000
6781.390000
6781.390000
6781.390000
6781.390000
6781.390000
6781.390000
6781.390000
6781.390000
6781.390000
6781.390000
6781.390000
6781.390000
6781.390000
6781.390000
6781.390000
6781.390000
6781.390000
6781.390000
6781.390000
6781.390000
6781.390000
6781.390000
6781.390000
6781.390000
6781.390000
6781.390000
6781.390000
6781.390000
6781.390000
5753.240352
6781.390000
0.000000
0.000000
0.000000
0.000000
0.000000
0.000000
0.000000
0.000000
0.000000
0.000000
0.000000
0.000000
0.000000
731.913700
6781.390000
6781.390000
6781.390000
6781.390000
6781.390000
6781.390000
6781.390000
6781.390000
6781.390000
6781.390000
6781.390000
6781.390000
6781.390000
6781.390000
6781.390000
6781.390000
6781.390000
6781.390000
6781.390000
6781.390000
6781.390000
6781.390000
6781.390000
6781.390000
6781.390000
6781.390000
6781.390000
6781.390000
6781.390000
6781.390000
6781.390000
6781.390000
6781.390000
6781.390000
6781.390000
6781.390000
6781.390000
2538.661959
0.000000
0.000000
0.000000
0.000000
0.000000
0.000000
0.000000
0.000000
0.000000
0.000000
0.000000
0.000000
6781.390000
6781.390000
6781.390000
6781.390000
6781.390000
6781.390000
6781.390000
6781.390000
6781.390000
6781.390000
6781.390000
6781.390000
6781.390000
6781.390000
6781.390000
6781.390000
6781.390000
6781.390000
6781.390000
6781.390000
6781.390000
6781.390000
6781.390000
6781.390000
6781.390000
6781.390000
6781.390000
6781.390000
6781.390000
6781.390000
6781.390000
6781.390000
6781.390000
6781.390000
6781.390000
6781.390000
2790.774421
244.491501
1696.108969
2127.196451
844.972270
1772.606375
6781.390000
6781.390000
6781.390000
6781.390000
6781.390000
6781.390000
6781.390000
6781.390000
6781.390000
6781.390000
6781.390000
6781.390000
6781.390000
6781.390000
6781.390000
6781.390000
6781.390000
6781.390000
6781.390000
6781.390000
6781.390000
6781.390000
6781.390000
6781.390000
6781.390000
6781.390000
6781.390000
6781.390000
6781.390000
6781.390000
6781.390000
6781.390000
6781.390000
6781.390000
6781.390000
6781.390000
6781.390000
6781.390000
6781.390000
6781.390000
6781.390000
6781.390000
6781.390000
6197.012597
0.000000
369.934509
0.000000
0.000000
300.821543
878.206916
5325.434413
6781.390000
6781.390000
6781.390000
6781.390000
6781.390000
6781.390000
6781.390000
6781.390000
6781.390000
6781.390000
6781.390000
6781.390000
6781.390000
6781.390000
6781.390000
6781.390000
6781.390000
6781.390000
6781.390000
6781.390000
6781.390000
6781.390000
6781.390000
6781.390000
6781.390000
6781.390000
6781.390000
6781.390000
6781.390000
6781.390000
6781.390000
6781.390000
6781.390000
3261.187703
4012.927659
0.000000
0.000000
0.000000
0.000000
0.000000
0.000000
993.365038
2740.625816
3909.203419
3021.217744
6781.390000
6781.390000
6781.390000
0.000000
6390.885405
6781.390000
6781.390000
6781.390000
6781.390000
6781.390000
6781.390000
6781.390000
6781.390000
6781.390000
6781.390000
6781.390000
6781.390000
6781.390000
6781.390000
6781.390000
6781.390000
6781.390000
6781.390000
6781.390000
6781.390000
6781.390000
6781.390000
6781.390000
6781.390000
6781.390000
6781.390000
6781.390000
6781.390000
6781.390000
6781.390000
6781.390000
6781.390000
6781.390000
0.000000
0.000000
0.000000
0.000000
0.000000
0.000000
3375.546465
5207.088698
6781.390000
6781.390000
6781.390000
6781.390000
6781.390000
6781.390000
6781.390000
6781.390000
6781.390000
6781.390000
6781.390000
6781.390000
6781.390000
6781.390000
6781.390000
6781.390000
6781.390000
6781.390000
6781.390000
6781.390000
6781.390000
6781.390000
6781.390000
6781.390000
6781.390000
6781.390000
6781.390000
6781.390000
6781.390000
6781.390000
6781.390000
6781.390000
6781.390000
6781.390000
6781.390000
6781.390000
6781.390000
6781.390000
6781.390000
6781.390000
6781.390000
6781.390000
6781.390000
6781.390000
6781.390000
6781.390000
6781.390000
6781.390000
6781.390000
6781.390000
6781.390000
6781.390000
6781.390000
6781.390000
6781.390000
6781.390000
6781.390000
6781.390000
6781.390000
6781.390000
6781.390000
6781.390000
6781.390000
6781.390000
6781.390000
6781.390000
6781.390000
6781.390000
6781.390000
6781.390000
6781.390000
6781.390000
6781.390000
6781.390000
6781.390000
6781.390000
6781.390000
6781.390000
6781.390000
6781.390000
6781.390000
6781.390000
6781.390000
6781.390000
6781.390000
6781.390000
6781.390000
6781.390000
6781.390000
6781.390000
6781.390000
6781.390000
6781.390000
6781.390000
6781.390000
6781.390000
6781.390000
6781.390000
6781.390000
6781.390000
6781.390000
6781.390000
6781.390000
6781.390000
6781.390000
6781.390000
6781.390000
6781.390000
6781.390000
6781.390000
6781.390000
6781.390000
6781.390000
6781.390000
6781.390000
6781.390000
6781.390000
6781.390000
6781.390000
6781.390000
6781.390000
6781.390000
6781.390000
6781.390000
6781.390000
6781.390000
6781.390000
6781.390000
6781.390000
6781.390000
6781.390000
6781.390000
6781.390000
6781.390000
6781.390000
6781.390000
6781.390000
6781.390000
6781.390000
6781.390000
6781.390000
6781.390000
6781.390000
6781.390000
6781.390000
6781.390000
6781.390000
6781.390000
6781.390000
6781.390000
6781.390000
6781.390000
6781.390000
6781.390000
6781.390000
6781.390000
6781.390000
6781.390000
6781.390000
6781.390000
6781.390000
6781.390000
6781.390000
6781.390000
6781.390000
6781.390000
6781.390000
6781.390000
6781.390000
6781.390000
6781.390000
6781.390000
6781.390000
6781.390000
6781.390000
6781.390000
6781.390000
6781.390000
6781.390000
6781.390000
6781.390000
6781.390000
6781.390000
6781.390000
6781.390000
6781.390000
6781.390000
6781.390000
4209.547585
2533.774032
6781.390000
6781.390000
4810.762601
5455.958799
0.000000
0.000000
1847.570441
6781.390000
6781.390000
6781.390000
6781.390000
6781.390000
6781.390000
6781.390000
6781.390000
6781.390000
6781.390000
6781.390000
6781.390000
6781.390000
6781.390000
6781.390000
6781.390000
6781.390000
6781.390000
6781.390000
6781.390000
6781.390000
6781.390000
6781.390000
6781.390000
6781.390000
6781.390000
6781.390000
6781.390000
6781.390000
6781.390000
6781.390000
6781.390000
6781.390000
6781.390000
6781.390000
0.000000
0.000000
0.000000
0.000000
0.000000
0.000000
0.000000
0.000000
0.000000
0.000000
0.000000
0.000000
0.000000
2478.240756
6781.390000
6781.390000
6781.390000
6781.390000
6781.390000
6781.390000
6781.390000
6781.390000
6781.390000
6781.390000
6781.390000
6781.390000
6781.390000
6781.390000
6781.390000
6781.390000
6781.390000
6781.390000
6781.390000
6781.390000
6781.390000
6781.390000
6781.390000
6781.390000
6781.390000
6781.390000
6781.390000
6781.390000
6781.390000
6781.390000
6781.390000
6781.390000
6781.390000
6781.390000
6781.390000
6781.390000
6781.390000
6781.390000
0.000000
0.000000
6781.390000
6781.390000
6781.390000
6781.390000
6781.390000
6781.390000
6781.390000
5939.052432
6781.390000
6781.390000
6781.390000
6781.390000
6781.390000
6781.390000
6781.390000
6781.390000
6781.390000
6781.390000
6781.390000
6781.390000
6781.390000
6781.390000
6781.390000
6781.390000
6781.390000
6781.390000
6781.390000
6781.390000
6781.390000
6781.390000
6781.390000
6781.390000
6781.390000
6781.390000
6781.390000
6781.390000
6781.390000
6781.390000
6781.390000
6781.390000
6781.390000
6781.390000
6781.390000
6781.390000
6781.390000
3185.147453
2249.448552
3540.967598
5964.499286
6781.390000
6781.390000
6781.390000
6781.390000
6781.390000
6781.390000
6781.390000
6781.390000
6781.390000
6781.390000
6781.390000
6781.390000
6781.390000
6781.390000
6781.390000
6781.390000
6781.390000
6781.390000
6781.390000
6781.390000
6781.390000
6781.390000
6781.390000
6781.390000
6781.390000
6781.390000
6781.390000
6781.390000
6781.390000
6781.390000
6781.390000
6781.390000
6781.390000
6781.390000
6781.390000
6781.390000
6781.390000
6781.390000
6781.390000
618.549537
3153.391247
0.000000
0.000000
0.000000
0.000000
0.000000
0.000000
3318.634440
3697.789459
3475.804312
4172.107703
6781.390000
6781.390000
5103.211429
6781.390000
6781.390000
6781.390000
6781.390000
6781.390000
6781.390000
6781.390000
6781.390000
6781.390000
6781.390000
6781.390000
6781.390000
6781.390000
6781.390000
6781.390000
6781.390000
6781.390000
6781.390000
6781.390000
6781.390000
6781.390000
6781.390000
6781.390000
6781.390000
6781.390000
6781.390000
6781.390000
6781.390000
6781.390000
6781.390000
6781.390000
6781.390000
6781.390000
6781.390000
6781.390000
0.000000
0.000000
0.000000
0.000000
0.000000
0.000000
0.000000
0.000000
0.000000
0.000000
1335.203689
1790.411918
6781.390000
6781.390000
6781.390000
6781.390000
6781.390000
6781.390000
6781.390000
6781.390000
6781.390000
6781.390000
6781.390000
6781.390000
6781.390000
6781.390000
6781.390000
6781.390000
6781.390000
6781.390000
6781.390000
6781.390000
6781.390000
6781.390000
6781.390000
6781.390000
6781.390000
6781.390000
6781.390000
6781.390000
6781.390000
6781.390000
6781.390000
6781.390000
6781.390000
6781.390000
0.000000
1337.351490
0.000000
0.000000
0.000000
0.000000
0.000000
0.000000
0.000000
0.000000
0.000000
0.000000
0.000000
0.000000
0.000000
6781.390000
6781.390000
6781.390000
6781.390000
6781.390000
6781.390000
6781.390000
6781.390000
6781.390000
6781.390000
6781.390000
6781.390000
6781.390000
6781.390000
6781.390000
6781.390000
6781.390000
6781.390000
6781.390000
6781.390000
6781.390000
6781.390000
6781.390000
6781.390000
6781.390000
6781.390000
6781.390000
6781.390000
6781.390000
6781.390000
6781.390000
6781.390000
6781.390000
0.000000
0.000000
0.000000
0.000000
0.000000
0.000000
0.000000
0.000000
0.000000
0.000000
0.000000
0.000000
0.000000
0.000000
0.000000
406.922972
6781.390000
6781.390000
6781.390000
6781.390000
6781.390000
6781.390000
6781.390000
6781.390000
6781.390000
6781.390000
6781.390000
6781.390000
6781.390000
6781.390000
6781.390000
6781.390000
6781.390000
6781.390000
6781.390000
6781.390000
6781.390000
6781.390000
6781.390000
6781.390000
6781.390000
6781.390000
6781.390000
6781.390000
6781.390000
6781.390000
6781.390000
6781.390000
6781.390000
6781.390000
4307.873000
4947.637697
2051.235512
0.000000
0.000000
0.000000
0.000000
0.000000
0.000000
0.000000
0.000000
0.000000
0.000000
0.000000
2694.383773
6073.943767
6781.390000
6781.390000
6781.390000
6781.390000
6781.390000
6781.390000
6781.390000
6781.390000
6781.390000
6781.390000
6781.390000
6781.390000
6781.390000
6781.390000
6781.390000
6781.390000
6781.390000
6781.390000
6781.390000
6781.390000
6781.390000
6781.390000
6781.390000
6781.390000
6781.390000
6781.390000
6781.390000
6781.390000
6781.390000
6781.390000
0.000000
0.000000
0.000000
0.000000
0.000000
0.000000
0.000000
0.000000
0.000000
0.000000
0.000000
0.000000
2131.785635
2199.330918
6781.390000
2689.671207
6781.390000
6781.390000
6781.390000
6781.390000
6781.390000
6781.390000
6781.390000
6781.390000
6781.390000
6781.390000
6781.390000
6781.390000
6781.390000
6781.390000
6781.390000
6781.390000
6781.390000
6781.390000
6781.390000
6781.390000
6781.390000
6781.390000
6781.390000
6781.390000
6781.390000
6781.390000
6781.390000
6781.390000
6781.390000
6781.390000
6781.390000
6781.390000
6781.390000
6781.390000
1507.969578
2801.381271
0.000000
1609.562849
4228.473046
5873.973573
6781.390000
6781.390000
6781.390000
6781.390000
6781.390000
6781.390000
6781.390000
6781.390000
6781.390000
6781.390000
6781.390000
6781.390000
6781.390000
6781.390000
6781.390000
6781.390000
6781.390000
6781.390000
6781.390000
6781.390000
6781.390000
6781.390000
6781.390000
6781.390000
6781.390000
6781.390000
6781.390000
6781.390000
6781.390000
6781.390000
6781.390000
6781.390000
6781.390000
6781.390000
6781.390000
6781.390000
6781.390000
6781.390000
6781.390000
6781.390000
4054.012637
6727.720687
2887.070093
4467.433734
1713.790844
0.000000
0.000000
0.000000
0.000000
0.000000
0.000000
0.000000
0.000000
0.000000
0.000000
6781.390000
6781.390000
6781.390000
6781.390000
6781.390000
6781.390000
6781.390000
6781.390000
6781.390000
6781.390000
6781.390000
6781.390000
6781.390000
6781.390000
6781.390000
6781.390000
6781.390000
6781.390000
6781.390000
6781.390000
6781.390000
6781.390000
6781.390000
6781.390000
6781.390000
6781.390000
6781.390000
6781.390000
6781.390000
6781.390000
6781.390000
6781.390000
6781.390000
6781.390000
6781.390000
6781.390000
6781.390000
2652.559523
0.000000
0.000000
0.000000
0.000000
0.000000
0.000000
0.000000
0.000000
0.000000
6498.018698
0.000000
3074.547368
6348.108531
6781.390000
6781.390000
6781.390000
6781.390000
6781.390000
6781.390000
6781.390000
6781.390000
6781.390000
6781.390000
6781.390000
6781.390000
6781.390000
6781.390000
6781.390000
6781.390000
6781.390000
6781.390000
6781.390000
6781.390000
6781.390000
6781.390000
6781.390000
6781.390000
6781.390000
6781.390000
6781.390000
6781.390000
6781.390000
6781.390000
6781.390000
6781.390000
2967.521468
3390.134064
2104.810635
0.000000
0.000000
0.000000
0.000000
0.000000
0.000000
0.000000
0.000000
0.000000
1739.932093
6781.390000
6781.390000
6781.390000
6781.390000
6781.390000
6781.390000
6781.390000
6781.390000
6781.390000
6781.390000
6781.390000
6781.390000
6781.390000
6781.390000
6781.390000
6781.390000
6781.390000
6781.390000
6781.390000
6781.390000
6781.390000
6781.390000
6781.390000
6781.390000
6781.390000
6781.390000
6781.390000
6781.390000
6781.390000
6781.390000
6781.390000
6781.390000
6781.390000
6781.390000
6781.390000
6781.390000
6781.390000
6781.390000
6781.390000
6781.390000
6781.390000
6781.390000
6781.390000
2789.436860
3619.284856
6781.390000
6781.390000
6781.390000
6781.390000
6781.390000
6781.390000
6781.390000
6781.390000
6781.390000
6781.390000
6781.390000
6781.390000
6781.390000
6781.390000
6781.390000
6781.390000
6781.390000
6781.390000
6781.390000
6781.390000
6781.390000
6781.390000
6781.390000
6781.390000
6781.390000
6781.390000
6781.390000
6781.390000
6781.390000
6781.390000
6781.390000
6781.390000
6781.390000
6781.390000
6781.390000
6781.390000
6781.390000
6781.390000
6781.390000
6781.390000
6781.390000
6781.390000
6781.390000
6781.390000
6781.390000
6781.390000
6781.390000
6781.390000
6781.390000
6781.390000
6781.390000
6781.390000
6781.390000
6781.390000
6781.390000
6781.390000
6781.390000
6781.390000
6781.390000
6781.390000
6781.390000
6781.390000
6781.390000
6781.390000
6781.390000
6781.390000
6781.390000
6781.390000
6781.390000
6781.390000
6781.390000
6781.390000
6781.390000
6781.390000
6781.390000
6781.390000
6781.390000
6781.390000
6781.390000
6781.390000
6781.390000
6781.390000
6781.390000
6781.390000
6734.366654
6781.390000
0.000000
0.000000
963.605985
1820.887392
4099.861243
3573.667117
2693.474673
4293.385631
1130.490239
468.870551
1500.458206
1059.985182
4509.427799
6781.390000
6781.390000
6781.390000
6781.390000
6781.390000
6781.390000
6781.390000
6781.390000
6781.390000
6781.390000
6781.390000
6781.390000
6781.390000
6781.390000
6781.390000
6781.390000
6781.390000
6781.390000
6781.390000
6781.390000
6781.390000
6781.390000
6781.390000
6781.390000
6781.390000
6781.390000
6781.390000
6781.390000
6781.390000
6781.390000
6781.390000
6781.390000
6781.390000
6781.390000
6781.390000
6781.390000
6781.390000
6781.390000
6781.390000
6781.390000
5204.423580
1263.466406
3085.161450
2289.114654
1563.510561
1897.828402
1452.279932
3427.950096
798.712635
6781.390000
6781.390000
6781.390000
6781.390000
6781.390000
6781.390000
6781.390000
6781.390000
6781.390000
6781.390000
6781.390000
6781.390000
6781.390000
6781.390000
6781.390000
6781.390000
6781.390000
6781.390000
6781.390000
6781.390000
6781.390000
6781.390000
6781.390000
6781.390000
6781.390000
6781.390000
6781.390000
6781.390000
6781.390000
6781.390000
6781.390000
6781.390000
6781.390000
6781.390000
6781.390000
6781.390000
6781.390000
6781.390000
6781.390000
6781.390000
6781.390000
6781.390000
6781.390000
6781.390000
6781.390000
6781.390000
6781.390000
6781.390000
6781.390000
6781.390000
6781.390000
6781.390000
6781.390000
6781.390000
6781.390000
6781.390000
6781.390000
6781.390000
6781.390000
6781.390000
6781.390000
6781.390000
6781.390000
6781.390000
6781.390000
6781.390000
6781.390000
6781.390000
6781.390000
6781.390000
6781.390000
6781.390000
6781.390000
6781.390000
6781.390000
6781.390000
6781.390000
6781.390000
6781.390000
6781.390000
6781.390000
6781.390000
6781.390000
6781.390000
6781.390000
5781.788457
0.000000
0.000000
0.000000
39.918595
0.000000
0.000000
3788.748182
3981.395741
2500.302012
4300.482842
6781.390000
6781.390000
6781.390000
6781.390000
6781.390000
6781.390000
6781.390000
6781.390000
6781.390000
6781.390000
6781.390000
6781.390000
6781.390000
6781.390000
6781.390000
6781.390000
6781.390000
6781.390000
6781.390000
6781.390000
6781.390000
6781.390000
6781.390000
6781.390000
6781.390000
6781.390000
6781.390000
6781.390000
6781.390000
6781.390000
6781.390000
6781.390000
6466.996610
6781.390000
3096.857874
4780.932910
3223.604203
0.000000
0.000000
0.000000
0.000000
0.000000
0.000000
0.000000
0.000000
0.000000
0.000000
0.000000
4191.106800
6781.390000
6781.390000
6781.390000
6781.390000
6781.390000
6781.390000
6781.390000
6781.390000
6781.390000
6781.390000
6781.390000
6781.390000
6781.390000
6781.390000
6781.390000
6781.390000
6781.390000
6781.390000
6781.390000
6781.390000
6781.390000
6781.390000
6781.390000
6781.390000
6781.390000
6781.390000
6781.390000
6781.390000
6781.390000
6781.390000
6781.390000
6781.390000
6781.390000
6781.390000
6781.390000
1803.915362
0.000000
0.000000
0.000000
0.000000
0.000000
0.000000
0.000000
0.000000
0.000000
0.000000
0.000000
1985.855777
5270.252712
6781.390000
6781.390000
6781.390000
6781.390000
6781.390000
6781.390000
6781.390000
6781.390000
6781.390000
6781.390000
6781.390000
6781.390000
6781.390000
6781.390000
6781.390000
6781.390000
6781.390000
6781.390000
6781.390000
6781.390000
6781.390000
6781.390000
6781.390000
6781.390000
6781.390000
6781.390000
6781.390000
6781.390000
6781.390000
6781.390000
2138.538814
3639.399007
853.315689
1648.688443
0.000000
0.000000
0.000000
0.000000
0.000000
0.000000
0.000000
0.000000
0.000000
0.000000
0.000000
0.000000
0.000000
0.000000
6781.390000
6781.390000
6781.390000
6781.390000
6781.390000
6781.390000
6781.390000
6781.390000
6781.390000
6781.390000
6781.390000
6781.390000
6781.390000
6781.390000
6781.390000
6781.390000
6781.390000
6781.390000
6781.390000
6781.390000
6781.390000
6781.390000
6781.390000
6781.390000
6781.390000
6781.390000
6781.390000
6781.390000
2194.945554
2935.127973
0.000000
0.000000
0.000000
0.000000
0.000000
0.000000
0.000000
0.000000
4171.222710
6063.245317
6781.390000
6781.390000
6781.390000
6781.390000
6781.390000
0.000000
0.000000
0.000000
6781.390000
6781.390000
6781.390000
6781.390000
6781.390000
6781.390000
6781.390000
6781.390000
6781.390000
6781.390000
6781.390000
6781.390000
6781.390000
6781.390000
6781.390000
6781.390000
6781.390000
6781.390000
6781.390000
6781.390000
6781.390000
6781.390000
6781.390000
6781.390000
6781.390000
6781.390000
6781.390000
6781.390000
6781.390000
6781.390000
911.664185
1189.940295
0.000000
0.000000
0.000000
0.000000
2565.916265
3814.773032
2236.373229
4281.401111
420.343961
0.000000
0.000000
0.000000
6350.224354
6781.390000
6781.390000
6781.390000
6781.390000
6781.390000
6781.390000
6781.390000
6781.390000
6781.390000
6781.390000
6781.390000
6781.390000
6781.390000
6781.390000
6781.390000
6781.390000
6781.390000
6781.390000
6781.390000
6781.390000
6781.390000
6781.390000
6781.390000
6781.390000
6781.390000
6781.390000
6781.390000
6781.390000
6781.390000
6781.390000
6781.390000
6781.390000
6781.390000
6781.390000
6781.390000
6781.390000
6781.390000
0.000000
0.000000
0.000000
0.000000
0.000000
0.000000
0.000000
0.000000
0.000000
0.000000
0.000000
6781.390000
6781.390000
6781.390000
6781.390000
6781.390000
6781.390000
6781.390000
6781.390000
6781.390000
6781.390000
6781.390000
6781.390000
6781.390000
6781.390000
6781.390000
6781.390000
6781.390000
6781.390000
6781.390000
6781.390000
6781.390000
6781.390000
6781.390000
6781.390000
6781.390000
6781.390000
6781.390000
6781.390000
6781.390000
6781.390000
6781.390000
6781.390000
6781.390000
6781.390000
6781.390000
5565.559876
6781.390000
1579.314116
0.000000
0.000000
0.000000
0.000000
0.000000
0.000000
0.000000
0.000000
0.000000
0.000000
0.000000
0.000000
979.378683
6781.390000
6781.390000
6781.390000
6781.390000
6781.390000
6781.390000
6781.390000
6781.390000
6781.390000
6781.390000
6781.390000
6781.390000
6781.390000
6781.390000
6781.390000
6781.390000
6781.390000
6781.390000
6781.390000
6781.390000
6781.390000
6781.390000
6781.390000
6781.390000
6781.390000
6781.390000
6781.390000
6781.390000
6781.390000
6781.390000
18.025186
1928.834266
0.000000
0.000000
0.000000
0.000000
0.000000
0.000000
0.000000
0.000000
0.000000
0.000000
0.000000
0.000000
0.000000
6781.390000
3843.622285
6781.390000
6781.390000
6781.390000
6781.390000
6781.390000
6781.390000
6781.390000
6781.390000
6781.390000
6781.390000
6781.390000
6781.390000
6781.390000
6781.390000
6781.390000
6781.390000
6781.390000
6781.390000
6781.390000
6781.390000
6781.390000
6781.390000
6781.390000
6781.390000
6781.390000
6781.390000
6781.390000
6781.390000
6781.390000
6781.390000
6781.390000
0.000000
0.000000
0.000000
0.000000
0.000000
0.000000
0.000000
0.000000
0.000000
0.000000
0.000000
0.000000
0.000000
0.000000
0.000000
0.000000
0.000000
0.000000
6781.390000
6781.390000
6781.390000
6781.390000
6781.390000
6781.390000
6781.390000
6781.390000
6781.390000
6781.390000
6781.390000
6781.390000
6781.390000
6781.390000
6781.390000
6781.390000
6781.390000
6781.390000
6781.390000
6781.390000
6781.390000
6781.390000
6781.390000
6781.390000
6781.390000
6781.390000
6781.390000
6781.390000
6781.390000
6781.390000
3040.074355
4110.482375
6781.390000
6781.390000
861.388187
0.000000
0.000000
0.000000
0.000000
0.000000
5385.987359
6308.797409
2359.152495
3447.063457
6781.390000
0.000000
0.000000
326.414602
6781.390000
6781.390000
6781.390000
6781.390000
6781.390000
6781.390000
6781.390000
6781.390000
6781.390000
6781.390000
6781.390000
6781.390000
6781.390000
6781.390000
6781.390000
6781.390000
6781.390000
6781.390000
6781.390000
6781.390000
6781.390000
6781.390000
6781.390000
6781.390000
6781.390000
6781.390000
6781.390000
6781.390000
6781.390000
6781.390000
0.000000
0.000000
0.000000
0.000000
0.000000
0.000000
0.000000
0.000000
0.000000
0.000000
0.000000
0.000000
0.000000
0.000000
0.000000
5676.345440
6781.390000
6781.390000
6781.390000
6781.390000
6781.390000
6781.390000
6781.390000
6781.390000
6781.390000
6781.390000
6781.390000
6781.390000
6781.390000
6781.390000
6781.390000
6781.390000
6781.390000
6781.390000
6781.390000
6781.390000
6781.390000
6781.390000
6781.390000
6781.390000
6781.390000
6781.390000
6781.390000
6781.390000
6781.390000
6781.390000
6781.390000
6781.390000
1789.308265
2200.669621
0.000000
0.000000
0.000000
0.000000
0.000000
0.000000
0.000000
0.000000
0.000000
0.000000
0.000000
0.000000
0.000000
0.000000
0.000000
0.000000
6781.390000
6781.390000
6781.390000
6781.390000
6781.390000
6781.390000
6781.390000
6781.390000
6781.390000
6781.390000
6781.390000
6781.390000
6781.390000
6781.390000
6781.390000
6781.390000
6781.390000
6781.390000
6781.390000
6781.390000
6781.390000
6781.390000
6781.390000
6781.390000
6781.390000
6781.390000
6781.390000
6781.390000
6781.390000
6781.390000
0.000000
0.000000
0.000000
0.000000
0.000000
0.000000
0.000000
0.000000
0.000000
0.000000
0.000000
0.000000
0.000000
0.000000
0.000000
6781.390000
6781.390000
6781.390000
6781.390000
6781.390000
6781.390000
6781.390000
6781.390000
6781.390000
6781.390000
6781.390000
6781.390000
6781.390000
6781.390000
6781.390000
6781.390000
6781.390000
6781.390000
6781.390000
6781.390000
6781.390000
6781.390000
6781.390000
6781.390000
6781.390000
6781.390000
6781.390000
6781.390000
6781.390000
6781.390000
6781.390000
4563.827386
6781.390000
0.000000
0.000000
0.000000
0.000000
0.000000
0.000000
0.000000
0.000000
0.000000
0.000000
0.000000
0.000000
0.000000
0.000000
0.000000
6781.390000
6781.390000
6781.390000
6781.390000
6781.390000
6781.390000
6781.390000
6781.390000
6781.390000
6781.390000
6781.390000
6781.390000
6781.390000
6781.390000
6781.390000
6781.390000
6781.390000
6781.390000
6781.390000
6781.390000
6781.390000
6781.390000
6781.390000
6781.390000
6781.390000
6781.390000
6781.390000
6781.390000
6781.390000
6781.390000
6781.390000
6781.390000
6781.390000
6781.390000
6781.390000
5897.363248
6781.390000
1814.531124
0.000000
0.000000
0.000000
0.000000
0.000000
0.000000
0.000000
0.000000
0.000000
0.000000
0.000000
0.000000
0.000000
6781.390000
6781.390000
6781.390000
6781.390000
6781.390000
6781.390000
6781.390000
6781.390000
6781.390000
6781.390000
6781.390000
6781.390000
6781.390000
6781.390000
6781.390000
6781.390000
6781.390000
6781.390000
6781.390000
6781.390000
6781.390000
6781.390000
6781.390000
6781.390000
6781.390000
6781.390000
6781.390000
6781.390000
6781.390000
6781.390000
0.000000
0.000000
0.000000
0.000000
0.000000
0.000000
0.000000
0.000000
0.000000
0.000000
0.000000
0.000000
0.000000
0.000000
6781.390000
0.000000
0.000000
0.000000
6781.390000
6781.390000
6781.390000
6781.390000
6781.390000
6781.390000
6781.390000
6781.390000
6781.390000
6781.390000
6781.390000
6781.390000
6781.390000
6781.390000
6781.390000
6781.390000
6781.390000
6781.390000
6781.390000
6781.390000
6781.390000
6781.390000
6781.390000
6781.390000
6781.390000
6781.390000
6781.390000
6781.390000
6312.049524
6781.390000
0.000000
0.000000
6375.643597
3377.753527
1912.264313
0.000000
0.000000
0.000000
2292.440854
2697.489835
2074.341460
2771.615848
4634.855834
6781.390000
6781.390000
6781.390000
6781.390000
6781.390000
6781.390000
6781.390000
6781.390000
6781.390000
6781.390000
6781.390000
6781.390000
6781.390000
6781.390000
6781.390000
6781.390000
6781.390000
6781.390000
6781.390000
6781.390000
6781.390000
6781.390000
6781.390000
6781.390000
6781.390000
6781.390000
6781.390000
6781.390000
6781.390000
6781.390000
6781.390000
6781.390000
6781.390000
6781.390000
6781.390000
0.000000
0.000000
0.000000
0.000000
0.000000
0.000000
0.000000
0.000000
0.000000
0.000000
0.000000
0.000000
0.000000
0.000000
0.000000
6781.390000
6781.390000
6781.390000
6781.390000
6781.390000
6781.390000
6781.390000
6781.390000
6781.390000
6781.390000
6781.390000
6781.390000
6781.390000
6781.390000
6781.390000
6781.390000
6781.390000
6781.390000
6781.390000
6781.390000
6781.390000
6781.390000
6781.390000
6781.390000
6781.390000
6781.390000
6781.390000
6781.390000
6781.390000
6781.390000
6781.390000
6781.390000
6781.390000
0.000000
0.000000
0.000000
0.000000
0.000000
0.000000
0.000000
0.000000
0.000000
0.000000
0.000000
0.000000
0.000000
0.000000
0.000000
0.000000
1409.339964
5568.092612
6781.390000
6781.390000
6781.390000
6781.390000
6781.390000
6781.390000
6781.390000
6781.390000
6781.390000
6781.390000
6781.390000
6781.390000
6781.390000
6781.390000
6781.390000
6781.390000
6781.390000
6781.390000
6781.390000
6781.390000
6781.390000
6781.390000
6781.390000
6781.390000
6781.390000
6781.390000
6781.390000
6781.390000
6781.390000
6781.390000
5708.437822
6781.390000
6781.390000
6781.390000
6781.390000
6781.390000
2901.774859
2597.954640
4470.110842
4954.622793
6781.390000
6781.390000
6163.522239
6781.390000
6781.390000
6781.390000
6781.390000
6781.390000
6781.390000
6781.390000
6781.390000
6781.390000
6781.390000
6781.390000
6781.390000
6781.390000
6781.390000
6781.390000
6781.390000
6781.390000
6781.390000
6781.390000
6781.390000
6781.390000
6781.390000
6781.390000
6781.390000
6781.390000
6781.390000
6781.390000
6781.390000
6781.390000
6781.390000
6781.390000
6781.390000
6781.390000
6781.390000
6781.390000
0.000000
0.000000
0.000000
0.000000
0.000000
0.000000
0.000000
0.000000
0.000000
0.000000
0.000000
0.000000
0.000000
0.000000
0.000000
6781.390000
6781.390000
6781.390000
6781.390000
6781.390000
6781.390000
6781.390000
6781.390000
6781.390000
6781.390000
6781.390000
6781.390000
6781.390000
6781.390000
6781.390000
6781.390000
6781.390000
6781.390000
6781.390000
6781.390000
6781.390000
6781.390000
6781.390000
6781.390000
6781.390000
6781.390000
6781.390000
6781.390000
6781.390000
6781.390000
6781.390000
0.000000
0.000000
0.000000
0.000000
0.000000
0.000000
0.000000
0.000000
0.000000
0.000000
0.000000
0.000000
0.000000
0.000000
0.000000
0.000000
2073.518665
6781.390000
6781.390000
6781.390000
6781.390000
6781.390000
6781.390000
6781.390000
6781.390000
6781.390000
6781.390000
6781.390000
6781.390000
6781.390000
6781.390000
6781.390000
6781.390000
6781.390000
6781.390000
6781.390000
6781.390000
6781.390000
6781.390000
6781.390000
6781.390000
6781.390000
6781.390000
6781.390000
6781.390000
6781.390000
6781.390000
6781.390000
4628.891603
6781.390000
0.000000
0.000000
0.000000
0.000000
0.000000
0.000000
0.000000
0.000000
0.000000
0.000000
0.000000
0.000000
0.000000
0.000000
813.803789
6663.447328
6781.390000
6781.390000
6781.390000
6781.390000
6781.390000
6781.390000
6781.390000
6781.390000
6781.390000
6781.390000
6781.390000
6781.390000
6781.390000
6781.390000
6781.390000
6781.390000
6781.390000
6781.390000
6781.390000
6781.390000
6781.390000
6781.390000
6781.390000
6781.390000
6781.390000
6781.390000
6781.390000
6781.390000
6781.390000
6781.390000
6781.390000
6781.390000
3896.984054
5154.162469
5629.428701
1590.074725
6781.390000
6781.390000
0.000000
0.000000
0.000000
0.000000
0.000000
0.000000
0.000000
0.000000
1748.451777
0.000000
3351.242485
6048.533773
6781.390000
6781.390000
6781.390000
6781.390000
6781.390000
6781.390000
6781.390000
6781.390000
6781.390000
6781.390000
6781.390000
6781.390000
6781.390000
6781.390000
6781.390000
6781.390000
6781.390000
6781.390000
6781.390000
6781.390000
6781.390000
6781.390000
6781.390000
6781.390000
6781.390000
6781.390000
6781.390000
6781.390000
6781.390000
6781.390000
6781.390000
6781.390000
4442.477806
5388.999684
6781.390000
6781.390000
6261.265733
6781.390000
6781.390000
6781.390000
6781.390000
6781.390000
6781.390000
6781.390000
6781.390000
6781.390000
6781.390000
6781.390000
6781.390000
6781.390000
6781.390000
6781.390000
6781.390000
6781.390000
6781.390000
6781.390000
6781.390000
6781.390000
6781.390000
6781.390000
6781.390000
6781.390000
6781.390000
6781.390000
6781.390000
6781.390000
6781.390000
6781.390000
6781.390000
6781.390000
6781.390000
6781.390000
6781.390000
6781.390000
6781.390000
6781.390000
6781.390000
6781.390000
6781.390000
6781.390000
6781.390000
6781.390000
6781.390000
6781.390000
3671.932979
5058.749929
0.000000
0.000000
5489.988650
5485.829381
6781.390000
6781.390000
6781.390000
6781.390000
6781.390000
6781.390000
6781.390000
6781.390000
6781.390000
6781.390000
6781.390000
6781.390000
6781.390000
6781.390000
6781.390000
6781.390000
6781.390000
6781.390000
6781.390000
6781.390000
6781.390000
6781.390000
6781.390000
6781.390000
6781.390000
6781.390000
6781.390000
6781.390000
6781.390000
6781.390000
6781.390000
6781.390000
6781.390000
6781.390000
6781.390000
6781.390000
0.000000
0.000000
0.000000
0.000000
0.000000
0.000000
0.000000
0.000000
0.000000
0.000000
0.000000
0.000000
0.000000
0.000000
0.000000
0.000000
0.000000
0.000000
6781.390000
6781.390000
6781.390000
6781.390000
6781.390000
6781.390000
6781.390000
6781.390000
6781.390000
6781.390000
6781.390000
6781.390000
6781.390000
6781.390000
6781.390000
6781.390000
6781.390000
6781.390000
6781.390000
6781.390000
6781.390000
6781.390000
6781.390000
6781.390000
6781.390000
6781.390000
6781.390000
6781.390000
0.000000
0.000000
0.000000
0.000000
0.000000
0.000000
0.000000
0.000000
0.000000
0.000000
0.000000
0.000000
0.000000
0.000000
0.000000
0.000000
0.000000
0.000000
0.000000
0.000000
6422.602314
6781.390000
6781.390000
6781.390000
6781.390000
6781.390000
6781.390000
6781.390000
6781.390000
6781.390000
6781.390000
6781.390000
6781.390000
6781.390000
6781.390000
6781.390000
6781.390000
6781.390000
6781.390000
6781.390000
6781.390000
6781.390000
6781.390000
6781.390000
6781.390000
6781.390000
6781.390000
6781.390000
0.000000
0.000000
0.000000
0.000000
0.000000
0.000000
0.000000
0.000000
0.000000
0.000000
0.000000
0.000000
0.000000
0.000000
0.000000
0.000000
0.000000
3173.155015
6781.390000
6781.390000
6781.390000
6781.390000
6781.390000
6781.390000
6781.390000
6781.390000
6781.390000
6781.390000
6781.390000
6781.390000
6781.390000
6781.390000
6781.390000
6781.390000
6781.390000
6781.390000
6781.390000
6781.390000
6781.390000
6781.390000
6781.390000
6781.390000
6781.390000
6781.390000
6781.390000
6781.390000
6781.390000
6781.390000
0.000000
0.000000
0.000000
0.000000
0.000000
0.000000
0.000000
0.000000
0.000000
0.000000
0.000000
0.000000
0.000000
0.000000
309.335471
2326.325343
0.000000
0.000000
6781.390000
6781.390000
6781.390000
6781.390000
6781.390000
6781.390000
6781.390000
6781.390000
6781.390000
6781.390000
6781.390000
6781.390000
6781.390000
6781.390000
6781.390000
6781.390000
6781.390000
6781.390000
6781.390000
6781.390000
6781.390000
6781.390000
6781.390000
6781.390000
6781.390000
6781.390000
6781.390000
6781.390000
6781.390000
6781.390000
6781.390000
6781.390000
6781.390000
6781.390000
6781.390000
6781.390000
6781.390000
6781.390000
6781.390000
6781.390000
6781.390000
6781.390000
6781.390000
6781.390000
6781.390000
6781.390000
6781.390000
6781.390000
6781.390000
6781.390000
6781.390000
6781.390000
6781.390000
6781.390000
6781.390000
6781.390000
6781.390000
6781.390000
6781.390000
6781.390000
6781.390000
6781.390000
6781.390000
6781.390000
6781.390000
6781.390000
6781.390000
6781.390000
6781.390000
6781.390000
6781.390000
6781.390000
6781.390000
6781.390000
6781.390000
6781.390000
6781.390000
6781.390000
0.000000
0.000000
0.000000
0.000000
0.000000
0.000000
0.000000
0.000000
2004.017222
3519.079844
3987.504836
3875.592303
5022.376854
4564.856030
6781.390000
6781.390000
6781.390000
6781.390000
6781.390000
6781.390000
6781.390000
6781.390000
6781.390000
6781.390000
6781.390000
6781.390000
6781.390000
6781.390000
6781.390000
6781.390000
6781.390000
6781.390000
6781.390000
6781.390000
6781.390000
6781.390000
6781.390000
6781.390000
6781.390000
6781.390000
6781.390000
6781.390000
6781.390000
6781.390000
6781.390000
6781.390000
6781.390000
6781.390000
0.000000
0.000000
0.000000
0.000000
0.000000
0.000000
0.000000
0.000000
0.000000
0.000000
0.000000
0.000000
1229.504775
894.961182
2804.545493
4106.725751
5420.539092
6781.390000
6781.390000
6781.390000
6781.390000
6781.390000
6781.390000
6781.390000
6781.390000
6781.390000
6781.390000
6781.390000
6781.390000
6781.390000
6781.390000
6781.390000
6781.390000
6781.390000
6781.390000
6781.390000
6781.390000
6781.390000
6781.390000
6781.390000
6781.390000
6781.390000
6781.390000
6781.390000
6781.390000
6781.390000
6781.390000
6781.390000
0.000000
0.000000
0.000000
0.000000
0.000000
0.000000
0.000000
0.000000
0.000000
0.000000
0.000000
0.000000
0.000000
0.000000
2501.037701
5062.474863
6781.390000
6781.390000
6781.390000
6781.390000
6781.390000
6781.390000
6781.390000
6781.390000
6781.390000
6781.390000
6781.390000
6781.390000
6781.390000
6781.390000
6781.390000
6781.390000
6781.390000
6781.390000
6781.390000
6781.390000
6781.390000
6781.390000
6781.390000
6781.390000
6781.390000
6781.390000
6781.390000
6781.390000
6781.390000
6781.390000
6781.390000
6781.390000
6781.390000
6781.390000
3148.453840
5265.203468
4382.937097
1068.310848
0.000000
0.000000
0.000000
0.000000
2800.535765
3402.811972
2757.999196
3891.551174
6781.390000
6781.390000
6781.390000
6781.390000
6781.390000
6781.390000
6781.390000
6781.390000
6781.390000
6781.390000
6781.390000
6781.390000
6781.390000
6781.390000
6781.390000
6781.390000
6781.390000
6781.390000
6781.390000
6781.390000
6781.390000
6781.390000
6781.390000
6781.390000
6781.390000
6781.390000
6781.390000
6781.390000
6781.390000
6781.390000
6781.390000
6781.390000
6781.390000
6781.390000
0.000000
1850.349103
0.000000
1498.769649
0.000000
0.000000
0.000000
0.000000
0.000000
0.000000
0.000000
0.000000
6781.390000
6781.390000
6781.390000
6781.390000
6781.390000
6781.390000
6781.390000
6781.390000
6781.390000
6781.390000
6781.390000
6781.390000
6781.390000
6781.390000
6781.390000
6781.390000
6781.390000
6781.390000
6781.390000
6781.390000
6781.390000
6781.390000
6781.390000
6781.390000
6781.390000
6781.390000
6781.390000
6781.390000
6781.390000
6781.390000
6781.390000
6781.390000
6781.390000
6781.390000
6781.390000
6781.390000
6781.390000
6781.390000
6781.390000
6781.390000
0.000000
0.000000
6781.390000
5444.859377
0.000000
0.000000
0.000000
0.000000
1911.760417
2631.810632
3415.896503
5627.879592
6781.390000
6781.390000
6781.390000
6781.390000
6781.390000
6781.390000
6781.390000
6781.390000
6781.390000
6781.390000
6781.390000
6781.390000
6781.390000
6781.390000
6781.390000
6781.390000
6781.390000
6781.390000
6781.390000
6781.390000
6781.390000
6781.390000
6781.390000
6781.390000
6781.390000
6781.390000
6781.390000
6781.390000
6781.390000
6781.390000
6781.390000
6781.390000
1632.592586
4828.864807
0.000000
0.000000
0.000000
0.000000
5678.374207
3524.522359
469.259607
279.134358
2559.892123
3323.428952
973.872774
1420.943003
884.885314
2854.066123
5926.625933
5164.188225
6781.390000
6781.390000
6781.390000
6781.390000
6781.390000
6781.390000
6781.390000
6781.390000
6781.390000
6781.390000
6781.390000
6781.390000
6781.390000
6781.390000
6781.390000
6781.390000
6781.390000
6781.390000
6781.390000
6781.390000
6781.390000
6781.390000
6781.390000
6781.390000
6781.390000
6781.390000
6781.390000
6781.390000
6781.390000
6781.390000
0.000000
0.000000
0.000000
0.000000
0.000000
0.000000
837.164056
2543.464649
3827.904856
5317.365787
6021.515062
5983.396491
3996.052818
3510.507250
3989.661971
4998.216339
5822.761373
982.870592
5371.954009
6781.390000
6781.390000
6781.390000
6781.390000
6781.390000
6781.390000
6781.390000
6781.390000
6781.390000
6781.390000
6781.390000
6781.390000
6781.390000
6781.390000
6781.390000
6781.390000
6781.390000
6781.390000
6781.390000
6781.390000
6781.390000
6781.390000
6781.390000
6781.390000
6781.390000
6781.390000
6781.390000
6781.390000
6781.390000
6781.390000
6781.390000
6781.390000
6781.390000
6781.390000
6781.390000
6781.390000
6781.390000
6781.390000
6781.390000
6781.390000
6781.390000
6781.390000
6781.390000
6781.390000
6781.390000
6781.390000
6781.390000
6781.390000
6781.390000
6781.390000
6781.390000
6781.390000
6781.390000
6781.390000
6781.390000
6781.390000
6781.390000
6781.390000
6781.390000
6781.390000
6781.390000
6781.390000
6781.390000
6781.390000
6781.390000
6781.390000
6781.390000
6781.390000
6781.390000
6781.390000
6781.390000
6781.390000
6781.390000
6781.390000
6781.390000
6781.390000
6781.390000
6781.390000
6781.390000
6781.390000
6781.390000
6781.390000
6781.390000
6781.390000
6781.390000
6781.390000
6781.390000
6781.390000
6781.390000
6781.390000
6781.390000
6781.390000
6781.390000
6781.390000
6781.390000
6781.390000
6781.390000
6781.390000
6781.390000
6781.390000
6781.390000
6781.390000
6781.390000
6781.390000
6781.390000
6781.390000
6781.390000
6781.390000
6781.390000
6781.390000
6781.390000
6781.390000
6781.390000
6781.390000
6781.390000
6781.390000
6781.390000
6781.390000
6781.390000
6781.390000
6781.390000
6781.390000
6781.390000
6781.390000
6781.390000
6781.390000
6781.390000
6781.390000
6781.390000
6781.390000
6781.390000
6781.390000
6781.390000
6781.390000
6781.390000
6781.390000
6781.390000
6781.390000
6781.390000
6781.390000
6781.390000
6781.390000
6781.390000
6781.390000
6781.390000
6781.390000
6781.390000
6781.390000
6781.390000
6781.390000
6781.390000
6781.390000
6781.390000
6781.390000
6781.390000
6781.390000
6781.390000
6781.390000
6781.390000
6781.390000
6781.390000
6781.390000
6781.390000
6781.390000
6781.390000
6781.390000
6781.390000
6781.390000
6781.390000
6781.390000
6781.390000
6781.390000
6781.390000
6781.390000
6781.390000
6781.390000
6781.390000
6781.390000
6781.390000
6781.390000
6781.390000
6781.390000
6781.390000
6781.390000
6781.390000
6781.390000
6781.390000
6781.390000
6781.390000
6781.390000
6781.390000
6781.390000
6781.390000
6781.390000
6781.390000
6781.390000
6781.390000
6781.390000
6781.390000
6781.390000
6781.390000
6781.390000
6781.390000
6781.390000
6781.390000
6781.390000
6781.390000
6781.390000
6781.390000
6781.390000
6781.390000
6781.390000
6781.390000
6781.390000
6781.390000
6781.390000
6781.390000
6781.390000
6781.390000
6781.390000
6781.390000
6781.390000
6781.390000
3157.457500
4430.953257
6781.390000
3909.880768
6781.390000
6781.390000
6414.064332
6143.764524
5122.643302
5595.257881
6781.390000
6781.390000
6781.390000
6781.390000
6781.390000
6781.390000
6781.390000
6781.390000
6781.390000
6781.390000
6781.390000
6781.390000
6781.390000
6781.390000
6781.390000
6781.390000
6781.390000
6781.390000
6781.390000
6781.390000
6781.390000
6781.390000
6781.390000
6781.390000
6781.390000
6781.390000
6781.390000
6781.390000
6781.390000
6781.390000
6781.390000
6781.390000
6781.390000
6781.390000
6781.390000
6781.390000
6781.390000
6781.390000
0.000000
0.000000
0.000000
0.000000
0.000000
0.000000
0.000000
0.000000
6781.390000
6781.390000
6781.390000
6781.390000
6781.390000
6781.390000
6781.390000
6781.390000
6781.390000
6781.390000
6781.390000
6781.390000
6781.390000
6781.390000
6781.390000
6781.390000
6781.390000
6781.390000
6781.390000
6781.390000
6781.390000
6781.390000
6781.390000
6781.390000
6781.390000
6781.390000
6781.390000
6781.390000
6781.390000
6781.390000
6781.390000
6781.390000
6781.390000
6781.390000
6781.390000
6781.390000
6781.390000
6781.390000
0.000000
0.000000
0.000000
0.000000
0.000000
0.000000
0.000000
0.000000
0.000000
0.000000
0.000000
0.000000
0.000000
0.000000
2376.050769
3480.991635
3659.823905
6781.390000
6781.390000
6781.390000
6781.390000
6781.390000
6781.390000
6781.390000
6781.390000
6781.390000
6781.390000
6781.390000
6781.390000
6781.390000
6781.390000
6781.390000
6781.390000
6781.390000
6781.390000
6781.390000
6781.390000
6781.390000
6781.390000
6781.390000
6781.390000
6781.390000
6781.390000
6781.390000
6781.390000
6781.390000
6781.390000
6781.390000
0.000000
0.000000
0.000000
0.000000
0.000000
0.000000
0.000000
0.000000
0.000000
0.000000
0.000000
0.000000
6781.390000
6781.390000
6781.390000
6781.390000
6781.390000
6781.390000
469.560477
4420.141327
6781.390000
6781.390000
6781.390000
6781.390000
6781.390000
6781.390000
6781.390000
6781.390000
6781.390000
6781.390000
6781.390000
6781.390000
6781.390000
6781.390000
6781.390000
6781.390000
6781.390000
6781.390000
6781.390000
6781.390000
6781.390000
6781.390000
6781.390000
6781.390000
6781.390000
6781.390000
6781.390000
6781.390000
3686.213417
6453.813827
0.000000
1071.038251
1228.165384
0.000000
0.000000
0.000000
0.000000
0.000000
0.000000
0.000000
0.000000
0.000000
0.000000
0.000000
1323.598748
2895.310988
6781.390000
6781.390000
6781.390000
6781.390000
6781.390000
6781.390000
6781.390000
6781.390000
6781.390000
6781.390000
6781.390000
6781.390000
6781.390000
6781.390000
6781.390000
6781.390000
6781.390000
6781.390000
6781.390000
6781.390000
6781.390000
6781.390000
6781.390000
6781.390000
6781.390000
6781.390000
6781.390000
6781.390000
6781.390000
6781.390000
5233.977417
6781.390000
0.000000
0.000000
0.000000
0.000000
0.000000
0.000000
0.000000
0.000000
0.000000
0.000000
5764.778050
5938.555376
6781.390000
6781.390000
6781.390000
6413.688485
6781.390000
6781.390000
6781.390000
6781.390000
6781.390000
6781.390000
6781.390000
6781.390000
6781.390000
6781.390000
6781.390000
6781.390000
6781.390000
6781.390000
6781.390000
6781.390000
6781.390000
6781.390000
6781.390000
6781.390000
6781.390000
6781.390000
6781.390000
6781.390000
6781.390000
6781.390000
6781.390000
6781.390000
6781.390000
6781.390000
175.212860
2903.724823
0.000000
0.000000
0.000000
0.000000
0.000000
0.000000
0.000000
0.000000
0.000000
0.000000
4314.907580
4848.313193
6781.390000
6781.390000
6781.390000
6781.390000
6781.390000
6781.390000
6781.390000
6781.390000
6781.390000
6781.390000
6781.390000
6781.390000
6781.390000
6781.390000
6781.390000
6781.390000
6781.390000
6781.390000
6781.390000
6781.390000
6781.390000
6781.390000
6781.390000
6781.390000
6781.390000
6781.390000
6781.390000
6781.390000
6781.390000
6781.390000
6781.390000
6781.390000
6781.390000
6781.390000
3199.127975
5972.138380
723.118112
2499.908077
6781.390000
6781.390000
6054.501271
4257.917732
2400.469042
2667.522249
4451.319430
5112.015192
6781.390000
6781.390000
6781.390000
6781.390000
6781.390000
6781.390000
6781.390000
6781.390000
6781.390000
6781.390000
6781.390000
6781.390000
6781.390000
6781.390000
6781.390000
6781.390000
6781.390000
6781.390000
6781.390000
6781.390000
6781.390000
6781.390000
6781.390000
6781.390000
6781.390000
6781.390000
6781.390000
6781.390000
6781.390000
6781.390000
6781.390000
6781.390000
6781.390000
6781.390000
6781.390000
6781.390000
6781.390000
6781.390000
6781.390000
6781.390000
6781.390000
6781.390000
6781.390000
6781.390000
4783.459298
5174.571805
4986.497136
5944.148889
6781.390000
6781.390000
6781.390000
6781.390000
6781.390000
6781.390000
6781.390000
6781.390000
6781.390000
6781.390000
6781.390000
6781.390000
6781.390000
6781.390000
6781.390000
6781.390000
6781.390000
6781.390000
6781.390000
6781.390000
6781.390000
6781.390000
6781.390000
6781.390000
6781.390000
6781.390000
6781.390000
6781.390000
6781.390000
6781.390000
6781.390000
6781.390000
6781.390000
6781.390000
6781.390000
6781.390000
6781.390000
6781.390000
5699.807913
6547.663676
5587.013543
6781.390000
0.000000
441.252905
259.995121
2288.735642
0.000000
0.000000
1682.079142
1290.735646
6781.390000
6781.390000
5690.857768
4195.349479
6781.390000
6781.390000
6781.390000
6781.390000
6781.390000
6781.390000
6781.390000
6781.390000
6781.390000
6781.390000
6781.390000
6781.390000
6781.390000
6781.390000
6781.390000
6781.390000
6781.390000
6781.390000
6781.390000
6781.390000
6781.390000
6781.390000
6781.390000
6781.390000
6781.390000
6781.390000
6781.390000
6781.390000
6781.390000
6781.390000
6781.390000
6781.390000
6781.390000
6781.390000
6781.390000
6781.390000
6781.390000
6781.390000
6781.390000
6781.390000
6781.390000
6781.390000
6781.390000
6781.390000
6781.390000
6781.390000
6781.390000
6781.390000
6781.390000
6781.390000
6781.390000
6781.390000
6781.390000
6781.390000
6781.390000
6781.390000
6781.390000
6781.390000
6781.390000
6781.390000
6781.390000
6781.390000
6781.390000
6781.390000
6781.390000
6781.390000
6781.390000
6781.390000
6781.390000
6781.390000
6781.390000
6781.390000
6781.390000
6781.390000
6781.390000
6781.390000
6781.390000
6781.390000
6781.390000
6781.390000
3849.489861
5927.315614
1001.677026
0.000000
0.000000
0.000000
2036.106987
2316.408439
0.000000
0.000000
0.000000
463.379073
6781.390000
6781.390000
6781.390000
6781.390000
6781.390000
6781.390000
6781.390000
6781.390000
6781.390000
6781.390000
6781.390000
6781.390000
6781.390000
6781.390000
6781.390000
6781.390000
6781.390000
6781.390000
6781.390000
6781.390000
6781.390000
6781.390000
6781.390000
6781.390000
6781.390000
6781.390000
6781.390000
6781.390000
6781.390000
6781.390000
6781.390000
6781.390000
6781.390000
6781.390000
6781.390000
6781.390000
6781.390000
6781.390000
6781.390000
6781.390000
6781.390000
6781.390000
6781.390000
6781.390000
6781.390000
6781.390000
6781.390000
6781.390000
6781.390000
6781.390000
6781.390000
6781.390000
6781.390000
6781.390000
6781.390000
6781.390000
6781.390000
6781.390000
6781.390000
6781.390000
6781.390000
6781.390000
6781.390000
6781.390000
6781.390000
6781.390000
6781.390000
6781.390000
6781.390000
6781.390000
6781.390000
6781.390000
6781.390000
6781.390000
6781.390000
6781.390000
6781.390000
6781.390000
6781.390000
6781.390000
6781.390000
6781.390000
6781.390000
6781.390000
6781.390000
6781.390000
6781.390000
6781.390000
6781.390000
6781.390000
6781.390000
6781.390000
6453.091908
6781.390000
6781.390000
6781.390000
6459.111321
6781.390000
6781.390000
6781.390000
6781.390000
6781.390000
6781.390000
6781.390000
6781.390000
6781.390000
6781.390000
6781.390000
6781.390000
6781.390000
6781.390000
6781.390000
6781.390000
6781.390000
6781.390000
6781.390000
6781.390000
6781.390000
6781.390000
6781.390000
6781.390000
6781.390000
6781.390000
6781.390000
6781.390000
6781.390000
6781.390000
6781.390000
6781.390000
6781.390000
6781.390000
6781.390000
6781.390000
6781.390000
6781.390000
6781.390000
6781.390000
6781.390000
6781.390000
6781.390000
6781.390000
6781.390000
6781.390000
6781.390000
6781.390000
6781.390000
6781.390000
6781.390000
6781.390000
6781.390000
6781.390000
6781.390000
6781.390000
6781.390000
6781.390000
6781.390000
6781.390000
6781.390000
6781.390000
6781.390000
6781.390000
6781.390000
6781.390000
6781.390000
6781.390000
6781.390000
6781.390000
6781.390000
6781.390000
6781.390000
6781.390000
6781.390000
6781.390000
6781.390000
6781.390000
6781.390000
6781.390000
6781.390000
6781.390000
6781.390000
6781.390000
6781.390000
6781.390000
6781.390000
6781.390000
6781.390000
6781.390000
6781.390000
6781.390000
6781.390000
6781.390000
6781.390000
6781.390000
6781.390000
6781.390000
6781.390000
6781.390000
6781.390000
6781.390000
6781.390000
6781.390000
6781.390000
6781.390000
6781.390000
6781.390000
6781.390000
6781.390000
6781.390000
6781.390000
6781.390000
6781.390000
6781.390000
6781.390000
6781.390000
6781.390000
6781.390000
6781.390000
6781.390000
6781.390000
6781.390000
6781.390000
6781.390000
6781.390000
6781.390000
6781.390000
6781.390000
6781.390000
6781.390000
6781.390000
6781.390000
6781.390000
6781.390000
6781.390000
6781.390000
6781.390000
6781.390000
6781.390000
6781.390000
6781.390000
6781.390000
6781.390000
6781.390000
6781.390000
6781.390000
6781.390000
6781.390000
6781.390000
6781.390000
6781.390000
6781.390000
6781.390000
6781.390000
6781.390000
6781.390000
6781.390000
6781.390000
6781.390000
6781.390000
6781.390000
6781.390000
6781.390000
6781.390000
6781.390000
6781.390000
6781.390000
6781.390000
6781.390000
6781.390000
6781.390000
6781.390000
6781.390000
6781.390000
6781.390000
6781.390000
6781.390000
6781.390000
6781.390000
6781.390000
6781.390000
6781.390000
6781.390000
6781.390000
6781.390000
6781.390000
6781.390000
6781.390000
6781.390000
6781.390000
6781.390000
6781.390000
6781.390000
6781.390000
6781.390000
6781.390000
6781.390000
6781.390000
6781.390000
6781.390000
6781.390000
6781.390000
6781.390000
6781.390000
6781.390000
6781.390000
6781.390000
6781.390000
6781.390000
6781.390000
6781.390000
6781.390000
6781.390000
6781.390000
6781.390000
6781.390000
6781.390000
6781.390000
6781.390000
6781.390000
6781.390000
6781.390000
6781.390000
6781.390000
6781.390000
6781.390000
6781.390000
6781.390000
6781.390000
6781.390000
6781.390000
0.000000
6781.390000
6781.390000
6781.390000
6781.390000
6781.390000
6781.390000
6781.390000
6781.390000
6781.390000
6781.390000
6781.390000
6781.390000
6781.390000
6781.390000
6781.390000
6781.390000
6781.390000
6781.390000
6781.390000
6781.390000
6781.390000
6781.390000
6781.390000
6781.390000
6781.390000
6781.390000
6781.390000
6781.390000
6781.390000
6781.390000
6781.390000
6781.390000
6781.390000
6781.390000
6781.390000
6781.390000
6781.390000
6781.390000
6781.390000
6781.390000
6781.390000
6781.390000
6781.390000
6781.390000
6781.390000
6781.390000
6781.390000
6781.390000
6781.390000
6781.390000
6781.390000
0.000000
0.000000
0.000000
5174.141034
6781.390000
6781.390000
6781.390000
6781.390000
6781.390000
6781.390000
6781.390000
6781.390000
6781.390000
6781.390000
6781.390000
6781.390000
6781.390000
6781.390000
6781.390000
6781.390000
6781.390000
6781.390000
6781.390000
6781.390000
6781.390000
6781.390000
6781.390000
6781.390000
6781.390000
6781.390000
6781.390000
6781.390000
6781.390000
6781.390000
6781.390000
6781.390000
6781.390000
6781.390000
6781.390000
6781.390000
6781.390000
6781.390000
6781.390000
6781.390000
0.000000
56.786330
103.103072
0.000000
0.000000
805.455009
1523.143082
5769.717278
6781.390000
6781.390000
6781.390000
6781.390000
6781.390000
6781.390000
6781.390000
6781.390000
6781.390000
6781.390000
6781.390000
6781.390000
6781.390000
6781.390000
6781.390000
6781.390000
6781.390000
6781.390000
6781.390000
6781.390000
6781.390000
6781.390000
6781.390000
6781.390000
6781.390000
6781.390000
6781.390000
6781.390000
6781.390000
6781.390000
6781.390000
6781.390000
6781.390000
6781.390000
6781.390000
6781.390000
6781.390000
6781.390000
6781.390000
0.000000
0.000000
0.000000
0.000000
0.000000
0.000000
3312.439197
4106.652274
6781.390000
6781.390000
6781.390000
6781.390000
6781.390000
6781.390000
6781.390000
6781.390000
6781.390000
6781.390000
6781.390000
6781.390000
6781.390000
6781.390000
6781.390000
6781.390000
6781.390000
6781.390000
6781.390000
6781.390000
6781.390000
6781.390000
6781.390000
6781.390000
6781.390000
6781.390000
6781.390000
6781.390000
6781.390000
6781.390000
6781.390000
6781.390000
6781.390000
6781.390000
1996.560823
5621.150567
5670.139516
6781.390000
6781.390000
6781.390000
6781.390000
6781.390000
6781.390000
6781.390000
6781.390000
6781.390000
6781.390000
6781.390000
6781.390000
6781.390000
6781.390000
6781.390000
6781.390000
6781.390000
6781.390000
6781.390000
6781.390000
6781.390000
6781.390000
6781.390000
6781.390000
6781.390000
6781.390000
6781.390000
6781.390000
6781.390000
6781.390000
6781.390000
6781.390000
6781.390000
6781.390000
6781.390000
6781.390000
6781.390000
6781.390000
6781.390000
6781.390000
6781.390000
6781.390000
6781.390000
6781.390000
6781.390000
6781.390000
6781.390000
1522.398823
2665.493754
6781.390000
6781.390000
6781.390000
6781.390000
6781.390000
6781.390000
6781.390000
6781.390000
6781.390000
6781.390000
6781.390000
6781.390000
6781.390000
6781.390000
6781.390000
6781.390000
6781.390000
6781.390000
6781.390000
6781.390000
6781.390000
6781.390000
6781.390000
6781.390000
6781.390000
6781.390000
6781.390000
6781.390000
6781.390000
6781.390000
6781.390000
6781.390000
6781.390000
6781.390000
6781.390000
6781.390000
6781.390000
6781.390000
6781.390000
6781.390000
6781.390000
6781.390000
6781.390000
6781.390000
6781.390000
6781.390000
6781.390000
6781.390000
0.000000
0.000000
0.000000
415.328168
1817.841067
3797.110412
6781.390000
6781.390000
6781.390000
6781.390000
6781.390000
6781.390000
6781.390000
6781.390000
6781.390000
6781.390000
6781.390000
6781.390000
6781.390000
6781.390000
6781.390000
6781.390000
6781.390000
6781.390000
6781.390000
6781.390000
6781.390000
6781.390000
6781.390000
6781.390000
6781.390000
6781.390000
6781.390000
6781.390000
6781.390000
6781.390000
6781.390000
6781.390000
6781.390000
6781.390000
6781.390000
6781.390000
6781.390000
6781.390000
6781.390000
6781.390000
6781.390000
6781.390000
6781.390000
6781.390000
6781.390000
6781.390000
6781.390000
6781.390000
6781.390000
6781.390000
6781.390000
6781.390000
6781.390000
6781.390000
6781.390000
6781.390000
6781.390000
6781.390000
6781.390000
6781.390000
6781.390000
6781.390000
6781.390000
6781.390000
6781.390000
6781.390000
6781.390000
6781.390000
6781.390000
6781.390000
6781.390000
6781.390000
6781.390000
6781.390000
6781.390000
6781.390000
6781.390000
6781.390000
6781.390000
6781.390000
6781.390000
6781.390000
6781.390000
6781.390000
6781.390000
6781.390000
6781.390000
6781.390000
6781.390000
6781.390000
6781.390000
6781.390000
6781.390000
4610.537305
6781.390000
6781.390000
6781.390000
6781.390000
6781.390000
6781.390000
6781.390000
6781.390000
6781.390000
6781.390000
6781.390000
6781.390000
6781.390000
6781.390000
6781.390000
6781.390000
6781.390000
6781.390000
6781.390000
6781.390000
6781.390000
6781.390000
6781.390000
6781.390000
6781.390000
6781.390000
6781.390000
6781.390000
6781.390000
6781.390000
6781.390000
6781.390000
6781.390000
6781.390000
6781.390000
6781.390000
6781.390000
6781.390000
6781.390000
6781.390000
0.000000
0.000000
0.000000
0.000000
0.000000
0.000000
0.000000
0.000000
0.000000
0.000000
2770.339504
3563.369621
6781.390000
6781.390000
6781.390000
6781.390000
6781.390000
6781.390000
6781.390000
6781.390000
6781.390000
6781.390000
6781.390000
6781.390000
6781.390000
6781.390000
6781.390000
6781.390000
6781.390000
6781.390000
6781.390000
6781.390000
6781.390000
6781.390000
6781.390000
6781.390000
6781.390000
6781.390000
6781.390000
6781.390000
6781.390000
6781.390000
6781.390000
6781.390000
6781.390000
6781.390000
6781.390000
6781.390000
2898.193154
5842.437224
0.000000
1089.936888
4940.137936
2582.587364
0.000000
0.000000
195.687699
438.778436
1283.388821
2179.336925
6781.390000
6781.390000
6781.390000
6781.390000
6781.390000
6781.390000
6781.390000
6781.390000
6781.390000
6781.390000
6781.390000
6781.390000
6781.390000
6781.390000
6781.390000
6781.390000
6781.390000
6781.390000
6781.390000
6781.390000
6781.390000
6781.390000
6781.390000
6781.390000
6781.390000
6781.390000
6781.390000
6781.390000
6781.390000
6781.390000
6781.390000
6781.390000
6781.390000
6781.390000
6781.390000
6781.390000
6781.390000
6781.390000
6781.390000
6781.390000
6781.390000
6781.390000
6781.390000
6781.390000
6781.390000
6781.390000
6781.390000
6781.390000
6781.390000
6781.390000
6781.390000
6781.390000
6781.390000
6781.390000
6781.390000
6781.390000
6781.390000
6781.390000
6781.390000
6781.390000
6781.390000
6781.390000
6781.390000
6781.390000
6781.390000
6781.390000
6781.390000
6781.390000
6781.390000
6781.390000
6781.390000
6781.390000
6781.390000
6781.390000
6781.390000
6781.390000
6781.390000
6781.390000
6781.390000
6781.390000
6781.390000
6781.390000
6781.390000
6781.390000
6781.390000
6781.390000
6781.390000
6781.390000
6781.390000
6781.390000
6781.390000
6781.390000
6781.390000
6781.390000
6781.390000
6781.390000
6781.390000
6781.390000
6781.390000
6781.390000
6781.390000
6781.390000
6781.390000
6781.390000
6781.390000
6781.390000
6781.390000
6781.390000
6781.390000
6781.390000
6781.390000
6781.390000
6781.390000
6781.390000
6781.390000
6781.390000
6781.390000
6781.390000
6781.390000
6781.390000
6781.390000
6781.390000
6781.390000
6781.390000
6781.390000
6781.390000
6781.390000
6781.390000
6781.390000
6781.390000
6781.390000
6781.390000
0.000000
0.000000
0.000000
0.000000
0.000000
0.000000
0.000000
0.000000
0.000000
0.000000
4047.316758
4064.615772
6781.390000
6781.390000
6781.390000
6781.390000
6781.390000
6781.390000
6781.390000
6781.390000
6781.390000
6781.390000
6781.390000
6781.390000
6781.390000
6781.390000
6781.390000
6781.390000
6781.390000
6781.390000
6781.390000
6781.390000
6781.390000
6781.390000
6781.390000
6781.390000
6781.390000
6781.390000
6781.390000
6781.390000
6781.390000
6781.390000
6781.390000
6781.390000
6781.390000
6781.390000
6781.390000
6781.390000
0.000000
0.000000
0.000000
0.000000
0.000000
0.000000
0.000000
0.000000
3707.344152
3872.526467
6781.390000
6781.390000
6781.390000
6781.390000
6781.390000
6781.390000
6781.390000
6781.390000
6781.390000
6781.390000
6781.390000
6781.390000
6781.390000
6781.390000
6781.390000
6781.390000
6781.390000
6781.390000
6781.390000
6781.390000
6781.390000
6781.390000
6781.390000
6781.390000
6781.390000
6781.390000
6781.390000
6781.390000
6781.390000
6781.390000
6781.390000
6781.390000
6781.390000
6781.390000
6781.390000
6781.390000
6781.390000
6781.390000
6781.390000
6781.390000
6781.390000
6781.390000
6781.390000
6781.390000
6781.390000
6781.390000
6781.390000
6781.390000
6781.390000
6781.390000
6781.390000
6781.390000
6781.390000
6781.390000
6781.390000
6781.390000
6781.390000
6781.390000
6781.390000
6781.390000
6781.390000
6781.390000
6781.390000
6781.390000
6781.390000
6781.390000
6781.390000
6781.390000
6781.390000
6781.390000
6781.390000
6781.390000
6781.390000
6781.390000
6781.390000
6781.390000
6781.390000
6781.390000
6781.390000
6781.390000
6781.390000
6781.390000
6781.390000
6781.390000
6781.390000
6781.390000
6781.390000
6781.390000
6781.390000
6781.390000
6781.390000
6781.390000
6781.390000
6781.390000
6781.390000
6781.390000
2046.213746
3060.822157
6781.390000
6781.390000
6305.305676
6781.390000
6781.390000
6781.390000
6781.390000
6781.390000
6781.390000
6781.390000
6781.390000
6781.390000
6781.390000
6781.390000
6781.390000
6781.390000
6781.390000
6781.390000
6781.390000
6781.390000
6781.390000
6781.390000
6781.390000
6781.390000
6781.390000
6781.390000
6781.390000
6781.390000
6781.390000
6781.390000
6781.390000
6781.390000
6781.390000
6781.390000
6781.390000
6781.390000
6781.390000
6781.390000
6781.390000
6781.390000
6781.390000
6781.390000
6781.390000
6781.390000
5172.767974
5480.249699
0.000000
0.000000
0.000000
0.000000
0.000000
278.884720
5093.017194
6781.390000
6781.390000
6781.390000
6781.390000
6781.390000
6781.390000
6781.390000
6781.390000
6781.390000
6781.390000
6781.390000
6781.390000
6781.390000
6781.390000
6781.390000
6781.390000
6781.390000
6781.390000
6781.390000
6781.390000
6781.390000
6781.390000
6781.390000
6781.390000
6781.390000
6781.390000
6781.390000
6781.390000
6781.390000
4098.605045
6738.012483
0.000000
0.000000
0.000000
0.000000
0.000000
0.000000
0.000000
0.000000
0.000000
0.000000
0.000000
0.000000
0.000000
0.000000
0.000000
0.000000
0.000000
0.000000
0.000000
0.000000
2688.854836
5018.088722
6781.390000
6781.390000
6781.390000
6781.390000
6781.390000
6781.390000
6781.390000
6781.390000
6781.390000
6781.390000
6781.390000
6781.390000
6781.390000
6781.390000
6781.390000
6781.390000
6781.390000
6781.390000
6781.390000
6781.390000
6781.390000
6781.390000
6781.390000
6781.390000
6781.390000
6781.390000
0.000000
0.000000
0.000000
0.000000
0.000000
0.000000
0.000000
0.000000
0.000000
0.000000
6781.390000
6781.390000
6781.390000
6781.390000
6781.390000
6781.390000
6781.390000
4823.057329
6781.390000
6781.390000
6781.390000
6781.390000
6781.390000
6781.390000
6781.390000
6781.390000
6781.390000
6781.390000
6781.390000
6781.390000
6781.390000
6781.390000
6781.390000
6781.390000
6781.390000
6781.390000
6781.390000
6781.390000
6781.390000
6781.390000
6781.390000
6781.390000
6781.390000
6781.390000
6781.390000
6781.390000
6781.390000
6781.390000
0.000000
0.000000
0.000000
0.000000
0.000000
0.000000
0.000000
0.000000
4409.673231
6311.867413
6781.390000
6781.390000
6781.390000
6781.390000
6781.390000
6781.390000
6781.390000
6781.390000
6781.390000
6781.390000
6781.390000
6781.390000
6781.390000
6781.390000
6781.390000
6781.390000
6781.390000
6781.390000
6781.390000
6781.390000
6781.390000
6781.390000
6781.390000
6781.390000
6781.390000
6781.390000
6781.390000
6781.390000
6781.390000
6781.390000
6781.390000
6781.390000
6781.390000
6781.390000
6781.390000
6781.390000
6781.390000
6781.390000
6056.342798
6781.390000
3461.516409
5753.149938
3793.857692
1754.096540
1294.697324
0.000000
6718.595420
6781.390000
4262.095639
5182.028056
2665.974888
3083.755588
6781.390000
6781.390000
6781.390000
6781.390000
6781.390000
6781.390000
6781.390000
6781.390000
6781.390000
6781.390000
6781.390000
6781.390000
6781.390000
6781.390000
6781.390000
6781.390000
6781.390000
6781.390000
6781.390000
6781.390000
6781.390000
6781.390000
6781.390000
6781.390000
6781.390000
6781.390000
6781.390000
6781.390000
6781.390000
6781.390000
6781.390000
6781.390000
6781.390000
6781.390000
6781.390000
6781.390000
6781.390000
6781.390000
6781.390000
6781.390000
6781.390000
6781.390000
6781.390000
6781.390000
6781.390000
6781.390000
6781.390000
6781.390000
6781.390000
6781.390000
6781.390000
6781.390000
6781.390000
6781.390000
6781.390000
6781.390000
6781.390000
6781.390000
6781.390000
6781.390000
6781.390000
6781.390000
6781.390000
6781.390000
6781.390000
6781.390000
6781.390000
6781.390000
6781.390000
6781.390000
6781.390000
6781.390000
6781.390000
6781.390000
6781.390000
6781.390000
6781.390000
6781.390000
6781.390000
6781.390000
6781.390000
6781.390000
6781.390000
6781.390000
6781.390000
6781.390000
6781.390000
6781.390000
6781.390000
6781.390000
6781.390000
6781.390000
6781.390000
6781.390000
6781.390000
6781.390000
6781.390000
6781.390000
6781.390000
6781.390000
6781.390000
6781.390000
6781.390000
6781.390000
6781.390000
6781.390000
6781.390000
6781.390000
6781.390000
6781.390000
6781.390000
6781.390000
6781.390000
6781.390000
6781.390000
6781.390000
6781.390000
6781.390000
6781.390000
6781.390000
6781.390000
6781.390000
6781.390000
6781.390000
6781.390000
6781.390000
6781.390000
6781.390000
6781.390000
6781.390000
6781.390000
6781.390000
6781.390000
6781.390000
6781.390000
6781.390000
6781.390000
6781.390000
6781.390000
6781.390000
6781.390000
6781.390000
6781.390000
6781.390000
6781.390000
6781.390000
6781.390000
6781.390000
6781.390000
6781.390000
6781.390000
6781.390000
6781.390000
6781.390000
6781.390000
6781.390000
6781.390000
6781.390000
6781.390000
6781.390000
6781.390000
6781.390000
6781.390000
6781.390000
6781.390000
6781.390000
6781.390000
6781.390000
6781.390000
6781.390000
6781.390000
6781.390000
6781.390000
6781.390000
6781.390000
6781.390000
6781.390000
6781.390000
6781.390000
6781.390000
6781.390000
6781.390000
6781.390000
6781.390000
6781.390000
6781.390000
6781.390000
6781.390000
6781.390000
6781.390000
6781.390000
6781.390000
6781.390000
6781.390000
6781.390000
6781.390000
6781.390000
6781.390000
6781.390000
6781.390000
6781.390000
6781.390000
6781.390000
6781.390000
6781.390000
6781.390000
6781.390000
6781.390000
6781.390000
6781.390000
6781.390000
6781.390000
6781.390000
6781.390000
6781.390000
6781.390000
6781.390000
6781.390000
6781.390000
6781.390000
6781.390000
6781.390000
6781.390000
6781.390000
6781.390000
6781.390000
6781.390000
6781.390000
540.380911
1658.585908
0.000000
904.296182
2557.930298
3873.484176
6781.390000
6781.390000
6781.390000
6781.390000
6781.390000
6781.390000
6781.390000
6781.390000
6781.390000
6781.390000
6781.390000
6781.390000
6781.390000
6781.390000
6781.390000
6781.390000
6781.390000
6781.390000
6781.390000
6781.390000
6781.390000
6781.390000
6781.390000
6781.390000
6781.390000
6781.390000
6781.390000
6781.390000
6781.390000
6781.390000
6781.390000
6781.390000
6781.390000
6781.390000
6781.390000
6781.390000
6781.390000
6781.390000
6781.390000
6781.390000
4116.150569
4833.537105
0.000000
0.000000
0.000000
0.000000
2682.099473
4265.145413
6781.390000
6781.390000
6781.390000
6781.390000
6781.390000
6781.390000
6781.390000
6781.390000
6781.390000
6781.390000
6781.390000
6781.390000
6781.390000
6781.390000
6781.390000
6781.390000
6781.390000
6781.390000
6781.390000
6781.390000
6781.390000
6781.390000
6781.390000
6781.390000
6781.390000
6781.390000
6781.390000
6781.390000
6781.390000
6781.390000
6781.390000
6781.390000
6781.390000
6781.390000
6781.390000
6781.390000
6781.390000
6781.390000
6781.390000
6781.390000
6781.390000
6781.390000
2020.558184
4306.311465
4554.919063
2528.546336
632.690862
0.000000
6781.390000
6781.390000
6781.390000
6781.390000
6781.390000
6781.390000
6781.390000
6781.390000
6781.390000
6781.390000
6781.390000
6781.390000
6781.390000
6781.390000
6781.390000
6781.390000
6781.390000
6781.390000
6781.390000
6781.390000
6781.390000
6781.390000
6781.390000
6781.390000
6781.390000
6781.390000
6781.390000
6781.390000
6781.390000
6781.390000
6781.390000
6781.390000
6781.390000
6781.390000
6781.390000
6781.390000
6781.390000
6781.390000
6781.390000
6781.390000
6781.390000
6781.390000
0.000000
0.000000
0.000000
0.000000
0.000000
0.000000
6781.390000
6781.390000
3977.834539
4350.360110
6781.390000
6781.390000
6781.390000
6781.390000
6781.390000
6781.390000
6781.390000
6781.390000
6781.390000
6781.390000
6781.390000
6781.390000
6781.390000
6781.390000
6781.390000
6781.390000
6781.390000
6781.390000
6781.390000
6781.390000
6781.390000
6781.390000
6781.390000
6781.390000
6781.390000
6781.390000
6781.390000
6781.390000
6781.390000
6781.390000
6781.390000
6781.390000
6781.390000
6781.390000
6781.390000
6781.390000
2776.264581
5058.293624
0.000000
927.099332
0.000000
0.000000
0.000000
0.000000
2328.973622
2228.138477
6781.390000
6781.390000
6781.390000
6781.390000
6781.390000
6781.390000
6781.390000
6781.390000
6781.390000
6781.390000
6781.390000
6781.390000
6781.390000
6781.390000
6781.390000
6781.390000
6781.390000
6781.390000
6781.390000
6781.390000
6781.390000
6781.390000
6781.390000
6781.390000
6781.390000
6781.390000
6781.390000
6781.390000
6781.390000
6781.390000
6781.390000
6781.390000
6781.390000
6781.390000
6781.390000
6781.390000
6781.390000
6781.390000
0.000000
0.000000
0.000000
0.000000
0.000000
0.000000
0.000000
0.000000
0.000000
0.000000
0.000000
0.000000
0.000000
0.000000
5432.286760
6781.390000
6781.390000
6781.390000
6781.390000
6781.390000
6781.390000
6781.390000
6781.390000
6781.390000
6781.390000
6781.390000
6781.390000
6781.390000
6781.390000
6781.390000
6781.390000
6781.390000
6781.390000
6781.390000
6781.390000
6781.390000
6781.390000
6781.390000
6781.390000
6781.390000
6781.390000
6781.390000
6781.390000
6781.390000
6781.390000
6781.390000
6781.390000
6781.390000
0.000000
0.000000
0.000000
0.000000
0.000000
0.000000
0.000000
0.000000
0.000000
0.000000
0.000000
0.000000
0.000000
0.000000
6781.390000
6781.390000
6781.390000
6781.390000
6781.390000
6781.390000
6781.390000
6781.390000
6781.390000
6781.390000
6781.390000
6781.390000
6781.390000
6781.390000
6781.390000
6781.390000
6781.390000
6781.390000
6781.390000
6781.390000
6781.390000
6781.390000
6781.390000
6781.390000
6781.390000
6781.390000
6781.390000
6781.390000
6781.390000
6781.390000
6781.390000
6781.390000
6781.390000
6781.390000
1437.825302
2325.248572
0.000000
0.000000
0.000000
0.000000
2118.244971
3735.410795
6090.332411
6781.390000
6781.390000
6781.390000
6781.390000
6781.390000
6781.390000
6781.390000
6781.390000
6781.390000
6781.390000
6781.390000
6781.390000
6781.390000
6781.390000
6781.390000
6781.390000
6781.390000
6781.390000
6781.390000
6781.390000
6781.390000
6781.390000
6781.390000
6781.390000
6781.390000
6781.390000
6781.390000
6781.390000
6781.390000
6781.390000
6781.390000
6781.390000
6781.390000
6781.390000
6781.390000
6781.390000
6781.390000
6781.390000
6781.390000
0.000000
0.000000
0.000000
0.000000
0.000000
0.000000
0.000000
0.000000
0.000000
0.000000
0.000000
0.000000
0.000000
0.000000
0.000000
0.000000
3593.310140
6781.390000
6781.390000
6781.390000
6781.390000
6781.390000
6781.390000
6781.390000
6781.390000
6781.390000
6781.390000
6781.390000
6781.390000
6781.390000
6781.390000
6781.390000
6781.390000
6781.390000
6781.390000
6781.390000
6781.390000
6781.390000
6781.390000
6781.390000
6781.390000
6781.390000
6781.390000
6781.390000
6781.390000
6781.390000
6781.390000
6781.390000
6781.390000
6781.390000
6781.390000
6781.390000
6781.390000
6781.390000
6781.390000
6781.390000
6781.390000
6781.390000
6781.390000
6781.390000
6781.390000
6781.390000
6781.390000
6781.390000
6781.390000
6781.390000
6781.390000
6781.390000
6781.390000
6781.390000
6781.390000
6781.390000
6781.390000
6781.390000
6781.390000
6781.390000
6781.390000
6781.390000
6781.390000
6781.390000
6781.390000
6781.390000
6781.390000
6781.390000
6781.390000
6781.390000
6781.390000
6781.390000
6781.390000
6781.390000
6781.390000
6781.390000
6781.390000
6781.390000
6781.390000
6781.390000
6781.390000
6781.390000
6781.390000
6781.390000
0.000000
1907.366981
6781.390000
6781.390000
6781.390000
6781.390000
6781.390000
6781.390000
6781.390000
6781.390000
6781.390000
6781.390000
6781.390000
6781.390000
6781.390000
6781.390000
6781.390000
6781.390000
6781.390000
6781.390000
6781.390000
6781.390000
6781.390000
6781.390000
6781.390000
6781.390000
6781.390000
6781.390000
6781.390000
6781.390000
6781.390000
6781.390000
6781.390000
6781.390000
6781.390000
6781.390000
6781.390000
6781.390000
6781.390000
6781.390000
6781.390000
6781.390000
6781.390000
6781.390000
2019.841718
4759.914057
0.000000
788.599482
0.000000
0.000000
0.000000
0.000000
2537.836464
2402.120114
6781.390000
6781.390000
6781.390000
6781.390000
6781.390000
6781.390000
6781.390000
6781.390000
6781.390000
6781.390000
6781.390000
6781.390000
6781.390000
6781.390000
6781.390000
6781.390000
6781.390000
6781.390000
6781.390000
6781.390000
6781.390000
6781.390000
6781.390000
6781.390000
6781.390000
6781.390000
6781.390000
6781.390000
6781.390000
6781.390000
6781.390000
6781.390000
6781.390000
6781.390000
6781.390000
6781.390000
6781.390000
6781.390000
0.000000
0.000000
0.000000
0.000000
0.000000
0.000000
0.000000
0.000000
0.000000
0.000000
0.000000
0.000000
0.000000
0.000000
5435.438939
6781.390000
6781.390000
6781.390000
6781.390000
6781.390000
6781.390000
6781.390000
6781.390000
6781.390000
6781.390000
6781.390000
6781.390000
6781.390000
6781.390000
6781.390000
6781.390000
6781.390000
6781.390000
6781.390000
6781.390000
6781.390000
6781.390000
6781.390000
6781.390000
6781.390000
6781.390000
6781.390000
6781.390000
6781.390000
6781.390000
6781.390000
6781.390000
6781.390000
6781.390000
6781.390000
6781.390000
6781.390000
6781.390000
6781.390000
6781.390000
6781.390000
6781.390000
6781.390000
6781.390000
6781.390000
6781.390000
6781.390000
6781.390000
6781.390000
6781.390000
6781.390000
6781.390000
6781.390000
6781.390000
6781.390000
6781.390000
6781.390000
6781.390000
6781.390000
6781.390000
6781.390000
6781.390000
6781.390000
6781.390000
6781.390000
6781.390000
6781.390000
6781.390000
6781.390000
6781.390000
6781.390000
6781.390000
6781.390000
6781.390000
6781.390000
6781.390000
6781.390000
6781.390000
6781.390000
6781.390000
6781.390000
6781.390000
6781.390000
4417.856667
5497.163503
0.000000
1025.526048
2555.494411
4341.757454
6781.390000
6781.390000
6781.390000
6781.390000
6781.390000
6781.390000
6781.390000
6781.390000
6781.390000
6781.390000
6781.390000
6781.390000
6781.390000
6781.390000
6781.390000
6781.390000
6781.390000
6781.390000
6781.390000
6781.390000
6781.390000
6781.390000
6781.390000
6781.390000
6781.390000
6781.390000
6781.390000
6781.390000
6781.390000
6781.390000
6781.390000
6781.390000
6781.390000
6781.390000
6781.390000
6781.390000
6781.390000
6781.390000
6781.390000
6781.390000
6781.390000
6781.390000
0.000000
0.000000
0.000000
0.000000
0.000000
0.000000
0.000000
0.000000
1441.821434
1608.156255
4946.085149
4650.576087
5485.688758
6457.597465
6781.390000
6781.390000
6781.390000
6781.390000
6781.390000
6781.390000
6781.390000
6781.390000
6781.390000
6781.390000
6781.390000
6781.390000
6781.390000
6781.390000
6781.390000
6781.390000
6781.390000
6781.390000
6781.390000
6781.390000
6781.390000
6781.390000
6781.390000
6781.390000
6781.390000
6781.390000
6781.390000
6781.390000
6781.390000
6781.390000
6781.390000
6781.390000
6781.390000
6781.390000
0.000000
0.000000
0.000000
0.000000
0.000000
0.000000
0.000000
0.000000
3619.011912
4161.846537
5762.661153
5716.729329
6781.390000
0.000000
0.000000
0.000000
0.000000
0.000000
2486.397607
5677.294980
6781.390000
6781.390000
6781.390000
6781.390000
6781.390000
6781.390000
6781.390000
6781.390000
6781.390000
6781.390000
6781.390000
6781.390000
6781.390000
6781.390000
6781.390000
6781.390000
6781.390000
6781.390000
6781.390000
6781.390000
6781.390000
6781.390000
6781.390000
6781.390000
6781.390000
6781.390000
6781.390000
6781.390000
6781.390000
6219.511850
0.000000
0.000000
0.000000
0.000000
0.000000
0.000000
0.000000
0.000000
0.000000
0.000000
0.000000
0.000000
0.000000
0.000000
0.000000
0.000000
0.000000
0.000000
6781.390000
6781.390000
6781.390000
6781.390000
6781.390000
6781.390000
6781.390000
6781.390000
6781.390000
6781.390000
6781.390000
6781.390000
6781.390000
6781.390000
6781.390000
6781.390000
6781.390000
6781.390000
6781.390000
6781.390000
5546.719557
6601.382057
6781.390000
6781.390000
6781.390000
6781.390000
0.000000
0.000000
0.000000
0.000000
0.000000
0.000000
0.000000
0.000000
0.000000
0.000000
0.000000
0.000000
0.000000
0.000000
0.000000
0.000000
0.000000
6781.390000
6781.390000
6781.390000
6781.390000
6781.390000
6781.390000
6781.390000
6781.390000
6781.390000
6781.390000
6781.390000
6781.390000
6781.390000
6781.390000
6781.390000
6781.390000
6781.390000
6781.390000
6781.390000
6781.390000
6781.390000
6781.390000
6781.390000
6781.390000
6781.390000
6781.390000
6781.390000
6781.390000
6781.390000
6781.390000
6781.390000
6781.390000
6781.390000
6781.390000
6781.390000
6781.390000
6781.390000
6781.390000
6781.390000
6781.390000
6781.390000
6781.390000
6781.390000
6781.390000
6781.390000
6781.390000
6781.390000
6781.390000
6781.390000
6781.390000
6781.390000
6781.390000
6781.390000
6781.390000
6781.390000
6781.390000
6781.390000
6781.390000
6781.390000
6781.390000
6781.390000
6781.390000
6781.390000
6781.390000
6781.390000
6781.390000
6781.390000
6781.390000
6781.390000
6781.390000
6781.390000
6781.390000
6781.390000
6781.390000
6781.390000
6781.390000
6781.390000
6781.390000
6781.390000
6781.390000
6781.390000
6781.390000
6781.390000
6781.390000
6781.390000
6781.390000
6781.390000
6781.390000
6781.390000
6781.390000
6781.390000
6781.390000
6781.390000
6781.390000
6781.390000
6781.390000
6781.390000
6781.390000
6781.390000
6781.390000
6781.390000
6781.390000
6781.390000
6781.390000
6781.390000
6781.390000
6781.390000
6781.390000
6781.390000
6781.390000
6781.390000
6781.390000
6781.390000
6781.390000
6781.390000
6781.390000
6781.390000
6781.390000
6781.390000
6781.390000
6781.390000
6781.390000
6781.390000
6781.390000
6781.390000
6781.390000
6781.390000
3289.921532
3958.693760
0.000000
0.000000
0.000000
0.000000
0.000000
0.000000
0.000000
0.000000
0.000000
0.000000
0.000000
0.000000
0.000000
0.000000
0.000000
6781.390000
3816.895029
6781.390000
6781.390000
6781.390000
6781.390000
6781.390000
6781.390000
6781.390000
6781.390000
6781.390000
6781.390000
6781.390000
6781.390000
6781.390000
6781.390000
6781.390000
6781.390000
6781.390000
6781.390000
6781.390000
6781.390000
6781.390000
6781.390000
6781.390000
6781.390000
6781.390000
6781.390000
6781.390000
6781.390000
6781.390000
6781.390000
6781.390000
2810.074769
3733.288296
0.000000
0.000000
4821.202715
6781.390000
6781.390000
6781.390000
6781.390000
6781.390000
6781.390000
6781.390000
1750.058401
2644.282672
1454.474420
0.000000
0.000000
2163.554103
5570.283286
6781.390000
6781.390000
6781.390000
6781.390000
6781.390000
6781.390000
6781.390000
6781.390000
6781.390000
6781.390000
6781.390000
6781.390000
6781.390000
6781.390000
6781.390000
6781.390000
6781.390000
6781.390000
6781.390000
6781.390000
6781.390000
6781.390000
6781.390000
6781.390000
6781.390000
6781.390000
6781.390000
6781.390000
6781.390000
5829.697423
6781.390000
1813.061235
0.000000
0.000000
0.000000
0.000000
0.000000
0.000000
0.000000
0.000000
0.000000
0.000000
1077.921208
6536.364498
6781.390000
6781.390000
6781.390000
6781.390000
6781.390000
6781.390000
6781.390000
6781.390000
6781.390000
6781.390000
6781.390000
6781.390000
6781.390000
6781.390000
6781.390000
6781.390000
6781.390000
6781.390000
6781.390000
6781.390000
6781.390000
6781.390000
6781.390000
6781.390000
6781.390000
6781.390000
6781.390000
6781.390000
6781.390000
6781.390000
6781.390000
6781.390000
6781.390000
6781.390000
6781.390000
6781.390000
6781.390000
6781.390000
6781.390000
6781.390000
6781.390000
6781.390000
6781.390000
6781.390000
6781.390000
6781.390000
6781.390000
6781.390000
1660.929951
6048.197011
6781.390000
6781.390000
6781.390000
6781.390000
6781.390000
6781.390000
6781.390000
6781.390000
6781.390000
6781.390000
6781.390000
6781.390000
6781.390000
6781.390000
6781.390000
6781.390000
6781.390000
6781.390000
6781.390000
6781.390000
6781.390000
6781.390000
6781.390000
6781.390000
6781.390000
6781.390000
6781.390000
6781.390000
6781.390000
6781.390000
6781.390000
0.000000
0.000000
0.000000
0.000000
0.000000
0.000000
0.000000
0.000000
0.000000
0.000000
0.000000
0.000000
0.000000
0.000000
0.000000
6781.390000
6781.390000
6781.390000
6781.390000
6781.390000
6781.390000
6781.390000
6781.390000
6781.390000
6781.390000
6781.390000
6781.390000
6781.390000
6781.390000
6781.390000
6781.390000
6781.390000
6781.390000
6781.390000
6781.390000
6781.390000
6781.390000
6781.390000
6781.390000
6781.390000
6781.390000
6781.390000
6781.390000
6781.390000
6781.390000
6781.390000
6781.390000
6781.390000
6781.390000
6781.390000
6781.390000
6781.390000
0.000000
0.000000
1265.743667
1574.631006
1753.541972
2328.727213
6781.390000
6781.390000
6781.390000
6781.390000
6781.390000
6781.390000
6781.390000
6781.390000
6781.390000
6781.390000
6781.390000
6781.390000
6781.390000
6781.390000
6781.390000
6781.390000
6781.390000
6781.390000
6781.390000
6781.390000
6781.390000
6781.390000
6781.390000
6781.390000
6781.390000
6781.390000
6781.390000
6781.390000
6781.390000
6781.390000
6781.390000
6781.390000
6781.390000
6781.390000
6781.390000
6781.390000
6781.390000
6781.390000
1404.188669
3483.756958
6781.390000
6781.390000
6781.390000
6781.390000
6781.390000
6781.390000
6781.390000
6781.390000
6781.390000
6781.390000
6781.390000
6781.390000
6781.390000
6781.390000
6781.390000
6781.390000
6781.390000
6781.390000
6781.390000
6781.390000
6781.390000
6781.390000
6781.390000
6781.390000
6781.390000
6781.390000
6781.390000
6781.390000
6781.390000
6781.390000
6781.390000
6781.390000
6781.390000
6781.390000
6781.390000
6781.390000
6781.390000
6781.390000
6781.390000
6781.390000
6781.390000
6781.390000
6781.390000
6781.390000
2851.596753
3451.297481
0.000000
0.000000
0.000000
0.000000
0.000000
0.000000
0.000000
0.000000
4456.087573
4488.823179
6781.390000
6781.390000
6781.390000
6781.390000
6781.390000
6781.390000
6781.390000
6781.390000
6781.390000
6781.390000
6781.390000
6781.390000
6781.390000
6781.390000
6781.390000
6781.390000
6781.390000
6781.390000
6781.390000
6781.390000
6781.390000
6781.390000
6781.390000
6781.390000
6781.390000
6781.390000
6781.390000
6781.390000
6781.390000
6781.390000
6781.390000
6781.390000
6781.390000
6781.390000
6781.390000
6781.390000
4459.419546
4944.805736
0.000000
0.000000
0.000000
0.000000
0.000000
0.000000
6781.390000
6781.390000
6781.390000
6781.390000
6781.390000
6781.390000
6781.390000
6781.390000
6781.390000
6781.390000
6781.390000
6781.390000
6781.390000
6781.390000
6781.390000
6781.390000
6781.390000
6781.390000
6781.390000
6781.390000
6781.390000
6781.390000
6781.390000
6781.390000
6781.390000
6781.390000
6781.390000
6781.390000
6781.390000
6781.390000
6781.390000
6781.390000
6781.390000
6781.390000
6781.390000
6781.390000
6781.390000
6781.390000
6781.390000
6781.390000
6781.390000
6781.390000
1174.247574
3376.538717
520.404213
0.000000
0.000000
0.000000
0.000000
0.000000
557.557141
1214.332888
6561.357233
6781.390000
6781.390000
6781.390000
6781.390000
6781.390000
6781.390000
6781.390000
6781.390000
6781.390000
6781.390000
6781.390000
6781.390000
6781.390000
6781.390000
6781.390000
6781.390000
6781.390000
6781.390000
6781.390000
6781.390000
6781.390000
6781.390000
6781.390000
6781.390000
6781.390000
6781.390000
6781.390000
6781.390000
6781.390000
6781.390000
6781.390000
6781.390000
6781.390000
6781.390000
6781.390000
6781.390000
6781.390000
1608.232051
4018.061544
5527.658634
3676.616718
3959.907593
2350.020357
0.000000
0.000000
0.000000
929.575794
6781.390000
6781.390000
6781.390000
6781.390000
6781.390000
6781.390000
6781.390000
6781.390000
6781.390000
6781.390000
6781.390000
6781.390000
6781.390000
6781.390000
6781.390000
6781.390000
6781.390000
6781.390000
6781.390000
6781.390000
6781.390000
6781.390000
6781.390000
6781.390000
6781.390000
6781.390000
6781.390000
6781.390000
6781.390000
6781.390000
6781.390000
6781.390000
6781.390000
6781.390000
6781.390000
6781.390000
6781.390000
6781.390000
0.000000
0.000000
0.000000
0.000000
0.000000
0.000000
0.000000
0.000000
0.000000
0.000000
2893.522039
3815.972041
6045.570427
6781.390000
6781.390000
6781.390000
6781.390000
6781.390000
6781.390000
6781.390000
6781.390000
6781.390000
6781.390000
6781.390000
6781.390000
6781.390000
6781.390000
6781.390000
6781.390000
6781.390000
6781.390000
6781.390000
6781.390000
6781.390000
6781.390000
6781.390000
6781.390000
6781.390000
6781.390000
6781.390000
6781.390000
6781.390000
6781.390000
6781.390000
6781.390000
6781.390000
6781.390000
6781.390000
4103.431840
6617.865563
5535.639520
3818.076277
0.000000
0.000000
1157.419469
1643.661233
4275.802501
5290.305970
4923.290633
5620.187545
6752.168691
6781.390000
6781.390000
6781.390000
6781.390000
6781.390000
6781.390000
6781.390000
6781.390000
6781.390000
6781.390000
6781.390000
6781.390000
6781.390000
6781.390000
6781.390000
6781.390000
6781.390000
6781.390000
6781.390000
6781.390000
6781.390000
6781.390000
6781.390000
6781.390000
6781.390000
6781.390000
6781.390000
6781.390000
6781.390000
6781.390000
6781.390000
6781.390000
6781.390000
6781.390000
6781.390000
0.000000
2056.084786
0.000000
0.000000
0.000000
0.000000
0.000000
0.000000
0.000000
0.000000
1268.185887
1974.046773
3346.883751
5431.708620
6781.390000
6781.390000
6781.390000
6781.390000
6781.390000
6781.390000
6781.390000
6781.390000
6781.390000
6781.390000
6781.390000
6781.390000
6781.390000
6781.390000
6781.390000
6781.390000
6781.390000
6781.390000
6781.390000
6781.390000
6781.390000
6781.390000
6781.390000
6781.390000
6781.390000
6781.390000
6781.390000
6781.390000
6781.390000
6781.390000
6781.390000
6781.390000
6781.390000
6781.390000
0.000000
0.000000
0.000000
1011.373508
6781.390000
6781.390000
6781.390000
6781.390000
6781.390000
6781.390000
6781.390000
6781.390000
6781.390000
6781.390000
6781.390000
6781.390000
6781.390000
6781.390000
6781.390000
6781.390000
6781.390000
6781.390000
6781.390000
6781.390000
6781.390000
6781.390000
6781.390000
6781.390000
6781.390000
6781.390000
6781.390000
6781.390000
6781.390000
6781.390000
6781.390000
6781.390000
6781.390000
6781.390000
6781.390000
6781.390000
6781.390000
6781.390000
6781.390000
6781.390000
6781.390000
6781.390000
6781.390000
6781.390000
5872.794345
6776.098916
1986.261849
3878.320103
5442.885362
6781.390000
6781.390000
6781.390000
6781.390000
6781.390000
6781.390000
6781.390000
6781.390000
6781.390000
6781.390000
6781.390000
6781.390000
6781.390000
6781.390000
6781.390000
6781.390000
6781.390000
6781.390000
6781.390000
6781.390000
6781.390000
6781.390000
6781.390000
6781.390000
6781.390000
6781.390000
6781.390000
6781.390000
6781.390000
6781.390000
6781.390000
6781.390000
6781.390000
6781.390000
6781.390000
6781.390000
6781.390000
6781.390000
6781.390000
6781.390000
6781.390000
6781.390000
6781.390000
6781.390000
6781.390000
6781.390000
6781.390000
6781.390000
6781.390000
6781.390000
6781.390000
6781.390000
6781.390000
6781.390000
6781.390000
6781.390000
6781.390000
6781.390000
6781.390000
6781.390000
6781.390000
6781.390000
6781.390000
6781.390000
6781.390000
6781.390000
6781.390000
6781.390000
6781.390000
6781.390000
6781.390000
6781.390000
6781.390000
6781.390000
6781.390000
6781.390000
6781.390000
6781.390000
6781.390000
6781.390000
6781.390000
6781.390000
6781.390000
6781.390000
6781.390000
6781.390000
6781.390000
6781.390000
6781.390000
6781.390000
6781.390000
6781.390000
6781.390000
6781.390000
6781.390000
6781.390000
6781.390000
6781.390000
6781.390000
6781.390000
6781.390000
6781.390000
6781.390000
6781.390000
6781.390000
6781.390000
6781.390000
6781.390000
6781.390000
6781.390000
6781.390000
6781.390000
6781.390000
6781.390000
6781.390000
6781.390000
6781.390000
6781.390000
6781.390000
6781.390000
6781.390000
6781.390000
6781.390000
6781.390000
6781.390000
6781.390000
6781.390000
6781.390000
6781.390000
6781.390000
6781.390000
6781.390000
6781.390000
6781.390000
6781.390000
6781.390000
6781.390000
6781.390000
6781.390000
6781.390000
6781.390000
6781.390000
6781.390000
6781.390000
6781.390000
6781.390000
6781.390000
6781.390000
6781.390000
6781.390000
6781.390000
6781.390000
6781.390000
6781.390000
6781.390000
6781.390000
6781.390000
6781.390000
6781.390000
6781.390000
6781.390000
6781.390000
6781.390000
6781.390000
6781.390000
6781.390000
6781.390000
6781.390000
6781.390000
6781.390000
6781.390000
6781.390000
6781.390000
6781.390000
6781.390000
6781.390000
6781.390000
6781.390000
6781.390000
6781.390000
6781.390000
6781.390000
6781.390000
6781.390000
6781.390000
6781.390000
6781.390000
6781.390000
6781.390000
6781.390000
6781.390000
6781.390000
6781.390000
6781.390000
6781.390000
6781.390000
6781.390000
6781.390000
6781.390000
6781.390000
6781.390000
6781.390000
6781.390000
6781.390000
6781.390000
6781.390000
6781.390000
6781.390000
6781.390000
6781.390000
6781.390000
6781.390000
6781.390000
6781.390000
6781.390000
6781.390000
6781.390000
6781.390000
6781.390000
6781.390000
6781.390000
6781.390000
6781.390000
6781.390000
6781.390000
6781.390000
6781.390000
6781.390000
6781.390000
6781.390000
6781.390000
6781.390000
6781.390000
0.000000
0.000000
0.000000
0.000000
0.000000
0.000000
0.000000
0.000000
0.000000
0.000000
0.000000
0.000000
0.000000
0.000000
0.000000
0.000000
0.000000
0.000000
0.000000
0.000000
1085.569535
4807.354875
6781.390000
6781.390000
6781.390000
6781.390000
6781.390000
6781.390000
6781.390000
6781.390000
6781.390000
6781.390000
6781.390000
6781.390000
6781.390000
6781.390000
6781.390000
6781.390000
6781.390000
6781.390000
6781.390000
6781.390000
6781.390000
6781.390000
6781.390000
6781.390000
6781.390000
6781.390000
6781.390000
6781.390000
6781.390000
6781.390000
6781.390000
6781.390000
6781.390000
6781.390000
6781.390000
6781.390000
6781.390000
6781.390000
6047.685020
5179.333023
3004.727727
3707.512159
5717.292499
0.000000
0.000000
0.000000
3098.478814
6321.539521
6781.390000
6781.390000
6781.390000
6781.390000
6781.390000
6781.390000
6781.390000
6781.390000
6781.390000
6781.390000
6781.390000
6781.390000
6781.390000
6781.390000
6781.390000
6781.390000
6781.390000
6781.390000
6781.390000
6781.390000
6781.390000
6781.390000
6781.390000
6781.390000
6781.390000
6781.390000
5100.331255
5770.696725
0.000000
0.000000
0.000000
0.000000
0.000000
0.000000
0.000000
0.000000
0.000000
0.000000
0.000000
0.000000
0.000000
0.000000
0.000000
4957.221833
6781.390000
6781.390000
6781.390000
6781.390000
6781.390000
6781.390000
6781.390000
6781.390000
6781.390000
6781.390000
6781.390000
6781.390000
6781.390000
6781.390000
6781.390000
6781.390000
6781.390000
6781.390000
6781.390000
6781.390000
6781.390000
6781.390000
6781.390000
6781.390000
6781.390000
6781.390000
6781.390000
6781.390000
6781.390000
6781.390000
6781.390000
6781.390000
0.000000
0.000000
0.000000
0.000000
643.647895
0.000000
0.000000
0.000000
544.813227
1190.463656
0.000000
0.000000
2669.338571
4556.852601
6781.390000
6615.962047
6781.390000
6781.390000
6781.390000
6781.390000
6781.390000
6781.390000
6781.390000
6781.390000
6781.390000
6781.390000
6781.390000
6781.390000
6781.390000
6781.390000
6781.390000
6781.390000
6781.390000
6781.390000
6781.390000
6781.390000
6781.390000
6781.390000
6781.390000
6781.390000
6781.390000
6781.390000
6781.390000
6781.390000
6781.390000
6781.390000
6781.390000
6781.390000
805.630989
3133.760352
0.000000
0.000000
0.000000
0.000000
0.000000
0.000000
0.000000
0.000000
0.000000
0.000000
0.000000
0.000000
2063.627493
5239.315984
6781.390000
6781.390000
6781.390000
6781.390000
6781.390000
6781.390000
6781.390000
6781.390000
6781.390000
6781.390000
6781.390000
6781.390000
6781.390000
6781.390000
6781.390000
6781.390000
6781.390000
6781.390000
6781.390000
6781.390000
6781.390000
6781.390000
6781.390000
6781.390000
6781.390000
6781.390000
6781.390000
6781.390000
6781.390000
6781.390000
3659.756913
6704.789631
0.000000
0.000000
0.000000
0.000000
0.000000
0.000000
0.000000
0.000000
0.000000
0.000000
0.000000
0.000000
0.000000
0.000000
819.830984
4014.894072
6769.266856
6781.390000
6781.390000
6781.390000
6781.390000
6781.390000
6781.390000
6781.390000
6781.390000
6781.390000
6781.390000
6781.390000
6781.390000
6781.390000
6781.390000
6781.390000
6781.390000
6781.390000
6781.390000
6781.390000
6781.390000
6781.390000
6781.390000
6781.390000
6781.390000
6781.390000
6781.390000
6781.390000
6781.390000
6781.390000
6781.390000
6781.390000
0.000000
0.000000
0.000000
0.000000
0.000000
0.000000
0.000000
0.000000
0.000000
0.000000
0.000000
0.000000
0.000000
1032.253543
0.000000
654.736388
6781.390000
6781.390000
6781.390000
6781.390000
6781.390000
6781.390000
6781.390000
6781.390000
6781.390000
6781.390000
6781.390000
6781.390000
6781.390000
6781.390000
6781.390000
6781.390000
6781.390000
6781.390000
6781.390000
6781.390000
6781.390000
6781.390000
6781.390000
6781.390000
6781.390000
6781.390000
6781.390000
6781.390000
6781.390000
6781.390000
6781.390000
6781.390000
6781.390000
6781.390000
6459.741757
4239.035685
0.000000
0.000000
0.000000
0.000000
0.000000
0.000000
0.000000
0.000000
0.000000
1128.005528
5652.369050
6781.390000
6781.390000
6781.390000
6781.390000
6781.390000
6781.390000
6781.390000
6781.390000
6781.390000
6781.390000
6781.390000
6781.390000
6781.390000
6781.390000
6781.390000
6781.390000
6781.390000
6781.390000
6781.390000
6781.390000
6781.390000
6781.390000
6781.390000
6781.390000
6781.390000
6781.390000
6781.390000
6781.390000
6781.390000
6781.390000
6781.390000
6781.390000
6781.390000
0.000000
0.000000
0.000000
0.000000
0.000000
0.000000
0.000000
0.000000
0.000000
0.000000
0.000000
0.000000
0.000000
0.000000
0.000000
0.000000
0.000000
39.821763
4601.693334
6781.390000
6781.390000
6781.390000
6781.390000
6781.390000
6781.390000
6781.390000
6781.390000
6781.390000
6781.390000
6781.390000
6781.390000
6781.390000
6781.390000
6781.390000
6781.390000
6781.390000
6781.390000
6781.390000
6781.390000
6781.390000
6781.390000
6781.390000
6781.390000
6781.390000
6781.390000
6781.390000
6781.390000
6781.390000
0.000000
0.000000
0.000000
0.000000
0.000000
0.000000
0.000000
0.000000
0.000000
0.000000
0.000000
0.000000
0.000000
0.000000
0.000000
0.000000
6781.390000
6781.390000
6781.390000
6781.390000
6781.390000
6781.390000
6781.390000
6781.390000
6781.390000
6781.390000
6781.390000
6781.390000
6781.390000
6781.390000
6781.390000
6781.390000
6781.390000
6781.390000
6781.390000
6781.390000
6781.390000
6781.390000
6781.390000
6781.390000
6781.390000
6781.390000
6781.390000
6781.390000
6781.390000
6781.390000
6781.390000
6781.390000
0.000000
0.000000
0.000000
0.000000
728.969351
0.000000
0.000000
0.000000
610.345498
1259.504678
0.000000
0.000000
2744.176199
4646.961221
6781.390000
6753.507934
6781.390000
6781.390000
6781.390000
6781.390000
6781.390000
6781.390000
6781.390000
6781.390000
6781.390000
6781.390000
6781.390000
6781.390000
6781.390000
6781.390000
6781.390000
6781.390000
6781.390000
6781.390000
6781.390000
6781.390000
6781.390000
6781.390000
6781.390000
6781.390000
6781.390000
6781.390000
6781.390000
6781.390000
6781.390000
6781.390000
6781.390000
6781.390000
5575.305304
6781.390000
0.000000
0.000000
0.000000
0.000000
0.000000
0.000000
0.000000
0.000000
0.000000
0.000000
4692.806890
6682.904046
3255.598776
4363.373762
6781.390000
6781.390000
6781.390000
6781.390000
6781.390000
6781.390000
6781.390000
6781.390000
6781.390000
6781.390000
6781.390000
6781.390000
6781.390000
6781.390000
6781.390000
6781.390000
6781.390000
6781.390000
6781.390000
6781.390000
6781.390000
6781.390000
6781.390000
6781.390000
6781.390000
6781.390000
6781.390000
6781.390000
6781.390000
6781.390000
6781.390000
6781.390000
0.000000
0.000000
0.000000
0.000000
0.000000
0.000000
0.000000
0.000000
1475.647263
2136.294450
2818.188504
3589.306811
6781.390000
6781.390000
6781.390000
6781.390000
6781.390000
6781.390000
6781.390000
6781.390000
6781.390000
6781.390000
6781.390000
6781.390000
6781.390000
6781.390000
6781.390000
6781.390000
6781.390000
6781.390000
6781.390000
6781.390000
6781.390000
6781.390000
6781.390000
6781.390000
6781.390000
6781.390000
6781.390000
6781.390000
6781.390000
6781.390000
6781.390000
6781.390000
6781.390000
6781.390000
6781.390000
6781.390000
6781.390000
6781.390000
6781.390000
6781.390000
6781.390000
6781.390000
6781.390000
6781.390000
6781.390000
6781.390000
6781.390000
6781.390000
6781.390000
6781.390000
6781.390000
6781.390000
6781.390000
6781.390000
6781.390000
6781.390000
6781.390000
6781.390000
6781.390000
6781.390000
6781.390000
6781.390000
6781.390000
6781.390000
6781.390000
6781.390000
6781.390000
6781.390000
6781.390000
6781.390000
6781.390000
6781.390000
6781.390000
6781.390000
6781.390000
6781.390000
6781.390000
6781.390000
6781.390000
6781.390000
6781.390000
6781.390000
6781.390000
6781.390000
6781.390000
6781.390000
6781.390000
5861.423372
0.000000
0.000000
0.000000
0.000000
3665.395847
4473.115502
6781.390000
6781.390000
6781.390000
6781.390000
6781.390000
6781.390000
6781.390000
6781.390000
6781.390000
6781.390000
6781.390000
6781.390000
6781.390000
6781.390000
6781.390000
6781.390000
6781.390000
6781.390000
6781.390000
6781.390000
6781.390000
6781.390000
6781.390000
6781.390000
6781.390000
6781.390000
6781.390000
6781.390000
6781.390000
6781.390000
6781.390000
6781.390000
6781.390000
6781.390000
6781.390000
6781.390000
6781.390000
6781.390000
0.000000
0.000000
0.000000
0.000000
0.000000
0.000000
0.000000
0.000000
0.000000
0.000000
0.000000
0.000000
0.000000
0.000000
4109.560592
6781.390000
6781.390000
6781.390000
6781.390000
6781.390000
6781.390000
6781.390000
6781.390000
6781.390000
6781.390000
6781.390000
6781.390000
6781.390000
6781.390000
6781.390000
6781.390000
6781.390000
6781.390000
6781.390000
6781.390000
6781.390000
6781.390000
6781.390000
6781.390000
6781.390000
6781.390000
6781.390000
6781.390000
6781.390000
6781.390000
6781.390000
3254.254825
3897.242297
0.000000
0.000000
0.000000
0.000000
0.000000
0.000000
0.000000
0.000000
0.000000
0.000000
0.000000
0.000000
4047.865050
4840.015859
6781.390000
4708.629350
2995.190266
6623.908916
6781.390000
6781.390000
6781.390000
6781.390000
6781.390000
6781.390000
6781.390000
6781.390000
6781.390000
6781.390000
6781.390000
6781.390000
6781.390000
6781.390000
6781.390000
6781.390000
6781.390000
6781.390000
6781.390000
6781.390000
6781.390000
6781.390000
6781.390000
6781.390000
6781.390000
6781.390000
6781.390000
6781.390000
6781.390000
6781.390000
6781.390000
6781.390000
6781.390000
6781.390000
6781.390000
5339.891856
6781.390000
6781.390000
6781.390000
6781.390000
6781.390000
6781.390000
6781.390000
6781.390000
6781.390000
6781.390000
6781.390000
6781.390000
6781.390000
6781.390000
6781.390000
6781.390000
6781.390000
6781.390000
6781.390000
6781.390000
6781.390000
6781.390000
6781.390000
6781.390000
6781.390000
6781.390000
6781.390000
6781.390000
6781.390000
6781.390000
6781.390000
6781.390000
6781.390000
6781.390000
6781.390000
6781.390000
6781.390000
6781.390000
6781.390000
6781.390000
6781.390000
6781.390000
6781.390000
6781.390000
6781.390000
6781.390000
6781.390000
5299.892222
6781.390000
6781.390000
6781.390000
6781.390000
6781.390000
6781.390000
6781.390000
6781.390000
6781.390000
6781.390000
6781.390000
6781.390000
6781.390000
6781.390000
6781.390000
6781.390000
6781.390000
6781.390000
6781.390000
6781.390000
6781.390000
6781.390000
6781.390000
6781.390000
6781.390000
6781.390000
6781.390000
6781.390000
6781.390000
6781.390000
6781.390000
6781.390000
6781.390000
6781.390000
6781.390000
6781.390000
6781.390000
6781.390000
6781.390000
6781.390000
6781.390000
6781.390000
6781.390000
6781.390000
6781.390000
6781.390000
6781.390000
5979.543930
6781.390000
6781.390000
6781.390000
6781.390000
6781.390000
6781.390000
6781.390000
6781.390000
6781.390000
6781.390000
6781.390000
6781.390000
6781.390000
6781.390000
6781.390000
6781.390000
6781.390000
6781.390000
6781.390000
6781.390000
6781.390000
6781.390000
6781.390000
6781.390000
6781.390000
6781.390000
6781.390000
6781.390000
6781.390000
6781.390000
6781.390000
6781.390000
6781.390000
6781.390000
6781.390000
6781.390000
6781.390000
6781.390000
6781.390000
6781.390000
6781.390000
6781.390000
6781.390000
6781.390000
6781.390000
6781.390000
6781.390000
6781.390000
6781.390000
6781.390000
6781.390000
6781.390000
6781.390000
6781.390000
6781.390000
6781.390000
6781.390000
6781.390000
6781.390000
6781.390000
6781.390000
6781.390000
6781.390000
6781.390000
6781.390000
6781.390000
6781.390000
6781.390000
6781.390000
6781.390000
6781.390000
6781.390000
6781.390000
6781.390000
6781.390000
6781.390000
6781.390000
6781.390000
6781.390000
6781.390000
6781.390000
6781.390000
6781.390000
6781.390000
6781.390000
6781.390000
6781.390000
6781.390000
6781.390000
6781.390000
6781.390000
6781.390000
6781.390000
6781.390000
6781.390000
6781.390000
6781.390000
6781.390000
6781.390000
6781.390000
6781.390000
6781.390000
6781.390000
6781.390000
6781.390000
6781.390000
6781.390000
6781.390000
6781.390000
6781.390000
6781.390000
6781.390000
6781.390000
6781.390000
6781.390000
6781.390000
6781.390000
6781.390000
6781.390000
6781.390000
6781.390000
6781.390000
6781.390000
6781.390000
6781.390000
6781.390000
6781.390000
6781.390000
6781.390000
6781.390000
6781.390000
6781.390000
6781.390000
6781.390000
6781.390000
6781.390000
6781.390000
6781.390000
6781.390000
6781.390000
0.000000
408.402302
6781.390000
6781.390000
6781.390000
6781.390000
6781.390000
6781.390000
6781.390000
6781.390000
6781.390000
6781.390000
6781.390000
6781.390000
6781.390000
6781.390000
6781.390000
6781.390000
6781.390000
6781.390000
6781.390000
6781.390000
6781.390000
6781.390000
6781.390000
6781.390000
6781.390000
6781.390000
6781.390000
6781.390000
6781.390000
6781.390000
6781.390000
6781.390000
6781.390000
6781.390000
6781.390000
6781.390000
6781.390000
6781.390000
6781.390000
6781.390000
6781.390000
6781.390000
6781.390000
6781.390000
6781.390000
6781.390000
6781.390000
6781.390000
6781.390000
6781.390000
6781.390000
6781.390000
6781.390000
6781.390000
6781.390000
6781.390000
6781.390000
6781.390000
6781.390000
6781.390000
6781.390000
6781.390000
6781.390000
6781.390000
6781.390000
6781.390000
6781.390000
6781.390000
6781.390000
6781.390000
6781.390000
6781.390000
6781.390000
6781.390000
6781.390000
6781.390000
6781.390000
6781.390000
6781.390000
6781.390000
6781.390000
6781.390000
6781.390000
6781.390000
6781.390000
6781.390000
6781.390000
6781.390000
6781.390000
6781.390000
6781.390000
6781.390000
6781.390000
6781.390000
6781.390000
6781.390000
6781.390000
6781.390000
6781.390000
6781.390000
6781.390000
6781.390000
6781.390000
6781.390000
6781.390000
6781.390000
6781.390000
6781.390000
6781.390000
6781.390000
6781.390000
6781.390000
6781.390000
6781.390000
6781.390000
6781.390000
6781.390000
6781.390000
6781.390000
6781.390000
6781.390000
6781.390000
6781.390000
6781.390000
6781.390000
6781.390000
6781.390000
6781.390000
6781.390000
6781.390000
6781.390000
6781.390000
6781.390000
6781.390000
6781.390000
6781.390000
6781.390000
6781.390000
6781.390000
6781.390000
6781.390000
6781.390000
6781.390000
6781.390000
6781.390000
6781.390000
6781.390000
6781.390000
6781.390000
6781.390000
6781.390000
6781.390000
6781.390000
6781.390000
6781.390000
6781.390000
6781.390000
6781.390000
6781.390000
6781.390000
6781.390000
6781.390000
6781.390000
6781.390000
6781.390000
6781.390000
6781.390000
6781.390000
6781.390000
6781.390000
6781.390000
6781.390000
6781.390000
6781.390000
6781.390000
6781.390000
6781.390000
6781.390000
6781.390000
6781.390000
6781.390000
6781.390000
6781.390000
6781.390000
6781.390000
6781.390000
6781.390000
6781.390000
6781.390000
6781.390000
6781.390000
6781.390000
6781.390000
6781.390000
6781.390000
6781.390000
6781.390000
6781.390000
6781.390000
6781.390000
6781.390000
6781.390000
6781.390000
6781.390000
6781.390000
6781.390000
6781.390000
6781.390000
6781.390000
6781.390000
6781.390000
6781.390000
6781.390000
6781.390000
6781.390000
6781.390000
6781.390000
6781.390000
6781.390000
6781.390000
6781.390000
6781.390000
6781.390000
6781.390000
6781.390000
6781.390000
6781.390000
6781.390000
6781.390000
6781.390000
6781.390000
6781.390000
6781.390000
6781.390000
6781.390000
6781.390000
6781.390000
6781.390000
6781.390000
6781.390000
6781.390000
6781.390000
6781.390000
6781.390000
6781.390000
6781.390000
6781.390000
6781.390000
6781.390000
6781.390000
6781.390000
6781.390000
6781.390000
6781.390000
6781.390000
6781.390000
6781.390000
6781.390000
6781.390000
6781.390000
6781.390000
6781.390000
6781.390000
6781.390000
6781.390000
6781.390000
6781.390000
6781.390000
6781.390000
6781.390000
6781.390000
6781.390000
6781.390000
6781.390000
6781.390000
6781.390000
6781.390000
6781.390000
6781.390000
6781.390000
6781.390000
6781.390000
6781.390000
6781.390000
6781.390000
6781.390000
6781.390000
6781.390000
6781.390000
6781.390000
6781.390000
6781.390000
6781.390000
6781.390000
6781.390000
6781.390000
6781.390000
6781.390000
6781.390000
6781.390000
6781.390000
6781.390000
6781.390000
6781.390000
6781.390000
6781.390000
6781.390000
6781.390000
6781.390000
6781.390000
6781.390000
6781.390000
6781.390000
6781.390000
6781.390000
6781.390000
6781.390000
6781.390000
6781.390000
6781.390000
6781.390000
6781.390000
6781.390000
6781.390000
6781.390000
6781.390000
6781.390000
6781.390000
6781.390000
6781.390000
6781.390000
6781.390000
6781.390000
6781.390000
6781.390000
6781.390000
6781.390000
6781.390000
6781.390000
6781.390000
6781.390000
6781.390000
6781.390000
6781.390000
6781.390000
6781.390000
6781.390000
6781.390000
6781.390000
6781.390000
6781.390000
6781.390000
6781.390000
6781.390000
6781.390000
6781.390000
6781.390000
6781.390000
6781.390000
6781.390000
6781.390000
6781.390000
6781.390000
6781.390000
6781.390000
6781.390000
6781.390000
6781.390000
6781.390000
6781.390000
6781.390000
6781.390000
6781.390000
6781.390000
6781.390000
6781.390000
6781.390000
6781.390000
6781.390000
6781.390000
0.000000
0.000000
0.000000
0.000000
0.000000
0.000000
0.000000
0.000000
0.000000
0.000000
0.000000
0.000000
4389.136457
5244.819077
6781.390000
6781.390000
6781.390000
6781.390000
6781.390000
6781.390000
6781.390000
6781.390000
6781.390000
6781.390000
6781.390000
6781.390000
6781.390000
6781.390000
6781.390000
6781.390000
6781.390000
6781.390000
6781.390000
6781.390000
6781.390000
6781.390000
6781.390000
6781.390000
6781.390000
6781.390000
6781.390000
6781.390000
6781.390000
6781.390000
6781.390000
6781.390000
6781.390000
6781.390000
0.000000
0.000000
0.000000
0.000000
0.000000
0.000000
0.000000
0.000000
0.000000
0.000000
6781.390000
6781.390000
6781.390000
6781.390000
6781.390000
6781.390000
6781.390000
6781.390000
6781.390000
6781.390000
6781.390000
6781.390000
6781.390000
6781.390000
6781.390000
6781.390000
6781.390000
6781.390000
6781.390000
6781.390000
6781.390000
6781.390000
6781.390000
6781.390000
6781.390000
6781.390000
6781.390000
6781.390000
6781.390000
6781.390000
6781.390000
6781.390000
6781.390000
6781.390000
6781.390000
6781.390000
6781.390000
6781.390000
0.000000
1307.048550
0.000000
0.000000
0.000000
0.000000
0.000000
0.000000
1265.050400
2106.579933
6041.553831
6731.231701
6781.390000
6781.390000
6781.390000
6781.390000
6781.390000
6781.390000
6781.390000
6781.390000
6781.390000
6781.390000
6781.390000
6781.390000
6781.390000
6781.390000
6781.390000
6781.390000
6781.390000
6781.390000
6781.390000
6781.390000
6781.390000
6781.390000
6781.390000
6781.390000
6781.390000
6781.390000
6781.390000
6781.390000
6781.390000
6781.390000
6781.390000
6781.390000
6781.390000
6781.390000
6781.390000
6781.390000
0.000000
0.000000
0.000000
0.000000
0.000000
0.000000
4384.551073
4550.385993
2220.338344
2931.148939
6781.390000
6781.390000
6781.390000
6781.390000
6781.390000
6781.390000
6781.390000
6781.390000
6781.390000
6781.390000
6781.390000
6781.390000
6781.390000
6781.390000
6781.390000
6781.390000
6781.390000
6781.390000
6781.390000
6781.390000
6781.390000
6781.390000
6781.390000
6781.390000
6781.390000
6781.390000
6781.390000
6781.390000
6781.390000
6781.390000
6781.390000
6781.390000
6781.390000
6781.390000
6781.390000
6781.390000
6781.390000
6781.390000
6781.390000
6781.390000
6781.390000
6781.390000
6781.390000
6781.390000
6781.390000
6781.390000
6781.390000
6781.390000
6781.390000
6781.390000
6781.390000
6781.390000
6781.390000
6781.390000
6781.390000
6781.390000
6781.390000
6781.390000
6781.390000
6781.390000
6781.390000
6781.390000
6781.390000
6781.390000
6781.390000
6781.390000
6781.390000
6781.390000
6781.390000
6781.390000
6781.390000
6781.390000
6781.390000
6781.390000
6781.390000
6781.390000
6781.390000
6781.390000
6781.390000
6781.390000
6781.390000
6781.390000
6781.390000
6781.390000
6781.390000
6781.390000
6781.390000
6781.390000
6781.390000
6781.390000
6781.390000
6781.390000
6781.390000
6781.390000
6781.390000
6781.390000
6781.390000
6781.390000
6781.390000
6781.390000
6781.390000
6781.390000
6781.390000
6781.390000
6781.390000
6781.390000
6781.390000
6781.390000
6781.390000
6781.390000
6781.390000
6781.390000
6781.390000
6781.390000
6781.390000
6781.390000
6781.390000
6781.390000
6781.390000
6781.390000
6781.390000
6781.390000
6781.390000
6781.390000
6781.390000
6781.390000
6781.390000
6781.390000
6781.390000
6781.390000
6781.390000
6781.390000
6781.390000
6781.390000
6781.390000
6781.390000
6781.390000
6781.390000
6781.390000
6781.390000
6781.390000
6781.390000
6781.390000
6781.390000
6781.390000
6781.390000
6781.390000
6781.390000
6781.390000
6781.390000
6781.390000
6781.390000
6781.390000
6781.390000
6781.390000
6781.390000
6781.390000
6781.390000
6781.390000
6781.390000
6781.390000
6781.390000
6781.390000
6781.390000
6781.390000
6781.390000
6781.390000
6781.390000
6781.390000
6781.390000
6781.390000
6781.390000
6781.390000
6781.390000
6781.390000
6781.390000
6781.390000
6781.390000
6781.390000
6781.390000
6781.390000
6781.390000
721.477335
1845.287421
0.000000
0.000000
0.000000
0.000000
0.000000
0.000000
4215.449226
4026.923323
6781.390000
6781.390000
6781.390000
6781.390000
6781.390000
6781.390000
6781.390000
6781.390000
6781.390000
6781.390000
6781.390000
6781.390000
6781.390000
6781.390000
6781.390000
6781.390000
6781.390000
6781.390000
6781.390000
6781.390000
6781.390000
6781.390000
6781.390000
6781.390000
6781.390000
6781.390000
6781.390000
6781.390000
6781.390000
6781.390000
6781.390000
6781.390000
6781.390000
6781.390000
6781.390000
6781.390000
6781.390000
6781.390000
6781.390000
6781.390000
3100.628128
646.322244
0.000000
0.000000
0.000000
0.000000
2314.532429
3021.883817
6781.390000
6781.390000
6781.390000
6781.390000
6781.390000
6781.390000
6781.390000
6781.390000
6781.390000
6781.390000
6781.390000
6781.390000
6781.390000
6781.390000
6781.390000
6781.390000
6781.390000
6781.390000
6781.390000
6781.390000
6781.390000
6781.390000
6781.390000
6781.390000
6781.390000
6781.390000
6781.390000
6781.390000
6781.390000
6781.390000
6781.390000
6781.390000
6781.390000
6781.390000
6781.390000
6781.390000
6781.390000
6781.390000
6781.390000
6781.390000
2227.070831
0.000000
0.000000
0.000000
0.000000
0.000000
0.000000
0.000000
199.922861
957.555525
6670.127415
6781.390000
6781.390000
6781.390000
6781.390000
6781.390000
6781.390000
6781.390000
6781.390000
6781.390000
6781.390000
6781.390000
6781.390000
6781.390000
6781.390000
6781.390000
6781.390000
6781.390000
6781.390000
6781.390000
6781.390000
6781.390000
6781.390000
6781.390000
6781.390000
6781.390000
6781.390000
6781.390000
6781.390000
6781.390000
6781.390000
6781.390000
6781.390000
6781.390000
6781.390000
6781.390000
0.000000
469.232495
0.000000
0.000000
0.000000
0.000000
0.000000
0.000000
1956.976880
2859.618797
6781.390000
6781.390000
6781.390000
6781.390000
6781.390000
6781.390000
6781.390000
6781.390000
6781.390000
6781.390000
6781.390000
6781.390000
6781.390000
6781.390000
6781.390000
6781.390000
6781.390000
6781.390000
6781.390000
6781.390000
6781.390000
6781.390000
6781.390000
6781.390000
6781.390000
6781.390000
6781.390000
6781.390000
6781.390000
6781.390000
6781.390000
6781.390000
6781.390000
6781.390000
6781.390000
6781.390000
6781.390000
6781.390000
6781.390000
6781.390000
6781.390000
5774.510409
0.000000
0.000000
0.000000
0.000000
1331.767326
1826.518456
6781.390000
6781.390000
6781.390000
6781.390000
6781.390000
6781.390000
6781.390000
6781.390000
6781.390000
6781.390000
6781.390000
6781.390000
6781.390000
6781.390000
6781.390000
6781.390000
6781.390000
6781.390000
6781.390000
6781.390000
6781.390000
6781.390000
6781.390000
6781.390000
6781.390000
6781.390000
6781.390000
6781.390000
6781.390000
6781.390000
6781.390000
6781.390000
6781.390000
6781.390000
6781.390000
6781.390000
6781.390000
6781.390000
6781.390000
6781.390000
2471.747680
0.000000
0.000000
0.000000
0.000000
0.000000
0.000000
0.000000
5073.752916
5774.270036
0.000000
0.000000
1640.439718
6781.390000
6781.390000
6781.390000
6781.390000
6781.390000
6781.390000
6781.390000
6781.390000
6781.390000
6781.390000
6781.390000
6781.390000
6781.390000
6781.390000
6781.390000
6781.390000
6781.390000
6781.390000
6781.390000
6781.390000
6781.390000
6781.390000
6781.390000
6781.390000
6781.390000
6781.390000
6781.390000
6781.390000
6781.390000
6781.390000
6781.390000
6781.390000
6781.390000
0.000000
0.000000
0.000000
0.000000
0.000000
0.000000
0.000000
0.000000
0.000000
0.000000
6781.390000
6781.390000
6781.390000
6781.390000
6781.390000
6781.390000
5284.601666
6781.390000
6781.390000
6781.390000
6781.390000
6781.390000
6781.390000
6781.390000
6781.390000
6781.390000
6781.390000
6781.390000
6781.390000
6781.390000
6781.390000
6781.390000
6781.390000
6781.390000
6781.390000
6781.390000
6781.390000
6781.390000
6781.390000
6781.390000
6781.390000
6781.390000
6781.390000
6781.390000
6781.390000
6781.390000
6781.390000
6781.390000
0.000000
0.000000
0.000000
0.000000
0.000000
0.000000
0.000000
0.000000
0.000000
0.000000
224.131524
0.000000
0.000000
0.000000
1134.453465
6781.390000
6781.390000
6781.390000
6781.390000
6781.390000
6781.390000
6781.390000
6781.390000
6781.390000
6781.390000
6781.390000
6781.390000
6781.390000
6781.390000
6781.390000
6781.390000
6781.390000
6781.390000
6781.390000
6781.390000
6781.390000
6781.390000
6781.390000
6781.390000
6781.390000
6781.390000
6781.390000
6781.390000
6781.390000
6781.390000
6781.390000
6781.390000
6781.390000
0.000000
786.086479
0.000000
0.000000
0.000000
0.000000
0.000000
0.000000
0.000000
0.000000
0.000000
0.000000
0.000000
0.000000
5422.944519
1394.506983
6361.398469
6781.390000
6781.390000
6781.390000
6781.390000
6781.390000
6781.390000
6781.390000
6781.390000
6781.390000
6781.390000
6781.390000
6781.390000
6781.390000
6781.390000
6781.390000
6781.390000
6781.390000
6781.390000
6781.390000
6781.390000
6781.390000
6781.390000
6781.390000
6781.390000
6781.390000
6781.390000
6781.390000
6781.390000
6781.390000
6781.390000
6781.390000
6781.390000
6781.390000
2609.039344
328.005817
0.000000
0.000000
0.000000
0.000000
0.000000
0.000000
0.000000
0.000000
0.000000
1196.494979
1099.739579
6352.742431
6781.390000
6781.390000
6781.390000
6781.390000
6781.390000
6781.390000
6781.390000
6781.390000
6781.390000
6781.390000
6781.390000
6781.390000
6781.390000
6781.390000
6781.390000
6781.390000
6781.390000
6781.390000
6781.390000
6781.390000
6781.390000
6781.390000
6781.390000
6781.390000
6781.390000
6781.390000
6781.390000
6781.390000
6781.390000
6781.390000
6781.390000
6781.390000
0.000000
0.000000
0.000000
0.000000
0.000000
0.000000
0.000000
0.000000
0.000000
0.000000
5213.264766
5596.180107
6781.390000
6781.390000
6781.390000
2543.767664
5596.753142
6781.390000
6781.390000
6781.390000
6781.390000
6781.390000
6781.390000
6781.390000
6781.390000
6781.390000
6781.390000
6781.390000
6781.390000
6781.390000
6781.390000
6781.390000
6781.390000
6781.390000
6781.390000
6781.390000
6781.390000
6781.390000
6781.390000
6781.390000
6781.390000
6781.390000
6781.390000
6781.390000
6781.390000
6781.390000
6781.390000
6781.390000
6781.390000
6781.390000
4479.766248
1730.625293
1941.569980
0.000000
1102.314619
732.104749
6781.390000
6781.390000
6781.390000
6781.390000
6781.390000
6781.390000
6781.390000
6781.390000
6781.390000
6781.390000
6781.390000
6781.390000
6781.390000
6781.390000
6781.390000
6781.390000
6781.390000
6781.390000
6781.390000
6781.390000
6781.390000
6781.390000
6781.390000
6781.390000
6781.390000
6781.390000
6781.390000
6781.390000
6781.390000
6781.390000
6781.390000
6781.390000
6781.390000
6781.390000
6781.390000
6781.390000
6781.390000
6781.390000
6781.390000
6781.390000
6781.390000
6781.390000
6781.390000
6781.390000
6781.390000
6781.390000
6781.390000
6781.390000
6781.390000
6781.390000
6781.390000
6781.390000
6781.390000
6781.390000
6781.390000
6781.390000
6781.390000
6781.390000
6781.390000
6781.390000
6781.390000
6781.390000
6781.390000
6781.390000
6781.390000
6781.390000
6781.390000
6781.390000
6781.390000
6781.390000
6781.390000
6781.390000
6781.390000
6781.390000
6781.390000
6781.390000
6781.390000
6781.390000
6781.390000
6781.390000
6781.390000
6781.390000
6781.390000
6781.390000
6781.390000
6781.390000
6781.390000
6781.390000
6781.390000
6781.390000
0.000000
537.624551
0.000000
951.035964
4005.282971
5878.831591
1914.469457
2037.329901
5904.216415
5353.880349
0.000000
0.000000
6781.390000
6781.390000
6781.390000
6781.390000
6781.390000
6781.390000
6781.390000
6781.390000
6781.390000
6781.390000
6781.390000
6781.390000
6781.390000
6781.390000
6781.390000
6781.390000
6781.390000
6781.390000
6781.390000
6781.390000
6781.390000
6781.390000
6781.390000
6781.390000
6781.390000
6781.390000
6781.390000
6781.390000
6781.390000
6781.390000
6781.390000
6781.390000
6781.390000
6781.390000
6781.390000
6781.390000
1852.890409
3415.033306
6781.390000
6781.390000
0.000000
0.000000
6781.390000
6781.390000
6781.390000
6781.390000
6781.390000
6781.390000
6781.390000
6781.390000
6781.390000
6781.390000
6781.390000
6781.390000
6781.390000
6781.390000
6781.390000
6781.390000
6781.390000
6781.390000
6781.390000
6781.390000
6781.390000
6781.390000
6781.390000
6781.390000
6781.390000
6781.390000
6781.390000
6781.390000
6781.390000
6781.390000
6781.390000
6781.390000
6781.390000
6781.390000
6781.390000
6781.390000
6781.390000
6781.390000
6781.390000
6781.390000
6781.390000
6781.390000
5043.587167
2387.235805
0.000000
0.000000
0.000000
0.000000
4202.757989
5054.113881
2910.941271
3569.109896
6781.390000
6781.390000
6781.390000
5033.457867
6781.390000
6781.390000
6781.390000
6781.390000
6781.390000
6781.390000
6781.390000
6781.390000
6781.390000
6781.390000
6781.390000
6781.390000
6781.390000
6781.390000
6781.390000
6781.390000
6781.390000
6781.390000
6781.390000
6781.390000
6781.390000
6781.390000
6781.390000
6781.390000
6781.390000
6781.390000
6781.390000
6781.390000
6781.390000
6781.390000
6781.390000
6781.390000
6781.390000
6781.390000
6781.390000
6781.390000
710.350582
0.000000
0.000000
0.000000
6781.390000
6781.390000
6781.390000
6781.390000
6781.390000
6781.390000
6781.390000
6781.390000
6781.390000
6781.390000
6781.390000
6781.390000
6781.390000
6781.390000
6781.390000
6781.390000
6781.390000
6781.390000
6781.390000
6781.390000
6781.390000
6781.390000
6781.390000
6781.390000
6781.390000
6781.390000
6781.390000
6781.390000
6781.390000
6781.390000
6781.390000
6781.390000
6781.390000
6781.390000
6781.390000
6781.390000
6781.390000
6781.390000
6781.390000
6781.390000
6781.390000
6781.390000
6514.330867
3982.149441
0.000000
0.000000
0.000000
0.000000
0.000000
0.000000
5693.789248
6087.169025
5903.313662
6781.390000
6781.390000
6781.390000
6781.390000
6781.390000
6781.390000
6781.390000
6781.390000
6781.390000
6781.390000
6781.390000
6781.390000
6781.390000
6781.390000
6781.390000
6781.390000
6781.390000
6781.390000
6781.390000
6781.390000
6781.390000
6781.390000
6781.390000
6781.390000
6781.390000
6781.390000
6781.390000
6781.390000
6781.390000
6781.390000
6781.390000
6781.390000
6781.390000
6781.390000
6781.390000
6781.390000
6781.390000
6781.390000
6781.390000
6781.390000
6781.390000
6781.390000
6781.390000
6781.390000
6781.390000
6781.390000
6781.390000
6781.390000
6781.390000
6781.390000
6781.390000
6781.390000
6781.390000
6781.390000
6781.390000
6781.390000
6781.390000
6781.390000
6781.390000
6781.390000
6781.390000
6781.390000
6781.390000
6781.390000
6781.390000
6781.390000
6781.390000
6781.390000
6781.390000
6781.390000
6781.390000
6781.390000
6781.390000
6781.390000
6781.390000
6781.390000
6781.390000
6781.390000
6781.390000
6781.390000
6781.390000
6781.390000
6781.390000
6781.390000
6781.390000
6781.390000
6781.390000
0.000000
0.000000
0.000000
0.000000
1457.572077
2084.496898
6769.749678
6781.390000
6120.921212
6781.390000
6781.390000
6781.390000
6781.390000
6781.390000
6781.390000
6781.390000
6781.390000
6781.390000
6781.390000
6781.390000
6781.390000
6781.390000
6781.390000
6781.390000
6781.390000
6781.390000
6781.390000
6781.390000
6781.390000
6781.390000
6781.390000
6781.390000
6781.390000
6781.390000
6781.390000
6781.390000
6781.390000
6781.390000
6781.390000
6781.390000
6781.390000
6781.390000
6781.390000
6781.390000
0.000000
0.000000
0.000000
0.000000
0.000000
0.000000
0.000000
0.000000
962.272167
836.959120
6781.390000
6781.390000
6781.390000
6781.390000
6781.390000
6781.390000
6781.390000
6781.390000
6781.390000
6781.390000
6781.390000
6781.390000
6781.390000
6781.390000
6781.390000
6781.390000
6781.390000
6781.390000
6781.390000
6781.390000
6781.390000
6781.390000
6781.390000
6781.390000
6781.390000
6781.390000
6781.390000
6781.390000
6781.390000
6781.390000
6781.390000
6781.390000
6781.390000
6781.390000
6781.390000
6781.390000
6781.390000
6781.390000
6781.390000
6781.390000
2364.588227
4125.761344
3440.247861
5346.565711
0.000000
922.414630
4329.149372
4277.638389
6781.390000
6781.390000
6781.390000
6781.390000
6781.390000
6781.390000
6781.390000
6781.390000
6781.390000
6781.390000
6781.390000
6781.390000
6781.390000
6781.390000
6781.390000
6781.390000
6781.390000
6781.390000
6781.390000
6781.390000
6781.390000
6781.390000
6781.390000
6781.390000
6781.390000
6781.390000
6781.390000
6781.390000
6781.390000
6781.390000
6781.390000
6781.390000
6781.390000
6781.390000
6781.390000
6781.390000
6781.390000
6781.390000
6781.390000
6781.390000
6781.390000
6781.390000
6781.390000
6781.390000
6781.390000
6781.390000
6781.390000
6781.390000
6781.390000
6781.390000
6781.390000
6781.390000
6781.390000
6781.390000
6781.390000
6781.390000
6781.390000
6781.390000
6781.390000
6781.390000
6781.390000
6781.390000
6781.390000
6781.390000
6781.390000
6781.390000
6781.390000
6781.390000
6781.390000
6781.390000
6781.390000
6781.390000
6781.390000
6781.390000
6781.390000
6781.390000
6781.390000
6781.390000
6781.390000
6781.390000
6781.390000
6781.390000
6781.390000
6781.390000
6781.390000
6781.390000
6781.390000
6781.390000
6781.390000
6781.390000
6781.390000
6781.390000
6781.390000
6781.390000
6781.390000
6781.390000
6781.390000
6781.390000
6781.390000
6781.390000
6781.390000
6781.390000
6781.390000
6781.390000
6781.390000
6781.390000
6781.390000
6781.390000
6781.390000
6781.390000
6781.390000
6781.390000
6781.390000
6781.390000
6781.390000
6781.390000
6781.390000
6781.390000
6781.390000
6781.390000
6781.390000
6781.390000
6781.390000
6781.390000
6781.390000
6781.390000
6781.390000
6781.390000
6781.390000
6781.390000
6781.390000
6781.390000
6781.390000
6781.390000
6781.390000
6781.390000
6781.390000
6781.390000
6781.390000
6781.390000
6781.390000
6781.390000
6781.390000
6781.390000
6781.390000
6781.390000
6781.390000
6781.390000
6781.390000
6781.390000
6781.390000
6781.390000
6781.390000
6781.390000
6781.390000
6781.390000
6781.390000
6781.390000
6781.390000
6781.390000
6781.390000
6781.390000
6781.390000
6781.390000
6781.390000
6781.390000
6781.390000
6781.390000
6781.390000
6781.390000
6781.390000
6781.390000
6781.390000
6781.390000
6781.390000
6781.390000
6781.390000
6781.390000
6781.390000
6781.390000
6781.390000
6781.390000
6781.390000
6781.390000
6781.390000
6781.390000
6781.390000
6781.390000
6781.390000
6781.390000
6781.390000
6781.390000
6781.390000
6781.390000
6781.390000
6781.390000
6781.390000
6781.390000
6781.390000
6781.390000
6781.390000
6781.390000
6781.390000
6781.390000
6781.390000
6781.390000
6781.390000
6781.390000
6781.390000
6781.390000
6781.390000
6781.390000
6781.390000
6781.390000
6781.390000
6781.390000
6781.390000
6781.390000
6781.390000
6781.390000
6781.390000
6781.390000
6781.390000
6781.390000
6781.390000
6781.390000
6781.390000
6781.390000
6781.390000
6781.390000
6781.390000
6781.390000
3498.302280
4759.095736
2652.624912
4272.889948
0.000000
529.533963
0.000000
0.000000
0.000000
0.000000
0.000000
0.000000
0.000000
6781.390000
6781.390000
6781.390000
6781.390000
6781.390000
6781.390000
6781.390000
6781.390000
6781.390000
6781.390000
6781.390000
6781.390000
6781.390000
6781.390000
6781.390000
6781.390000
6781.390000
6781.390000
6781.390000
6781.390000
6781.390000
6781.390000
6781.390000
6781.390000
6781.390000
6781.390000
6781.390000
6781.390000
6781.390000
6781.390000
6781.390000
6781.390000
6781.390000
6781.390000
6781.390000
4228.911154
5815.784458
6378.636046
6781.390000
6781.390000
6781.390000
6781.390000
6781.390000
6781.390000
6781.390000
6781.390000
6781.390000
6781.390000
0.000000
4054.817063
6781.390000
6781.390000
6781.390000
6781.390000
6781.390000
6781.390000
6781.390000
6781.390000
6781.390000
6781.390000
6781.390000
6781.390000
6781.390000
6781.390000
6781.390000
6781.390000
6781.390000
6781.390000
6781.390000
6781.390000
6781.390000
6781.390000
6781.390000
6781.390000
6781.390000
6781.390000
6781.390000
6781.390000
6781.390000
6781.390000
6781.390000
6781.390000
6781.390000
6781.390000
6781.390000
6403.158422
6781.390000
6781.390000
6781.390000
6781.390000
6781.390000
6781.390000
6781.390000
6781.390000
6781.390000
6781.390000
6781.390000
6781.390000
6781.390000
6781.390000
6781.390000
6781.390000
6781.390000
6781.390000
6781.390000
6781.390000
6781.390000
6781.390000
6781.390000
6781.390000
6781.390000
6781.390000
6781.390000
6781.390000
6781.390000
6781.390000
6781.390000
6781.390000
6781.390000
6781.390000
6781.390000
6781.390000
6781.390000
6781.390000
6781.390000
6781.390000
6781.390000
6781.390000
6781.390000
6781.390000
6781.390000
6781.390000
6781.390000
6251.383969
6781.390000
6781.390000
6781.390000
6781.390000
6781.390000
6781.390000
6781.390000
6781.390000
6781.390000
6781.390000
6781.390000
6781.390000
6781.390000
6781.390000
6781.390000
6781.390000
6781.390000
6781.390000
6781.390000
6781.390000
6781.390000
6781.390000
6781.390000
6781.390000
6781.390000
6781.390000
6781.390000
6781.390000
6781.390000
6781.390000
6781.390000
6781.390000
6781.390000
6781.390000
6781.390000
6781.390000
6781.390000
6781.390000
6781.390000
6781.390000
6781.390000
6781.390000
6781.390000
6781.390000
6781.390000
6781.390000
6781.390000
6781.390000
6781.390000
6781.390000
6781.390000
6781.390000
6781.390000
6781.390000
6781.390000
6781.390000
6781.390000
6781.390000
6781.390000
6781.390000
6781.390000
6781.390000
6781.390000
6781.390000
6781.390000
6781.390000
6781.390000
6781.390000
6781.390000
6781.390000
6781.390000
6781.390000
6781.390000
6781.390000
6781.390000
6781.390000
6781.390000
6781.390000
6781.390000
6781.390000
6781.390000
6781.390000
6781.390000
6781.390000
6781.390000
6781.390000
6781.390000
6781.390000
6781.390000
6781.390000
6781.390000
6781.390000
6781.390000
6781.390000
6781.390000
6781.390000
6781.390000
6781.390000
6781.390000
6781.390000
6781.390000
6781.390000
6781.390000
6781.390000
6781.390000
6781.390000
6781.390000
6781.390000
6781.390000
6781.390000
6781.390000
6781.390000
6781.390000
6781.390000
6781.390000
6781.390000
6781.390000
6781.390000
6781.390000
6781.390000
6781.390000
6781.390000
6781.390000
6781.390000
6781.390000
6781.390000
6781.390000
6781.390000
6781.390000
6781.390000
6781.390000
6781.390000
6781.390000
6781.390000
6781.390000
6781.390000
6781.390000
6781.390000
6781.390000
6781.390000
6781.390000
6781.390000
6781.390000
6781.390000
6781.390000
6781.390000
6781.390000
6781.390000
6781.390000
6781.390000
6781.390000
6781.390000
6781.390000
6781.390000
6781.390000
6781.390000
6781.390000
6781.390000
6781.390000
6781.390000
6781.390000
6781.390000
6781.390000
6781.390000
6781.390000
6781.390000
6781.390000
6781.390000
6781.390000
6781.390000
6781.390000
6781.390000
6781.390000
6781.390000
6781.390000
6781.390000
6781.390000
6781.390000
6781.390000
6781.390000
6781.390000
6781.390000
6781.390000
6781.390000
6781.390000
6781.390000
6781.390000
6781.390000
6781.390000
6781.390000
6781.390000
6781.390000
6781.390000
6781.390000
6781.390000
6781.390000
6781.390000
6781.390000
6781.390000
6781.390000
6781.390000
6781.390000
6781.390000
6781.390000
6781.390000
6781.390000
6781.390000
6781.390000
6781.390000
6781.390000
6781.390000
6781.390000
6781.390000
6781.390000
6781.390000
6781.390000
6781.390000
6781.390000
6781.390000
6781.390000
6781.390000
6781.390000
6781.390000
6781.390000
6781.390000
6781.390000
6781.390000
6781.390000
6781.390000
6781.390000
6781.390000
6781.390000
6781.390000
6781.390000
6781.390000
6781.390000
6781.390000
6781.390000
6781.390000
6781.390000
6781.390000
6781.390000
6781.390000
6781.390000
6781.390000
6781.390000
6781.390000
6781.390000
6781.390000
6781.390000
6781.390000
6781.390000
6781.390000
6781.390000
6781.390000
6781.390000
6781.390000
6781.390000
6781.390000
6781.390000
6781.390000
6781.390000
6781.390000
6781.390000
6781.390000
6781.390000
6781.390000
6781.390000
6781.390000
6781.390000
6781.390000
6781.390000
6781.390000
6781.390000
6781.390000
6781.390000
6781.390000
6781.390000
6781.390000
6781.390000
6781.390000
6781.390000
6781.390000
6781.390000
6781.390000
0.000000
0.000000
6781.390000
6781.390000
6781.390000
6781.390000
6781.390000
6781.390000
6781.390000
6781.390000
6781.390000
6781.390000
6781.390000
6781.390000
6781.390000
6781.390000
6781.390000
6781.390000
6781.390000
6781.390000
6781.390000
6781.390000
6781.390000
6781.390000
6781.390000
6781.390000
6781.390000
6781.390000
6781.390000
6781.390000
6781.390000
6781.390000
6781.390000
6781.390000
6781.390000
6781.390000
6781.390000
6781.390000
6781.390000
6781.390000
6781.390000
6781.390000
6781.390000
6781.390000
6781.390000
6781.390000
6781.390000
6781.390000
6781.390000
6781.390000
6781.390000
6781.390000
6781.390000
6781.390000
5693.127725
6357.907335
6781.390000
6781.390000
6781.390000
6781.390000
6781.390000
6781.390000
6781.390000
6781.390000
6781.390000
6781.390000
6781.390000
6781.390000
6781.390000
6781.390000
6781.390000
6781.390000
6781.390000
6781.390000
6781.390000
6781.390000
6781.390000
6781.390000
6781.390000
6781.390000
6781.390000
6781.390000
6781.390000
6781.390000
6781.390000
6781.390000
6781.390000
6781.390000
6781.390000
6781.390000
6781.390000
6781.390000
6781.390000
6781.390000
5363.317001
6781.390000
6781.390000
6781.390000
6781.390000
6781.390000
6781.390000
6781.390000
6781.390000
6781.390000
6781.390000
6781.390000
6781.390000
6781.390000
6781.390000
6781.390000
6781.390000
6781.390000
6781.390000
6781.390000
6781.390000
6781.390000
6781.390000
6781.390000
6781.390000
6781.390000
6781.390000
6781.390000
6781.390000
6781.390000
6781.390000
6781.390000
6781.390000
6781.390000
6781.390000
6781.390000
6781.390000
6781.390000
6781.390000
6781.390000
6781.390000
6781.390000
6781.390000
6781.390000
6781.390000
6781.390000
6781.390000
6781.390000
6781.390000
6781.390000
6781.390000
6781.390000
6781.390000
6781.390000
6781.390000
6781.390000
6781.390000
6781.390000
6781.390000
6781.390000
6781.390000
6781.390000
6781.390000
6781.390000
6781.390000
6781.390000
6781.390000
6781.390000
6781.390000
6781.390000
6781.390000
6781.390000
6781.390000
6781.390000
6781.390000
6781.390000
6781.390000
6781.390000
6781.390000
6781.390000
6781.390000
6781.390000
6781.390000
6781.390000
6781.390000
6781.390000
6781.390000
6781.390000
6781.390000
6781.390000
6781.390000
6781.390000
6781.390000
6781.390000
6781.390000
6781.390000
6781.390000
6781.390000
6781.390000
6781.390000
6781.390000
6781.390000
6781.390000
6781.390000
6781.390000
6781.390000
6781.390000
6781.390000
6781.390000
6781.390000
6781.390000
6781.390000
6781.390000
6781.390000
6781.390000
6781.390000
6781.390000
6781.390000
6781.390000
6781.390000
6781.390000
6781.390000
6781.390000
6781.390000
6781.390000
6781.390000
6781.390000
6781.390000
6781.390000
6781.390000
6781.390000
6781.390000
6781.390000
6781.390000
6781.390000
6781.390000
6781.390000
6781.390000
6781.390000
6781.390000
6781.390000
6781.390000
6781.390000
6781.390000
6781.390000
6781.390000
6781.390000
6781.390000
6781.390000
6781.390000
6328.704837
5217.507407
6781.390000
6781.390000
6781.390000
6781.390000
6781.390000
6781.390000
6781.390000
6781.390000
6781.390000
6781.390000
6781.390000
6781.390000
6781.390000
6781.390000
6781.390000
6781.390000
6781.390000
6781.390000
6781.390000
6781.390000
6781.390000
6781.390000
6781.390000
6781.390000
6781.390000
6781.390000
6781.390000
6781.390000
6781.390000
6781.390000
6781.390000
6781.390000
6781.390000
6781.390000
6781.390000
6781.390000
6781.390000
6781.390000
6781.390000
6781.390000
6781.390000
6781.390000
900.935991
2118.283055
2081.283114
4284.948126
0.000000
0.000000
0.000000
1641.896089
6781.390000
6781.390000
6781.390000
6781.390000
6781.390000
6781.390000
6781.390000
6781.390000
6781.390000
6781.390000
6781.390000
6781.390000
6781.390000
6781.390000
6781.390000
6781.390000
6781.390000
6781.390000
6781.390000
6781.390000
6781.390000
6781.390000
6781.390000
6781.390000
6781.390000
6781.390000
6781.390000
6781.390000
6781.390000
6781.390000
6781.390000
6781.390000
6781.390000
6781.390000
6781.390000
6781.390000
6781.390000
6781.390000
6781.390000
6781.390000
6781.390000
6781.390000
6781.390000
6781.390000
6781.390000
6781.390000
6781.390000
6781.390000
6781.390000
6781.390000
6781.390000
6781.390000
6781.390000
6781.390000
6781.390000
6781.390000
6781.390000
6781.390000
6781.390000
6781.390000
6781.390000
6781.390000
6781.390000
6781.390000
6781.390000
6781.390000
6781.390000
6781.390000
6781.390000
6781.390000
6781.390000
6781.390000
6781.390000
6781.390000
6781.390000
6781.390000
6781.390000
6781.390000
6781.390000
6781.390000
6781.390000
6781.390000
6781.390000
6781.390000
6781.390000
6781.390000
6781.390000
6781.390000
5714.292612
6781.390000
2898.331195
0.000000
0.000000
0.000000
0.000000
0.000000
5472.192498
6498.286211
658.413128
969.292240
6781.390000
6781.390000
6781.390000
6781.390000
6781.390000
6781.390000
6781.390000
6781.390000
6781.390000
6781.390000
6781.390000
6781.390000
6781.390000
6781.390000
6781.390000
6781.390000
6781.390000
6781.390000
6781.390000
6781.390000
6781.390000
6781.390000
6781.390000
6781.390000
6781.390000
6781.390000
6781.390000
6781.390000
6781.390000
6781.390000
6781.390000
6781.390000
6781.390000
6781.390000
6781.390000
6781.390000
6491.056708
6781.390000
6781.390000
6781.390000
6781.390000
6781.390000
6781.390000
6781.390000
6781.390000
6781.390000
6781.390000
6781.390000
6781.390000
6781.390000
6781.390000
6781.390000
6781.390000
6781.390000
6781.390000
6781.390000
6781.390000
6781.390000
6781.390000
6781.390000
6781.390000
6781.390000
6781.390000
6781.390000
6781.390000
6781.390000
6781.390000
6781.390000
6781.390000
6781.390000
6781.390000
6781.390000
6781.390000
6781.390000
6781.390000
6781.390000
6781.390000
6781.390000
6781.390000
6781.390000
6781.390000
6781.390000
6781.390000
6781.390000
6781.390000
6781.390000
6781.390000
6781.390000
6781.390000
6781.390000
6781.390000
6781.390000
6781.390000
6781.390000
6781.390000
6781.390000
6781.390000
6781.390000
6781.390000
6781.390000
6781.390000
6781.390000
6781.390000
6781.390000
6781.390000
6781.390000
6781.390000
6781.390000
6781.390000
6781.390000
6781.390000
6781.390000
6781.390000
6781.390000
6781.390000
6781.390000
6781.390000
6781.390000
6781.390000
6781.390000
6781.390000
6781.390000
6781.390000
6781.390000
6781.390000
6781.390000
6781.390000
6781.390000
6781.390000
6781.390000
6781.390000
6781.390000
6781.390000
6781.390000
6781.390000
6781.390000
6781.390000
6781.390000
6781.390000
6781.390000
6781.390000
6781.390000
6781.390000
6781.390000
6781.390000
6781.390000
6781.390000
6781.390000
6781.390000
6781.390000
6781.390000
6781.390000
6781.390000
6781.390000
6781.390000
6781.390000
6781.390000
6781.390000
6781.390000
6781.390000
6781.390000
6781.390000
6781.390000
6781.390000
6781.390000
6781.390000
6781.390000
6781.390000
6781.390000
6781.390000
6781.390000
6781.390000
6781.390000
6781.390000
6781.390000
6781.390000
6781.390000
6781.390000
6781.390000
6781.390000
6781.390000
6781.390000
6781.390000
6781.390000
6515.579313
5390.064703
6781.390000
6781.390000
6781.390000
6781.390000
6781.390000
6781.390000
6781.390000
6781.390000
6781.390000
6781.390000
6781.390000
6781.390000
6781.390000
6781.390000
6781.390000
6781.390000
6781.390000
6781.390000
6781.390000
6781.390000
6781.390000
6781.390000
6781.390000
6781.390000
6781.390000
6781.390000
6781.390000
6781.390000
6781.390000
6781.390000
6781.390000
6781.390000
6781.390000
6781.390000
6781.390000
6781.390000
6781.390000
6781.390000
6781.390000
6781.390000
6781.390000
6781.390000
6781.390000
6781.390000
6781.390000
6781.390000
6781.390000
6781.390000
6781.390000
6781.390000
6781.390000
6781.390000
6781.390000
6781.390000
6781.390000
6781.390000
6781.390000
6781.390000
6781.390000
6781.390000
6781.390000
6781.390000
6781.390000
6781.390000
6781.390000
6781.390000
6781.390000
6781.390000
6781.390000
6781.390000
6781.390000
6781.390000
6781.390000
6781.390000
6781.390000
6781.390000
6781.390000
6781.390000
6781.390000
6781.390000
6781.390000
6781.390000
6781.390000
6781.390000
6781.390000
6781.390000
6781.390000
6781.390000
6781.390000
6781.390000
6781.390000
6781.390000
6781.390000
6781.390000
6781.390000
6781.390000
6781.390000
6781.390000
6781.390000
6781.390000
6781.390000
6781.390000
6781.390000
6781.390000
6781.390000
6781.390000
6781.390000
6781.390000
6781.390000
6781.390000
6781.390000
6781.390000
6781.390000
6781.390000
6781.390000
6781.390000
6781.390000
6781.390000
6781.390000
6781.390000
6781.390000
6781.390000
6781.390000
6781.390000
6781.390000
6781.390000
6781.390000
6781.390000
6781.390000
6781.390000
6781.390000
6781.390000
6781.390000
6781.390000
6781.390000
6781.390000
6781.390000
6781.390000
0.000000
0.000000
3142.882895
0.000000
0.000000
0.000000
0.000000
0.000000
0.000000
0.000000
0.000000
0.000000
2502.472861
6781.390000
6781.390000
6781.390000
6781.390000
6781.390000
6781.390000
6781.390000
6781.390000
6781.390000
6781.390000
6781.390000
6781.390000
6781.390000
6781.390000
6781.390000
6781.390000
6781.390000
6781.390000
6781.390000
6781.390000
6781.390000
6781.390000
6781.390000
6781.390000
6781.390000
6781.390000
6781.390000
6781.390000
6781.390000
6781.390000
6781.390000
6781.390000
6781.390000
6781.390000
6781.390000
6781.390000
6781.390000
5965.687038
1778.048568
0.000000
0.000000
764.092413
1392.635878
5674.007686
6707.904363
6781.390000
6781.390000
6781.390000
6781.390000
6781.390000
6781.390000
6781.390000
6781.390000
6781.390000
6781.390000
6781.390000
6781.390000
6781.390000
6781.390000
6781.390000
6781.390000
6781.390000
6781.390000
6781.390000
6781.390000
6781.390000
6781.390000
6781.390000
6781.390000
6781.390000
6781.390000
6781.390000
6781.390000
6781.390000
6781.390000
6781.390000
6781.390000
6781.390000
6781.390000
6781.390000
6781.390000
6781.390000
6781.390000
6781.390000
6781.390000
6781.390000
6781.390000
6781.390000
6781.390000
6781.390000
6781.390000
6781.390000
6781.390000
6781.390000
6781.390000
6781.390000
6781.390000
6781.390000
6781.390000
6781.390000
6781.390000
6781.390000
6781.390000
6781.390000
6781.390000
6781.390000
6781.390000
6781.390000
6781.390000
6781.390000
6781.390000
6781.390000
6781.390000
6781.390000
6781.390000
6781.390000
6781.390000
6781.390000
6781.390000
6781.390000
6781.390000
6781.390000
6781.390000
6781.390000
6781.390000
6781.390000
6781.390000
6781.390000
6781.390000
6781.390000
6781.390000
0.000000
1027.561101
0.000000
0.000000
0.000000
0.000000
0.000000
0.000000
2035.204609
2865.006488
5848.230734
6627.980859
6781.390000
6781.390000
6781.390000
6781.390000
6781.390000
6781.390000
6781.390000
6781.390000
6781.390000
6781.390000
6781.390000
6781.390000
6781.390000
6781.390000
6781.390000
6781.390000
6781.390000
6781.390000
6781.390000
6781.390000
6781.390000
6781.390000
6781.390000
6781.390000
6781.390000
6781.390000
6781.390000
6781.390000
6781.390000
6781.390000
6781.390000
6781.390000
6781.390000
6781.390000
6781.390000
6781.390000
6781.390000
6781.390000
6781.390000
6781.390000
6781.390000
6781.390000
6781.390000
6781.390000
6781.390000
6781.390000
6781.390000
6781.390000
6781.390000
6781.390000
6781.390000
6781.390000
6781.390000
6781.390000
6781.390000
6781.390000
6781.390000
6781.390000
6781.390000
6781.390000
6781.390000
6781.390000
6781.390000
6781.390000
6781.390000
6781.390000
6781.390000
6781.390000
6781.390000
6781.390000
6781.390000
6781.390000
6781.390000
6781.390000
6781.390000
6781.390000
6781.390000
6781.390000
6781.390000
6781.390000
6781.390000
6781.390000
6781.390000
6781.390000
6781.390000
6781.390000
6781.390000
6781.390000
6781.390000
6781.390000
6781.390000
6781.390000
6781.390000
6781.390000
6781.390000
6781.390000
6781.390000
6781.390000
6781.390000
6781.390000
6781.390000
6781.390000
6781.390000
6781.390000
6781.390000
6781.390000
6781.390000
6781.390000
6781.390000
6781.390000
6781.390000
6781.390000
6781.390000
6781.390000
6781.390000
6781.390000
6781.390000
6781.390000
6781.390000
6781.390000
6781.390000
6781.390000
6781.390000
6781.390000
6781.390000
6781.390000
6781.390000
6781.390000
6781.390000
6781.390000
6781.390000
6781.390000
6781.390000
6781.390000
6781.390000
6781.390000
6781.390000
6781.390000
6781.390000
6781.390000
6781.390000
6781.390000
6781.390000
6781.390000
6781.390000
6781.390000
6781.390000
6781.390000
6781.390000
6781.390000
6781.390000
6781.390000
6781.390000
6781.390000
6781.390000
6781.390000
6781.390000
6781.390000
6781.390000
6781.390000
6781.390000
6781.390000
6781.390000
6781.390000
6781.390000
6781.390000
6781.390000
6781.390000
6781.390000
6781.390000
6781.390000
6781.390000
6781.390000
6781.390000
6781.390000
6781.390000
6781.390000
6781.390000
6781.390000
6781.390000
6781.390000
6781.390000
6781.390000
6781.390000
0.000000
0.000000
0.000000
0.000000
0.000000
0.000000
426.489608
1148.275235
6781.390000
6781.390000
6781.390000
6781.390000
6781.390000
6781.390000
6781.390000
6781.390000
6781.390000
6781.390000
6781.390000
6781.390000
6781.390000
6781.390000
6781.390000
6781.390000
6781.390000
6781.390000
6781.390000
6781.390000
6781.390000
6781.390000
6781.390000
6781.390000
6781.390000
6781.390000
6781.390000
6781.390000
6781.390000
6781.390000
6781.390000
6781.390000
6781.390000
6781.390000
4642.822448
6781.390000
2177.072453
4193.680500
0.000000
0.000000
0.000000
0.000000
0.000000
0.000000
4058.974255
5167.345760
6228.132302
6781.390000
6781.390000
6781.390000
6781.390000
6781.390000
6781.390000
6781.390000
6781.390000
6781.390000
6781.390000
6781.390000
6781.390000
6781.390000
6781.390000
6781.390000
6781.390000
6781.390000
6781.390000
6781.390000
6781.390000
6781.390000
6781.390000
6781.390000
6781.390000
6781.390000
6781.390000
6781.390000
6781.390000
6781.390000
6781.390000
6781.390000
6781.390000
6781.390000
6781.390000
6781.390000
6781.390000
6781.390000
6781.390000
6781.390000
6781.390000
6781.390000
6781.390000
6781.390000
6781.390000
6781.390000
6781.390000
6781.390000
6781.390000
6781.390000
6781.390000
6781.390000
6781.390000
6781.390000
6781.390000
6781.390000
6781.390000
6781.390000
6781.390000
6781.390000
6781.390000
6781.390000
6781.390000
6781.390000
6781.390000
6781.390000
6781.390000
6781.390000
6781.390000
6781.390000
6781.390000
6781.390000
6781.390000
6781.390000
6781.390000
6781.390000
6781.390000
6781.390000
6781.390000
6781.390000
6781.390000
6781.390000
6781.390000
6781.390000
6781.390000
6781.390000
6781.390000
6781.390000
6781.390000
6781.390000
6781.390000
6781.390000
6781.390000
6781.390000
6781.390000
6781.390000
6781.390000
6781.390000
6781.390000
6781.390000
6781.390000
6781.390000
6781.390000
6781.390000
6781.390000
6781.390000
6781.390000
6781.390000
6781.390000
6781.390000
6781.390000
6781.390000
6781.390000
6781.390000
6781.390000
6781.390000
6781.390000
6781.390000
6781.390000
6781.390000
6781.390000
6781.390000
6781.390000
6781.390000
6781.390000
6781.390000
6781.390000
6781.390000
6781.390000
6781.390000
6781.390000
6781.390000
6781.390000
6781.390000
6781.390000
6781.390000
6781.390000
6781.390000
6781.390000
6781.390000
6781.390000
6781.390000
6781.390000
6781.390000
6781.390000
6781.390000
6781.390000
6781.390000
6781.390000
6781.390000
6781.390000
6781.390000
6781.390000
6781.390000
6781.390000
6781.390000
6781.390000
6781.390000
6781.390000
6781.390000
6781.390000
6781.390000
6781.390000
6781.390000
6781.390000
6781.390000
6781.390000
6781.390000
6781.390000
6781.390000
6781.390000
6781.390000
6781.390000
6781.390000
6781.390000
6781.390000
6781.390000
6781.390000
6781.390000
6781.390000
6781.390000
6781.390000
6781.390000
6781.390000
5059.618165
5565.051036
0.000000
0.000000
6781.390000
6781.390000
6781.390000
6781.390000
6781.390000
6781.390000
6781.390000
6781.390000
6781.390000
6781.390000
6781.390000
6781.390000
6781.390000
6781.390000
6781.390000
6781.390000
6781.390000
6781.390000
6781.390000
6781.390000
6781.390000
6781.390000
6781.390000
6781.390000
6781.390000
6781.390000
6781.390000
6781.390000
6781.390000
6781.390000
6781.390000
6781.390000
6781.390000
6781.390000
6781.390000
6781.390000
6781.390000
6781.390000
6781.390000
6781.390000
6781.390000
6781.390000
3333.821642
3451.850680
0.000000
0.000000
4586.512749
5368.832450
6781.390000
6781.390000
6781.390000
6781.390000
6781.390000
6781.390000
6781.390000
6781.390000
6781.390000
6781.390000
6781.390000
6781.390000
6781.390000
6781.390000
6781.390000
6781.390000
6781.390000
6781.390000
6781.390000
6781.390000
6781.390000
6781.390000
6781.390000
6781.390000
6781.390000
6781.390000
6781.390000
6781.390000
6781.390000
6781.390000
6781.390000
6781.390000
6781.390000
6781.390000
6781.390000
6781.390000
6781.390000
6781.390000
6781.390000
6781.390000
6781.390000
6781.390000
1279.045078
1195.228020
0.000000
0.000000
402.721072
0.000000
0.000000
0.000000
3824.852183
4195.553514
5403.614606
6127.418131
6781.390000
6781.390000
6781.390000
6781.390000
6781.390000
6781.390000
6781.390000
6781.390000
6781.390000
6781.390000
6781.390000
6781.390000
6781.390000
6781.390000
6781.390000
6781.390000
6781.390000
6781.390000
6781.390000
6781.390000
6781.390000
6781.390000
6781.390000
6781.390000
6781.390000
6781.390000
6781.390000
6781.390000
6781.390000
6781.390000
6781.390000
6781.390000
6781.390000
6781.390000
6781.390000
6781.390000
6781.390000
6781.390000
6781.390000
6781.390000
6781.390000
6781.390000
6781.390000
6781.390000
6781.390000
6781.390000
6781.390000
6781.390000
6781.390000
6781.390000
6781.390000
6781.390000
6781.390000
6781.390000
6781.390000
6781.390000
6781.390000
6781.390000
6781.390000
6781.390000
6781.390000
6781.390000
6781.390000
6781.390000
6781.390000
6781.390000
6781.390000
6781.390000
6781.390000
6781.390000
6781.390000
6781.390000
6781.390000
6781.390000
6781.390000
6781.390000
6781.390000
6781.390000
6781.390000
6781.390000
6781.390000
6781.390000
6781.390000
6781.390000
6781.390000
6781.390000
6781.390000
6781.390000
6781.390000
6781.390000
6781.390000
6781.390000
6781.390000
6781.390000
6781.390000
6781.390000
6781.390000
6781.390000
6781.390000
6781.390000
6781.390000
6781.390000
6781.390000
6781.390000
6781.390000
6781.390000
6781.390000
6781.390000
6781.390000
6781.390000
6781.390000
6781.390000
6781.390000
6781.390000
6781.390000
6781.390000
6781.390000
6781.390000
6781.390000
6781.390000
6781.390000
6781.390000
6781.390000
6781.390000
6781.390000
6781.390000
6781.390000
6781.390000
6781.390000
6781.390000
6781.390000
6781.390000
6781.390000
6781.390000
6781.390000
6781.390000
6781.390000
6781.390000
6781.390000
6781.390000
6781.390000
6781.390000
6781.390000
6781.390000
6781.390000
6781.390000
6781.390000
6781.390000
6781.390000
6781.390000
6781.390000
6781.390000
6781.390000
6781.390000
6781.390000
6781.390000
6781.390000
6781.390000
6781.390000
6781.390000
6781.390000
6781.390000
6781.390000
6781.390000
6781.390000
6781.390000
6781.390000
6781.390000
6781.390000
6781.390000
6781.390000
6781.390000
6781.390000
6781.390000
6781.390000
6781.390000
6781.390000
6781.390000
6781.390000
6781.390000
6781.390000
6781.390000
6781.390000
5475.687692
0.000000
0.000000
0.000000
0.000000
0.000000
241.498718
6781.390000
6781.390000
6781.390000
6781.390000
6781.390000
6781.390000
6781.390000
6781.390000
6781.390000
6781.390000
6781.390000
6781.390000
6781.390000
6781.390000
6781.390000
6781.390000
6781.390000
6781.390000
6781.390000
6781.390000
6781.390000
6781.390000
6781.390000
6781.390000
6781.390000
6781.390000
6781.390000
6781.390000
6781.390000
6781.390000
6781.390000
6781.390000
6781.390000
6781.390000
6781.390000
6781.390000
6781.390000
6781.390000
0.000000
0.000000
0.000000
82.975561
0.000000
0.000000
6781.390000
6781.390000
6781.390000
6781.390000
72.132157
30.590656
6781.390000
6781.390000
6781.390000
6781.390000
6781.390000
6781.390000
6781.390000
6781.390000
6781.390000
6781.390000
6781.390000
6781.390000
6781.390000
6781.390000
6781.390000
6781.390000
6781.390000
6781.390000
6781.390000
6781.390000
6781.390000
6781.390000
6781.390000
6781.390000
6781.390000
6781.390000
6781.390000
6781.390000
6781.390000
6781.390000
6781.390000
6781.390000
6781.390000
6781.390000
6781.390000
6781.390000
2576.175757
2604.824820
5308.731685
5995.139837
6781.390000
6781.390000
6781.390000
6781.390000
6781.390000
6781.390000
6781.390000
6781.390000
6781.390000
6781.390000
6781.390000
6781.390000
6781.390000
6781.390000
6781.390000
6781.390000
6781.390000
6781.390000
6781.390000
6781.390000
6781.390000
6781.390000
6781.390000
6781.390000
6781.390000
6781.390000
6781.390000
6781.390000
6781.390000
6781.390000
6781.390000
6781.390000
6781.390000
6781.390000
6781.390000
6781.390000
6781.390000
6781.390000
6781.390000
6781.390000
6781.390000
6781.390000
6781.390000
6781.390000
6781.390000
6781.390000
6781.390000
5608.929279
3988.005250
2082.690080
0.000000
147.333093
3537.466230
4459.071258
6781.390000
6781.390000
6781.390000
6781.390000
6781.390000
6781.390000
6781.390000
6781.390000
6781.390000
6781.390000
6781.390000
6781.390000
6781.390000
6781.390000
6781.390000
6781.390000
6781.390000
6781.390000
6781.390000
6781.390000
6781.390000
6781.390000
6781.390000
6781.390000
6781.390000
6781.390000
6781.390000
6781.390000
6781.390000
6781.390000
6781.390000
6781.390000
6781.390000
6781.390000
6781.390000
6781.390000
6781.390000
6781.390000
6781.390000
6781.390000
5084.408971
0.000000
0.000000
0.000000
0.000000
0.000000
0.000000
575.948663
3469.166296
4396.773598
6781.390000
6781.390000
6781.390000
6781.390000
6781.390000
6781.390000
6781.390000
6781.390000
6781.390000
6781.390000
6781.390000
6781.390000
6781.390000
6781.390000
6781.390000
6781.390000
6781.390000
6781.390000
6781.390000
6781.390000
6781.390000
6781.390000
6781.390000
6781.390000
6781.390000
6781.390000
6781.390000
6781.390000
6781.390000
6781.390000
6781.390000
6781.390000
6781.390000
6781.390000
6781.390000
6781.390000
6781.390000
6781.390000
0.000000
0.000000
0.000000
0.000000
0.000000
0.000000
0.000000
0.000000
6781.390000
6781.390000
6781.390000
6781.390000
6781.390000
6781.390000
6781.390000
6781.390000
6781.390000
6781.390000
6781.390000
6781.390000
6781.390000
6781.390000
6781.390000
6781.390000
6781.390000
6781.390000
6781.390000
6781.390000
6781.390000
6781.390000
6781.390000
6781.390000
6781.390000
6781.390000
6781.390000
6781.390000
6781.390000
6781.390000
6781.390000
6781.390000
6781.390000
6781.390000
6781.390000
6781.390000
6781.390000
6781.390000
594.861334
1582.761337
0.000000
0.000000
0.000000
0.000000
0.000000
0.000000
0.000000
0.000000
0.000000
0.000000
0.000000
6781.390000
6781.390000
6781.390000
6781.390000
6781.390000
6781.390000
6781.390000
6781.390000
6781.390000
6781.390000
6781.390000
6781.390000
6781.390000
6781.390000
6781.390000
6781.390000
6781.390000
6781.390000
6781.390000
6781.390000
6781.390000
6781.390000
6781.390000
6781.390000
6781.390000
6781.390000
6781.390000
6781.390000
6781.390000
6781.390000
6781.390000
6781.390000
6781.390000
6781.390000
6781.390000
0.000000
0.000000
0.000000
0.000000
0.000000
0.000000
0.000000
0.000000
0.000000
0.000000
0.000000
0.000000
3320.142226
6274.922804
6781.390000
6781.390000
6781.390000
6781.390000
6781.390000
6781.390000
6781.390000
6781.390000
6781.390000
6781.390000
6781.390000
6781.390000
6781.390000
6781.390000
6781.390000
6781.390000
6781.390000
6781.390000
6781.390000
6781.390000
6781.390000
6781.390000
6781.390000
6781.390000
6781.390000
6781.390000
6781.390000
6781.390000
6781.390000
6781.390000
6781.390000
6781.390000
1858.068100
2630.410154
0.000000
0.000000
0.000000
0.000000
0.000000
0.000000
0.000000
0.000000
0.000000
0.000000
0.000000
0.000000
0.000000
6781.390000
6781.390000
6781.390000
6781.390000
6781.390000
6781.390000
6781.390000
6781.390000
6781.390000
6781.390000
6781.390000
6781.390000
6781.390000
6781.390000
6781.390000
6781.390000
6781.390000
6781.390000
6781.390000
6781.390000
6781.390000
6781.390000
6781.390000
6781.390000
6781.390000
6781.390000
6781.390000
6781.390000
6781.390000
6781.390000
6781.390000
6781.390000
6781.390000
6781.390000
6781.390000
0.000000
0.000000
0.000000
0.000000
0.000000
0.000000
5111.452237
6781.390000
6781.390000
6781.390000
6781.390000
6781.390000
6781.390000
6781.390000
6781.390000
6781.390000
6781.390000
6781.390000
6781.390000
6781.390000
6781.390000
6781.390000
6781.390000
6781.390000
6781.390000
6781.390000
6781.390000
6781.390000
6781.390000
6781.390000
6781.390000
6781.390000
6781.390000
6781.390000
6781.390000
6781.390000
6781.390000
6781.390000
6781.390000
6781.390000
6781.390000
6781.390000
6781.390000
6781.390000
6781.390000
6781.390000
6781.390000
6781.390000
6781.390000
6781.390000
4203.693085
0.000000
0.000000
0.000000
5105.808828
5691.040581
6781.390000
6781.390000
6781.390000
6781.390000
6781.390000
6781.390000
6781.390000
6781.390000
6781.390000
6781.390000
6781.390000
6781.390000
6781.390000
6781.390000
6781.390000
6781.390000
6781.390000
6781.390000
6781.390000
6781.390000
6781.390000
6781.390000
6781.390000
6781.390000
6781.390000
6781.390000
6781.390000
6781.390000
6781.390000
6781.390000
6781.390000
6781.390000
6781.390000
6781.390000
6781.390000
6781.390000
6781.390000
6781.390000
6781.390000
6781.390000
6781.390000
6781.390000
6781.390000
6781.390000
6781.390000
6781.390000
6781.390000
6781.390000
6781.390000
6781.390000
6781.390000
6781.390000
6781.390000
6781.390000
6781.390000
6781.390000
6781.390000
6781.390000
6781.390000
6781.390000
6781.390000
6781.390000
6781.390000
6781.390000
6781.390000
6781.390000
6781.390000
6781.390000
6781.390000
6781.390000
6781.390000
6781.390000
6781.390000
6781.390000
6781.390000
6781.390000
6781.390000
6781.390000
6781.390000
6781.390000
6781.390000
6781.390000
6781.390000
6781.390000
6781.390000
6781.390000
6781.390000
6781.390000
6781.390000
6781.390000
6781.390000
6781.390000
6781.390000
6781.390000
6781.390000
6781.390000
6781.390000
6781.390000
6781.390000
6781.390000
6781.390000
6781.390000
6781.390000
6781.390000
6781.390000
6781.390000
6781.390000
6781.390000
6781.390000
6781.390000
6781.390000
6781.390000
6781.390000
6781.390000
6781.390000
6781.390000
6781.390000
6781.390000
6781.390000
6781.390000
6781.390000
6781.390000
6781.390000
6781.390000
6781.390000
6781.390000
6781.390000
6781.390000
6781.390000
6781.390000
6781.390000
6781.390000
6781.390000
6781.390000
6781.390000
6781.390000
6781.390000
6781.390000
6781.390000
6781.390000
6781.390000
6781.390000
6781.390000
6781.390000
6781.390000
6781.390000
6781.390000
6781.390000
6781.390000
6781.390000
6781.390000
6781.390000
6781.390000
6781.390000
6781.390000
6781.390000
6781.390000
6781.390000
6781.390000
6781.390000
6781.390000
6781.390000
6781.390000
6781.390000
6781.390000
6781.390000
6781.390000
6781.390000
6781.390000
6781.390000
6781.390000
6781.390000
6781.390000
6781.390000
6781.390000
6781.390000
6781.390000
6781.390000
6781.390000
6781.390000
6781.390000
6781.390000
6781.390000
6781.390000
6781.390000
6781.390000
6781.390000
6781.390000
6781.390000
6781.390000
6781.390000
6781.390000
6781.390000
6781.390000
6781.390000
6781.390000
6781.390000
6781.390000
6781.390000
6781.390000
6781.390000
6781.390000
6781.390000
6781.390000
6781.390000
6781.390000
6781.390000
6781.390000
6781.390000
6781.390000
6781.390000
6781.390000
6781.390000
6781.390000
6781.390000
6781.390000
6781.390000
6781.390000
6781.390000
6781.390000
6781.390000
6781.390000
6781.390000
6781.390000
6781.390000
6781.390000
6781.390000
6781.390000
6781.390000
6781.390000
6781.390000
6781.390000
6781.390000
6781.390000
5175.729186
6301.985075
2161.842158
3567.151572
888.849728
2660.782600
6198.600306
5712.416146
6781.390000
6781.390000
6781.390000
6781.390000
6781.390000
6781.390000
6781.390000
6781.390000
6781.390000
6781.390000
6781.390000
6781.390000
6781.390000
6781.390000
6781.390000
6781.390000
6781.390000
6781.390000
6781.390000
6781.390000
6781.390000
6781.390000
6781.390000
6781.390000
6781.390000
6781.390000
6781.390000
6781.390000
6781.390000
6781.390000
6781.390000
6781.390000
6781.390000
6781.390000
6781.390000
6781.390000
6781.390000
6781.390000
6781.390000
6781.390000
2186.608709
3381.061376
5712.886345
6781.390000
4366.539157
5986.089074
6781.390000
6781.390000
6781.390000
6781.390000
6781.390000
6781.390000
6781.390000
6781.390000
6781.390000
6781.390000
6781.390000
6781.390000
6781.390000
6781.390000
6781.390000
6781.390000
6781.390000
6781.390000
6781.390000
6781.390000
6781.390000
6781.390000
6781.390000
6781.390000
6781.390000
6781.390000
6781.390000
6781.390000
6781.390000
6781.390000
6781.390000
6781.390000
6781.390000
6781.390000
6781.390000
6781.390000
6781.390000
6781.390000
6781.390000
6781.390000
6781.390000
6781.390000
6781.390000
6781.390000
6781.390000
6781.390000
6781.390000
6781.390000
6781.390000
6781.390000
6781.390000
6781.390000
6781.390000
6781.390000
6781.390000
6781.390000
6781.390000
6781.390000
6781.390000
6781.390000
6781.390000
6781.390000
6781.390000
6781.390000
6781.390000
6781.390000
6781.390000
6781.390000
6781.390000
6781.390000
6781.390000
6781.390000
6781.390000
6781.390000
6781.390000
6781.390000
6781.390000
6781.390000
6781.390000
6781.390000
6781.390000
6781.390000
6781.390000
6781.390000
6781.390000
6781.390000
6781.390000
6781.390000
4823.946170
6688.220524
0.000000
0.000000
0.000000
0.000000
0.000000
0.000000
0.000000
0.000000
0.000000
0.000000
0.000000
6781.390000
6781.390000
6781.390000
6781.390000
6781.390000
6781.390000
6781.390000
6781.390000
6781.390000
6781.390000
6781.390000
6781.390000
6781.390000
6781.390000
6781.390000
6781.390000
6781.390000
6781.390000
6781.390000
6781.390000
6781.390000
6781.390000
6781.390000
6781.390000
6781.390000
6781.390000
6781.390000
6781.390000
6781.390000
6781.390000
6781.390000
6781.390000
6781.390000
6781.390000
6781.390000
6781.390000
6781.390000
6781.390000
6781.390000
6781.390000
6781.390000
6781.390000
6781.390000
6781.390000
6781.390000
6781.390000
6781.390000
6781.390000
6781.390000
6781.390000
6781.390000
6781.390000
6781.390000
6781.390000
6781.390000
6781.390000
6781.390000
6781.390000
6781.390000
6781.390000
6781.390000
6781.390000
6781.390000
6781.390000
6781.390000
6781.390000
6781.390000
6781.390000
6781.390000
6781.390000
6781.390000
6781.390000
6781.390000
6781.390000
6781.390000
6781.390000
6781.390000
6781.390000
6781.390000
6781.390000
6781.390000
6781.390000
6781.390000
6781.390000
6781.390000
6781.390000
6781.390000
6781.390000
6781.390000
6781.390000
6781.390000
6781.390000
6781.390000
6781.390000
6781.390000
6781.390000
6781.390000
6781.390000
6781.390000
6781.390000
6781.390000
6781.390000
6781.390000
6781.390000
6781.390000
6781.390000
6781.390000
6781.390000
6781.390000
6781.390000
6781.390000
6781.390000
6781.390000
6781.390000
6781.390000
6781.390000
6781.390000
6781.390000
6781.390000
6781.390000
6781.390000
6781.390000
6781.390000
6781.390000
6781.390000
6781.390000
6781.390000
6781.390000
6781.390000
6781.390000
6781.390000
6781.390000
6781.390000
6781.390000
6781.390000
6781.390000
6781.390000
6781.390000
6781.390000
6781.390000
6781.390000
6781.390000
6781.390000
6781.390000
6781.390000
6781.390000
6781.390000
6781.390000
6781.390000
6781.390000
6781.390000
6781.390000
6781.390000
6781.390000
6781.390000
6781.390000
6781.390000
6781.390000
6781.390000
6781.390000
6781.390000
6781.390000
6781.390000
6781.390000
6781.390000
6781.390000
6781.390000
6781.390000
6781.390000
6781.390000
6781.390000
6781.390000
6781.390000
6781.390000
6781.390000
6781.390000
6781.390000
6781.390000
6781.390000
6781.390000
6781.390000
6781.390000
6781.390000
6781.390000
6781.390000
6781.390000
6781.390000
6781.390000
6781.390000
6781.390000
6781.390000
6781.390000
6781.390000
6781.390000
6781.390000
6781.390000
6781.390000
6781.390000
6781.390000
6781.390000
6781.390000
6781.390000
6781.390000
6781.390000
6781.390000
6781.390000
6781.390000
6781.390000
6781.390000
6781.390000
6781.390000
6781.390000
6781.390000
6781.390000
6781.390000
6781.390000
6781.390000
6781.390000
6781.390000
6781.390000
6781.390000
6781.390000
6781.390000
6781.390000
6781.390000
6781.390000
6781.390000
6781.390000
6781.390000
6781.390000
6781.390000
6781.390000
6781.390000
6781.390000
6781.390000
6781.390000
6781.390000
6781.390000
6781.390000
6781.390000
6781.390000
6781.390000
6781.390000
6781.390000
6781.390000
6781.390000
6781.390000
6781.390000
6781.390000
6781.390000
6781.390000
6781.390000
6781.390000
6781.390000
6781.390000
6781.390000
6781.390000
6781.390000
6781.390000
6781.390000
6781.390000
6781.390000
6781.390000
6781.390000
6781.390000
6781.390000
6781.390000
6781.390000
6781.390000
6781.390000
6781.390000
6781.390000
6781.390000
6781.390000
6781.390000
6781.390000
6781.390000
6781.390000
6781.390000
6781.390000
6781.390000
6781.390000
6781.390000
6781.390000
6781.390000
6781.390000
6781.390000
6781.390000
6781.390000
6781.390000
6781.390000
6781.390000
6781.390000
6781.390000
6781.390000
6781.390000
6781.390000
6781.390000
6781.390000
6781.390000
6781.390000
6781.390000
6781.390000
6781.390000
6781.390000
6781.390000
6781.390000
6781.390000
6781.390000
6781.390000
6781.390000
6781.390000
6781.390000
6781.390000
6781.390000
6781.390000
6781.390000
6781.390000
6781.390000
6781.390000
6781.390000
6781.390000
6781.390000
6781.390000
6781.390000
6781.390000
6781.390000
6781.390000
6781.390000
6781.390000
6781.390000
6781.390000
6781.390000
6781.390000
6781.390000
6781.390000
6781.390000
6781.390000
6781.390000
6781.390000
6781.390000
6781.390000
6781.390000
6781.390000
6781.390000
6781.390000
6781.390000
6781.390000
6781.390000
6781.390000
6781.390000
6781.390000
6781.390000
6781.390000
6781.390000
6781.390000
6781.390000
6781.390000
6781.390000
6781.390000
6781.390000
6781.390000
6781.390000
6781.390000
6781.390000
6781.390000
6781.390000
6781.390000
6781.390000
6781.390000
6781.390000
6781.390000
6781.390000
6781.390000
6781.390000
6781.390000
6781.390000
6781.390000
6781.390000
6781.390000
6781.390000
6781.390000
6781.390000
6781.390000
6781.390000
6781.390000
6781.390000
6781.390000
6781.390000
6781.390000
6781.390000
6781.390000
6781.390000
6781.390000
6781.390000
6781.390000
6781.390000
6781.390000
6781.390000
6781.390000
6781.390000
6781.390000
6781.390000
6781.390000
6781.390000
6781.390000
6781.390000
6781.390000
6781.390000
6781.390000
6781.390000
6781.390000
6781.390000
6781.390000
6781.390000
6781.390000
6781.390000
6781.390000
6781.390000
6781.390000
6781.390000
6781.390000
6781.390000
6781.390000
6781.390000
6781.390000
6781.390000
6781.390000
6781.390000
6781.390000
6781.390000
6781.390000
6781.390000
6781.390000
6781.390000
6781.390000
6781.390000
6781.390000
6781.390000
6781.390000
6781.390000
6781.390000
6781.390000
6781.390000
6781.390000
6781.390000
6781.390000
6781.390000
6781.390000
6781.390000
6781.390000
6781.390000
6781.390000
6781.390000
6781.390000
6781.390000
6781.390000
6781.390000
6781.390000
6781.390000
6781.390000
6781.390000
6781.390000
6781.390000
6781.390000
6781.390000
6781.390000
6781.390000
6781.390000
6781.390000
6781.390000
6781.390000
6781.390000
6781.390000
6781.390000
6781.390000
6781.390000
6781.390000
6781.390000
6781.390000
6781.390000
6781.390000
6781.390000
6781.390000
6781.390000
6781.390000
6781.390000
6781.390000
6781.390000
6781.390000
6781.390000
6781.390000
6781.390000
6781.390000
6781.390000
6781.390000
6781.390000
6781.390000
6781.390000
6781.390000
6781.390000
6781.390000
6781.390000
6781.390000
6781.390000
6781.390000
6781.390000
6781.390000
6781.390000
6781.390000
6781.390000
6781.390000
6781.390000
6781.390000
6781.390000
6781.390000
6781.390000
6781.390000
6781.390000
6781.390000
6781.390000
6781.390000
6781.390000
6781.390000
6781.390000
6781.390000
6781.390000
6781.390000
6781.390000
6781.390000
6781.390000
6781.390000
6781.390000
6781.390000
6781.390000
6781.390000
6781.390000
6781.390000
6781.390000
6781.390000
6781.390000
6781.390000
6781.390000
6781.390000
6781.390000
6781.390000
6781.390000
6781.390000
6781.390000
6781.390000
6781.390000
6781.390000
6781.390000
6781.390000
6781.390000
6781.390000
6781.390000
6781.390000
6781.390000
6781.390000
6781.390000
6781.390000
6781.390000
6781.390000
6781.390000
6781.390000
6781.390000
6781.390000
6781.390000
6781.390000
6781.390000
6781.390000
6781.390000
6781.390000
6781.390000
6781.390000
6781.390000
6781.390000
6781.390000
6781.390000
6781.390000
6781.390000
6781.390000
6781.390000
6781.390000
6781.390000
6781.390000
6781.390000
6781.390000
6781.390000
6781.390000
6781.390000
6781.390000
6781.390000
6781.390000
6781.390000
6781.390000
6781.390000
6781.390000
6781.390000
6781.390000
6781.390000
6781.390000
6781.390000
6781.390000
6781.390000
6781.390000
6781.390000
6781.390000
6781.390000
6781.390000
4097.181916
5231.414663
0.000000
0.000000
0.000000
0.000000
0.000000
466.381479
1928.314035
1982.793825
181.421052
421.282759
5076.011242
6781.390000
6781.390000
6781.390000
6781.390000
6781.390000
6781.390000
6781.390000
6781.390000
6781.390000
6781.390000
6781.390000
6781.390000
6781.390000
6781.390000
6781.390000
6781.390000
6781.390000
6781.390000
6781.390000
6781.390000
6781.390000
6781.390000
6781.390000
6781.390000
6781.390000
6781.390000
6781.390000
6781.390000
6781.390000
6781.390000
6781.390000
6781.390000
6781.390000
6781.390000
6781.390000
6781.390000
6781.390000
2039.784258
0.000000
0.000000
0.000000
0.000000
0.000000
0.000000
0.000000
107.884319
882.664441
4535.832721
6781.390000
6781.390000
6781.390000
6781.390000
6781.390000
6781.390000
6781.390000
6781.390000
6781.390000
6781.390000
6781.390000
6781.390000
6781.390000
6781.390000
6781.390000
6781.390000
6781.390000
6781.390000
6781.390000
6781.390000
6781.390000
6781.390000
6781.390000
6781.390000
6781.390000
6781.390000
6781.390000
6781.390000
6781.390000
6781.390000
6781.390000
6781.390000
6781.390000
6781.390000
6781.390000
6781.390000
6781.390000
6781.390000
3537.436124
0.000000
0.000000
0.000000
0.000000
0.000000
766.904792
6781.390000
6781.390000
6781.390000
6781.390000
6781.390000
6781.390000
6781.390000
6781.390000
6781.390000
6781.390000
6781.390000
6781.390000
6781.390000
6781.390000
6781.390000
6781.390000
6781.390000
6781.390000
6781.390000
6781.390000
6781.390000
6781.390000
6781.390000
6781.390000
6781.390000
6781.390000
6781.390000
6781.390000
6781.390000
6781.390000
6781.390000
6781.390000
6781.390000
6781.390000
6781.390000
6781.390000
6781.390000
6781.390000
6781.390000
6781.390000
6781.390000
6781.390000
0.000000
0.000000
0.000000
0.000000
0.000000
506.268409
6781.390000
6781.390000
6781.390000
6781.390000
6781.390000
6781.390000
6781.390000
6781.390000
6781.390000
6781.390000
6781.390000
6781.390000
6781.390000
6781.390000
6781.390000
6781.390000
6781.390000
6781.390000
6781.390000
6781.390000
6781.390000
6781.390000
6781.390000
6781.390000
6781.390000
6781.390000
6781.390000
6781.390000
6781.390000
6781.390000
6781.390000
6781.390000
6781.390000
6781.390000
6781.390000
6781.390000
6781.390000
6781.390000
6781.390000
6781.390000
6781.390000
6781.390000
6781.390000
6781.390000
6781.390000
6781.390000
6781.390000
6781.390000
6781.390000
6781.390000
6781.390000
6781.390000
6781.390000
6781.390000
6781.390000
6781.390000
6781.390000
6781.390000
6781.390000
6781.390000
6781.390000
6781.390000
6781.390000
6781.390000
6781.390000
6781.390000
6781.390000
6781.390000
6781.390000
6781.390000
6781.390000
6781.390000
6781.390000
6781.390000
6781.390000
6781.390000
6781.390000
6781.390000
6781.390000
6781.390000
6781.390000
6781.390000
6781.390000
6781.390000
6781.390000
6781.390000
6781.390000
6781.390000
6781.390000
6781.390000
6781.390000
6781.390000
6781.390000
6781.390000
6781.390000
6781.390000
6781.390000
6781.390000
6781.390000
6781.390000
6781.390000
6781.390000
6781.390000
6781.390000
6781.390000
6781.390000
6781.390000
6781.390000
6781.390000
6781.390000
6781.390000
6781.390000
6781.390000
6781.390000
6781.390000
6781.390000
6781.390000
6781.390000
6781.390000
6781.390000
6781.390000
6781.390000
6781.390000
6781.390000
6781.390000
6781.390000
6781.390000
6781.390000
6781.390000
6781.390000
6781.390000
6781.390000
6781.390000
6781.390000
6486.185868
6781.390000
0.000000
0.000000
0.000000
0.000000
5992.510929
6781.390000
1076.430872
184.159415
6781.390000
6781.390000
6781.390000
6781.390000
6781.390000
6781.390000
6781.390000
6781.390000
6781.390000
6781.390000
6781.390000
6781.390000
6781.390000
6781.390000
6781.390000
6781.390000
6781.390000
6781.390000
6781.390000
6781.390000
6781.390000
6781.390000
6781.390000
6781.390000
6781.390000
6781.390000
6781.390000
6781.390000
6781.390000
6781.390000
6781.390000
6781.390000
6781.390000
6781.390000
6781.390000
6781.390000
6781.390000
6781.390000
6781.390000
6781.390000
1256.593339
0.000000
0.000000
0.000000
6781.390000
6781.390000
6781.390000
6781.390000
6781.390000
6781.390000
6781.390000
6781.390000
6781.390000
6781.390000
6781.390000
6781.390000
6781.390000
6781.390000
6781.390000
6781.390000
6781.390000
6781.390000
6781.390000
6781.390000
6781.390000
6781.390000
6781.390000
6781.390000
6781.390000
6781.390000
6781.390000
6781.390000
6781.390000
6781.390000
6781.390000
6781.390000
6781.390000
6781.390000
6781.390000
6781.390000
6781.390000
6781.390000
6781.390000
6781.390000
6781.390000
6781.390000
6781.390000
6781.390000
6066.023509
0.000000
0.000000
0.000000
0.000000
0.000000
0.000000
0.000000
6781.390000
6781.390000
6781.390000
6781.390000
6781.390000
6781.390000
6781.390000
6781.390000
6781.390000
6781.390000
6781.390000
6781.390000
6781.390000
6781.390000
6781.390000
6781.390000
6781.390000
6781.390000
6781.390000
6781.390000
6781.390000
6781.390000
6781.390000
6781.390000
6781.390000
6781.390000
6781.390000
6781.390000
6781.390000
6781.390000
6781.390000
6781.390000
6781.390000
6781.390000
6781.390000
6781.390000
6781.390000
6781.390000
6781.390000
6781.390000
6781.390000
6781.390000
6781.390000
6781.390000
1143.289683
1263.884648
6781.390000
6781.390000
6781.390000
6781.390000
6781.390000
6781.390000
6781.390000
6781.390000
6781.390000
6781.390000
6781.390000
6781.390000
6781.390000
6781.390000
6781.390000
6781.390000
6781.390000
6781.390000
6781.390000
6781.390000
6781.390000
6781.390000
6781.390000
6781.390000
6781.390000
6781.390000
6781.390000
6781.390000
6781.390000
6781.390000
6781.390000
6781.390000
6781.390000
6781.390000
6781.390000
6781.390000
6781.390000
6781.390000
6781.390000
6781.390000
6781.390000
6781.390000
6781.390000
6781.390000
6781.390000
6781.390000
0.000000
0.000000
4197.776981
4952.310272
5020.236592
5800.145867
6781.390000
6781.390000
6781.390000
6781.390000
6781.390000
6781.390000
6781.390000
6781.390000
6781.390000
6781.390000
6781.390000
6781.390000
6781.390000
6781.390000
6781.390000
6781.390000
6781.390000
6781.390000
6781.390000
6781.390000
6781.390000
6781.390000
6781.390000
6781.390000
6781.390000
6781.390000
6781.390000
6781.390000
6781.390000
6781.390000
6781.390000
6781.390000
6781.390000
6781.390000
6781.390000
6781.390000
6781.390000
6781.390000
6781.390000
6781.390000
6781.390000
6781.390000
6781.390000
6781.390000
6781.390000
6781.390000
6781.390000
6781.390000
6781.390000
6781.390000
6781.390000
6781.390000
6781.390000
6781.390000
6781.390000
6781.390000
6781.390000
6781.390000
6781.390000
6781.390000
6781.390000
6781.390000
6781.390000
6781.390000
6781.390000
6781.390000
6781.390000
6781.390000
6781.390000
6781.390000
6781.390000
6781.390000
6781.390000
6781.390000
6781.390000
6781.390000
6781.390000
6781.390000
6781.390000
6781.390000
6781.390000
6781.390000
6781.390000
6781.390000
6781.390000
6781.390000
6781.390000
6781.390000
6781.390000
6781.390000
6781.390000
6781.390000
6781.390000
6781.390000
6781.390000
6781.390000
6781.390000
6781.390000
6781.390000
6781.390000
6781.390000
6781.390000
6781.390000
6781.390000
6781.390000
6781.390000
6781.390000
6781.390000
6781.390000
6781.390000
6781.390000
6781.390000
6781.390000
6781.390000
6781.390000
6781.390000
6781.390000
6781.390000
6781.390000
6781.390000
6781.390000
6781.390000
6781.390000
6781.390000
6781.390000
6781.390000
6781.390000
6781.390000
6781.390000
6781.390000
6781.390000
6781.390000
6781.390000
6781.390000
6781.390000
6781.390000
6781.390000
6781.390000
6781.390000
6781.390000
6781.390000
6781.390000
6781.390000
6781.390000
6781.390000
6781.390000
6781.390000
6781.390000
6781.390000
6781.390000
6781.390000
6781.390000
6781.390000
6781.390000
6781.390000
6781.390000
6781.390000
6781.390000
6781.390000
6781.390000
6781.390000
6781.390000
6781.390000
6781.390000
6781.390000
6781.390000
6781.390000
6781.390000
6781.390000
6781.390000
6781.390000
6781.390000
6781.390000
6781.390000
6781.390000
6781.390000
6781.390000
6781.390000
6781.390000
6781.390000
6781.390000
6781.390000
6781.390000
6781.390000
6781.390000
6781.390000
6781.390000
6781.390000
6501.064245
6781.390000
6781.390000
6781.390000
6781.390000
6781.390000
6781.390000
6781.390000
6781.390000
6781.390000
6781.390000
6781.390000
6781.390000
6781.390000
6781.390000
6781.390000
6781.390000
6781.390000
6781.390000
6781.390000
6781.390000
6781.390000
6781.390000
6781.390000
6781.390000
6781.390000
6781.390000
6781.390000
6781.390000
6781.390000
6781.390000
6781.390000
6781.390000
6781.390000
6781.390000
6781.390000
6781.390000
6781.390000
6781.390000
6781.390000
6781.390000
6781.390000
6781.390000
6781.390000
3847.163772
1717.294131
0.000000
0.000000
0.000000
0.000000
0.000000
0.000000
5814.013897
6781.390000
6781.390000
6781.390000
6781.390000
6781.390000
6781.390000
6781.390000
6781.390000
6781.390000
6781.390000
6781.390000
6781.390000
6781.390000
6781.390000
6781.390000
6781.390000
6781.390000
6781.390000
6781.390000
6781.390000
6781.390000
6781.390000
6781.390000
6781.390000
6781.390000
6781.390000
6781.390000
6781.390000
6781.390000
6781.390000
6781.390000
6781.390000
6781.390000
6781.390000
6781.390000
6781.390000
6781.390000
6781.390000
825.755189
0.000000
0.000000
0.000000
0.000000
0.000000
0.000000
0.000000
0.000000
0.000000
0.000000
1839.235758
5560.092238
6781.390000
6781.390000
6781.390000
6781.390000
6781.390000
6781.390000
6781.390000
6781.390000
6781.390000
6781.390000
6781.390000
6781.390000
6781.390000
6781.390000
6781.390000
6781.390000
6781.390000
6781.390000
6781.390000
6781.390000
6781.390000
6781.390000
6781.390000
6781.390000
6781.390000
6781.390000
6781.390000
6781.390000
6781.390000
6781.390000
6781.390000
6781.390000
1471.684063
2702.427444
314.480477
0.000000
0.000000
0.000000
0.000000
0.000000
0.000000
0.000000
1133.411953
2048.731257
5769.028295
4127.358170
6781.390000
6781.390000
6781.390000
6781.390000
6781.390000
6781.390000
6781.390000
6781.390000
6781.390000
6781.390000
6781.390000
6781.390000
6781.390000
6781.390000
6781.390000
6781.390000
6781.390000
6781.390000
6781.390000
6781.390000
6781.390000
6781.390000
6781.390000
6781.390000
6781.390000
6781.390000
6781.390000
6781.390000
6781.390000
6781.390000
6781.390000
6781.390000
6781.390000
6781.390000
6781.390000
6781.390000
6781.390000
4798.877102
0.000000
0.000000
0.000000
0.000000
0.000000
0.000000
0.000000
0.000000
5294.723522
6781.390000
6781.390000
6781.390000
6781.390000
6781.390000
6781.390000
6781.390000
6781.390000
6781.390000
6781.390000
6781.390000
6781.390000
6781.390000
6781.390000
6781.390000
6781.390000
6781.390000
6781.390000
6781.390000
6781.390000
6781.390000
6781.390000
6781.390000
6781.390000
6781.390000
6781.390000
6781.390000
6781.390000
6781.390000
6781.390000
6781.390000
6781.390000
6781.390000
6781.390000
6781.390000
6781.390000
6781.390000
6781.390000
6781.390000
6781.390000
6781.390000
6781.390000
6781.390000
6781.390000
6781.390000
6781.390000
6781.390000
6781.390000
6781.390000
6781.390000
6781.390000
6781.390000
6781.390000
6781.390000
6781.390000
6781.390000
6781.390000
6781.390000
6781.390000
6781.390000
6781.390000
6781.390000
6781.390000
6781.390000
6781.390000
6781.390000
6781.390000
6781.390000
6781.390000
6781.390000
6781.390000
6781.390000
6781.390000
6781.390000
6781.390000
6781.390000
6781.390000
6781.390000
6781.390000
6781.390000
6781.390000
780.897426
2324.919485
0.000000
0.000000
0.000000
0.000000
0.000000
0.000000
0.000000
0.000000
0.000000
0.000000
0.000000
0.000000
4306.815382
6781.390000
6781.390000
6781.390000
6781.390000
6781.390000
6781.390000
6781.390000
6781.390000
6781.390000
6781.390000
6781.390000
6781.390000
6781.390000
6781.390000
6781.390000
6781.390000
6781.390000
6781.390000
6781.390000
6781.390000
6781.390000
6781.390000
6781.390000
6781.390000
6781.390000
6781.390000
6781.390000
6781.390000
6781.390000
6781.390000
6781.390000
6781.390000
6781.390000
6781.390000
6781.390000
6781.390000
6781.390000
6781.390000
4578.518711
6685.483598
5221.893204
3509.469072
3682.182754
5480.713982
6046.282168
6781.390000
6781.390000
6781.390000
6781.390000
6781.390000
6781.390000
6781.390000
6781.390000
6781.390000
6781.390000
6781.390000
6781.390000
6781.390000
6781.390000
6781.390000
6781.390000
6781.390000
6781.390000
6781.390000
6781.390000
6781.390000
6781.390000
6781.390000
6781.390000
6781.390000
6781.390000
6781.390000
6781.390000
6781.390000
6781.390000
6781.390000
6781.390000
6781.390000
6781.390000
6781.390000
6781.390000
6781.390000
6781.390000
6781.390000
6781.390000
6781.390000
1280.270640
0.000000
0.000000
0.000000
0.000000
0.000000
0.000000
0.000000
0.000000
1599.795100
5257.565100
6781.390000
6781.390000
6781.390000
6781.390000
6781.390000
6781.390000
6781.390000
6781.390000
6781.390000
6781.390000
6781.390000
6781.390000
6781.390000
6781.390000
6781.390000
6781.390000
6781.390000
6781.390000
6781.390000
6781.390000
6781.390000
6781.390000
6781.390000
6781.390000
6781.390000
6781.390000
6781.390000
6781.390000
6781.390000
6781.390000
6781.390000
6781.390000
6781.390000
6781.390000
6781.390000
6781.390000
6781.390000
6781.390000
6781.390000
6781.390000
6781.390000
6781.390000
6781.390000
6781.390000
6781.390000
6781.390000
6781.390000
1708.005154
6781.390000
6781.390000
6781.390000
6781.390000
6781.390000
6781.390000
6781.390000
6781.390000
6781.390000
6781.390000
6781.390000
6781.390000
6781.390000
6781.390000
6781.390000
6781.390000
6781.390000
6781.390000
6781.390000
6781.390000
6781.390000
6781.390000
6781.390000
6781.390000
6781.390000
6781.390000
6781.390000
6781.390000
6781.390000
6781.390000
6781.390000
6781.390000
6781.390000
6781.390000
6781.390000
6781.390000
6781.390000
1124.475774
0.000000
0.000000
0.000000
0.000000
6781.390000
6781.390000
6781.390000
6781.390000
6781.390000
6781.390000
6781.390000
6781.390000
6781.390000
6781.390000
6781.390000
6781.390000
6781.390000
6781.390000
6781.390000
6781.390000
6781.390000
6781.390000
6781.390000
6781.390000
6781.390000
6781.390000
6781.390000
6781.390000
6781.390000
6781.390000
6781.390000
6781.390000
6781.390000
6781.390000
6781.390000
6781.390000
6781.390000
6781.390000
6781.390000
6781.390000
6781.390000
6781.390000
6781.390000
6781.390000
6781.390000
6781.390000
6781.390000
6781.390000
6781.390000
6781.390000
380.492508
632.906634
4249.452119
5077.990151
6781.390000
6781.390000
6781.390000
6781.390000
6781.390000
6781.390000
6781.390000
6781.390000
6781.390000
6781.390000
6781.390000
6781.390000
6781.390000
6781.390000
6781.390000
6781.390000
6781.390000
6781.390000
6781.390000
6781.390000
6781.390000
6781.390000
6781.390000
6781.390000
6781.390000
6781.390000
6781.390000
6781.390000
6781.390000
6781.390000
6781.390000
6781.390000
6781.390000
6781.390000
6781.390000
6781.390000
6781.390000
6781.390000
6781.390000
6781.390000
6781.390000
6781.390000
2555.518918
3239.201602
2349.517736
3837.711139
5327.177356
4643.448567
5672.332983
5599.986263
6781.390000
6781.390000
6781.390000
6781.390000
6781.390000
6781.390000
6781.390000
6781.390000
6781.390000
6781.390000
6781.390000
6781.390000
6781.390000
6781.390000
6781.390000
6781.390000
6781.390000
6781.390000
6781.390000
6781.390000
6781.390000
6781.390000
6781.390000
6781.390000
6781.390000
6781.390000
6781.390000
6781.390000
6781.390000
6781.390000
6781.390000
6781.390000
6781.390000
6781.390000
6781.390000
6781.390000
0.000000
0.000000
0.000000
0.000000
5936.620848
6272.052074
4212.145480
5562.380661
6781.390000
6781.390000
6781.390000
6781.390000
6781.390000
6781.390000
6781.390000
6781.390000
6781.390000
6781.390000
6781.390000
6781.390000
6781.390000
6781.390000
6781.390000
6781.390000
6781.390000
6781.390000
6781.390000
6781.390000
6781.390000
6781.390000
6781.390000
6781.390000
6781.390000
6781.390000
6781.390000
6781.390000
6781.390000
6781.390000
6781.390000
6781.390000
6781.390000
6781.390000
6781.390000
6781.390000
6781.390000
6781.390000
6781.390000
6781.390000
6781.390000
6781.390000
6781.390000
6781.390000
6781.390000
6781.390000
6781.390000
6781.390000
6781.390000
6781.390000
6781.390000
6781.390000
6781.390000
6781.390000
6781.390000
6781.390000
6781.390000
6781.390000
6781.390000
6781.390000
6781.390000
6781.390000
6781.390000
6781.390000
6781.390000
6781.390000
6781.390000
6781.390000
6781.390000
6781.390000
6781.390000
6781.390000
6781.390000
6781.390000
6781.390000
6781.390000
6781.390000
6781.390000
6781.390000
6781.390000
6781.390000
6781.390000
6781.390000
6781.390000
6781.390000
6781.390000
6781.390000
6781.390000
6781.390000
6781.390000
6781.390000
6781.390000
6781.390000
6781.390000
6781.390000
6781.390000
5827.209633
6223.334351
6781.390000
6781.390000
6781.390000
6781.390000
6781.390000
6781.390000
6781.390000
6781.390000
6781.390000
6781.390000
6781.390000
6781.390000
6781.390000
6781.390000
6781.390000
6781.390000
6781.390000
6781.390000
6781.390000
6781.390000
6781.390000
6781.390000
6781.390000
6781.390000
6781.390000
6781.390000
6781.390000
6781.390000
6781.390000
6781.390000
6781.390000
6781.390000
6781.390000
6781.390000
6781.390000
6781.390000
6781.390000
6781.390000
6781.390000
6781.390000
6781.390000
6781.390000
6781.390000
6781.390000
6781.390000
6781.390000
6781.390000
6781.390000
6781.390000
6781.390000
6781.390000
6781.390000
6781.390000
6781.390000
6781.390000
6781.390000
6781.390000
6781.390000
6781.390000
6781.390000
6781.390000
6781.390000
6781.390000
6781.390000
6781.390000
6781.390000
6781.390000
6781.390000
6781.390000
6781.390000
6781.390000
6781.390000
6781.390000
6781.390000
6781.390000
6781.390000
6781.390000
6781.390000
6781.390000
6781.390000
6781.390000
6781.390000
6781.390000
6781.390000
6781.390000
6781.390000
6781.390000
6781.390000
6781.390000
6781.390000
6781.390000
6570.059437
0.000000
0.000000
0.000000
214.127945
3924.486096
4542.010093
6781.390000
6781.390000
6781.390000
6781.390000
6781.390000
6781.390000
6781.390000
6781.390000
6781.390000
6781.390000
6781.390000
6781.390000
6781.390000
6781.390000
6781.390000
6781.390000
6781.390000
6781.390000
6781.390000
6781.390000
6781.390000
6781.390000
6781.390000
6781.390000
6781.390000
6781.390000
6781.390000
6781.390000
6781.390000
6781.390000
6781.390000
6781.390000
6781.390000
6781.390000
6781.390000
6781.390000
6781.390000
6781.390000
6781.390000
6781.390000
775.572662
0.000000
0.000000
0.000000
6781.390000
6781.390000
6781.390000
6781.390000
6781.390000
6781.390000
6781.390000
6781.390000
6781.390000
6781.390000
6781.390000
6781.390000
6781.390000
6781.390000
6781.390000
6781.390000
6781.390000
6781.390000
6781.390000
6781.390000
6781.390000
6781.390000
6781.390000
6781.390000
6781.390000
6781.390000
6781.390000
6781.390000
6781.390000
6781.390000
6781.390000
6781.390000
6781.390000
6781.390000
6781.390000
6781.390000
6781.390000
6781.390000
6781.390000
6781.390000
6781.390000
6781.390000
6781.390000
6781.390000
6781.390000
6781.390000
6781.390000
6781.390000
6781.390000
6781.390000
6781.390000
6781.390000
6781.390000
6781.390000
6781.390000
6781.390000
6781.390000
6781.390000
6781.390000
6781.390000
6781.390000
6781.390000
6781.390000
6781.390000
6781.390000
6781.390000
6781.390000
6781.390000
6781.390000
6781.390000
6781.390000
6781.390000
6781.390000
6781.390000
6781.390000
6781.390000
6781.390000
6781.390000
6781.390000
6781.390000
6781.390000
6781.390000
6781.390000
6781.390000
6781.390000
6781.390000
6781.390000
6781.390000
6781.390000
6781.390000
6781.390000
6781.390000
3218.752731
4003.988977
1005.106357
2723.116002
6781.390000
6781.390000
6781.390000
6781.390000
6781.390000
6781.390000
6781.390000
6781.390000
6781.390000
6781.390000
6781.390000
6781.390000
6781.390000
6781.390000
6781.390000
6781.390000
6781.390000
6781.390000
6781.390000
6781.390000
6781.390000
6781.390000
6781.390000
6781.390000
6781.390000
6781.390000
6781.390000
6781.390000
6781.390000
6781.390000
6781.390000
6781.390000
6781.390000
6781.390000
6781.390000
6781.390000
6781.390000
6781.390000
6781.390000
6781.390000
6781.390000
6781.390000
6781.390000
6781.390000
3605.965595
1498.889956
6781.390000
6781.390000
6781.390000
6781.390000
6781.390000
6781.390000
6781.390000
6781.390000
6781.390000
6781.390000
6781.390000
6781.390000
6781.390000
6781.390000
6781.390000
6781.390000
6781.390000
6781.390000
6781.390000
6781.390000
6781.390000
6781.390000
6781.390000
6781.390000
6781.390000
6781.390000
6781.390000
6781.390000
6781.390000
6781.390000
6781.390000
6781.390000
6781.390000
6781.390000
6781.390000
6781.390000
6781.390000
6781.390000
6781.390000
6781.390000
6781.390000
6781.390000
6781.390000
6781.390000
6781.390000
6781.390000
6781.390000
6781.390000
6781.390000
6781.390000
6781.390000
6781.390000
6781.390000
6781.390000
6781.390000
6781.390000
6781.390000
6781.390000
6781.390000
6781.390000
6781.390000
6781.390000
6781.390000
6781.390000
6781.390000
6781.390000
6781.390000
6781.390000
6781.390000
6781.390000
6781.390000
6781.390000
6781.390000
6781.390000
6781.390000
6781.390000
6781.390000
6781.390000
6781.390000
6781.390000
6781.390000
6781.390000
6781.390000
6781.390000
6781.390000
6781.390000
6781.390000
6781.390000
6781.390000
6781.390000
6781.390000
6781.390000
6781.390000
2360.661224
0.000000
0.000000
0.000000
0.000000
0.000000
0.000000
520.076369
972.276475
0.000000
6781.390000
6781.390000
6781.390000
6781.390000
6781.390000
6781.390000
6781.390000
6781.390000
6781.390000
6781.390000
6781.390000
6781.390000
6781.390000
6781.390000
6781.390000
6781.390000
6781.390000
6781.390000
6781.390000
6781.390000
6781.390000
6781.390000
6781.390000
6781.390000
6781.390000
6781.390000
6781.390000
6781.390000
6781.390000
6781.390000
6781.390000
6781.390000
6781.390000
6781.390000
6781.390000
6781.390000
6781.390000
6781.390000
6781.390000
439.631837
0.000000
0.000000
0.000000
0.000000
0.000000
6781.390000
6781.390000
6781.390000
6781.390000
6781.390000
6781.390000
6781.390000
6781.390000
6781.390000
6781.390000
6781.390000
6781.390000
6781.390000
6781.390000
6781.390000
6781.390000
6781.390000
6781.390000
6781.390000
6781.390000
6781.390000
6781.390000
6781.390000
6781.390000
6781.390000
6781.390000
6781.390000
6781.390000
6781.390000
6781.390000
6781.390000
6781.390000
6781.390000
6781.390000
6781.390000
6781.390000
6781.390000
6781.390000
6781.390000
6781.390000
6781.390000
5970.528401
5355.500116
3748.306703
6781.390000
6781.390000
6781.390000
6781.390000
6781.390000
6781.390000
6781.390000
6781.390000
6781.390000
6781.390000
6781.390000
6781.390000
6781.390000
6781.390000
6781.390000
6781.390000
6781.390000
6781.390000
6781.390000
6781.390000
6781.390000
6781.390000
6781.390000
6781.390000
6781.390000
6781.390000
6781.390000
6781.390000
6781.390000
6781.390000
6781.390000
6781.390000
6781.390000
6781.390000
6781.390000
6781.390000
6781.390000
6781.390000
6781.390000
6781.390000
6781.390000
6781.390000
6781.390000
6781.390000
6781.390000
6781.390000
6781.390000
6781.390000
6781.390000
6781.390000
6781.390000
6781.390000
6781.390000
6781.390000
6781.390000
6781.390000
6781.390000
6781.390000
6781.390000
6781.390000
6781.390000
6781.390000
6781.390000
6781.390000
6781.390000
6781.390000
6781.390000
6781.390000
6781.390000
6781.390000
6781.390000
6781.390000
6781.390000
6781.390000
6781.390000
6781.390000
6781.390000
6781.390000
6781.390000
6781.390000
6781.390000
6781.390000
6781.390000
6781.390000
6781.390000
6781.390000
6781.390000
6781.390000
6781.390000
6781.390000
6419.960562
6781.390000
0.000000
269.087916
2431.968142
2627.057006
0.000000
0.000000
0.000000
0.000000
201.533485
128.694667
6781.390000
6781.390000
6781.390000
6781.390000
6781.390000
6781.390000
6781.390000
6781.390000
6781.390000
6781.390000
6781.390000
6781.390000
6781.390000
6781.390000
6781.390000
6781.390000
6781.390000
6781.390000
6781.390000
6781.390000
6781.390000
6781.390000
6781.390000
6781.390000
6781.390000
6781.390000
6781.390000
6781.390000
6781.390000
6781.390000
6781.390000
6781.390000
6781.390000
6781.390000
6781.390000
6781.390000
6781.390000
6781.390000
6781.390000
6781.390000
6781.390000
6781.390000
6781.390000
6781.390000
6781.390000
6781.390000
6781.390000
6781.390000
6781.390000
6781.390000
6781.390000
6781.390000
6781.390000
6781.390000
6781.390000
6781.390000
6781.390000
6781.390000
6781.390000
6781.390000
6781.390000
6781.390000
6781.390000
6781.390000
6781.390000
6781.390000
6781.390000
6781.390000
6781.390000
6781.390000
6781.390000
6781.390000
6781.390000
6781.390000
6781.390000
6781.390000
6781.390000
6781.390000
6781.390000
6781.390000
6781.390000
6781.390000
6781.390000
6781.390000
6781.390000
6781.390000
6781.390000
2747.963893
0.000000
0.000000
0.000000
0.000000
4148.459163
4566.297521
0.000000
0.000000
6781.390000
6781.390000
6781.390000
6781.390000
6781.390000
6781.390000
6781.390000
6781.390000
6781.390000
6781.390000
6781.390000
6781.390000
6781.390000
6781.390000
6781.390000
6781.390000
6781.390000
6781.390000
6781.390000
6781.390000
6781.390000
6781.390000
6781.390000
6781.390000
6781.390000
6781.390000
6781.390000
6781.390000
6781.390000
6781.390000
6781.390000
6781.390000
6781.390000
6781.390000
6781.390000
6781.390000
6781.390000
6781.390000
6781.390000
722.590736
0.000000
0.000000
0.000000
0.000000
6781.390000
6781.390000
6781.390000
6781.390000
6781.390000
5634.244471
6781.390000
6781.390000
6781.390000
6781.390000
6781.390000
6781.390000
6781.390000
6781.390000
6781.390000
6781.390000
6781.390000
6781.390000
6781.390000
6781.390000
6781.390000
6781.390000
6781.390000
6781.390000
6781.390000
6781.390000
6781.390000
6781.390000
6781.390000
6781.390000
6781.390000
6781.390000
6781.390000
6781.390000
6781.390000
6781.390000
6781.390000
6781.390000
6781.390000
6781.390000
6781.390000
6781.390000
6781.390000
6781.390000
6781.390000
6781.390000
6781.390000
6781.390000
6781.390000
6781.390000
6781.390000
6781.390000
6781.390000
6781.390000
6781.390000
6781.390000
6781.390000
6781.390000
6781.390000
6781.390000
6781.390000
6781.390000
6781.390000
6781.390000
6781.390000
6781.390000
6781.390000
6781.390000
6781.390000
6781.390000
6781.390000
6781.390000
6781.390000
6781.390000
6781.390000
6781.390000
6781.390000
6781.390000
6781.390000
6781.390000
6781.390000
6781.390000
6781.390000
6781.390000
6781.390000
6781.390000
6781.390000
6781.390000
6781.390000
6781.390000
4780.137013
0.000000
823.126785
0.000000
1232.814204
1089.590597
344.042920
825.860142
3320.143588
3639.894113
6781.390000
6781.390000
6781.390000
6781.390000
6781.390000
6781.390000
6781.390000
6781.390000
6781.390000
6781.390000
6781.390000
6781.390000
6781.390000
6781.390000
6781.390000
6781.390000
6781.390000
6781.390000
6781.390000
6781.390000
6781.390000
6781.390000
6781.390000
6781.390000
6781.390000
6781.390000
6781.390000
6781.390000
6781.390000
6781.390000
6781.390000
6781.390000
6781.390000
6781.390000
6781.390000
6781.390000
0.000000
0.000000
0.000000
0.000000
0.000000
0.000000
0.000000
0.000000
2154.195836
1446.976935
6781.390000
6781.390000
6660.913758
6781.390000
6781.390000
6781.390000
6781.390000
6781.390000
6781.390000
6781.390000
6781.390000
6781.390000
6781.390000
6781.390000
6781.390000
6781.390000
6781.390000
6781.390000
6781.390000
6781.390000
6781.390000
6781.390000
6781.390000
6781.390000
6781.390000
6781.390000
6781.390000
6781.390000
6781.390000
6781.390000
6781.390000
6781.390000
6781.390000
6781.390000
6781.390000
6781.390000
6026.192045
6781.390000
0.000000
0.000000
0.000000
0.000000
0.000000
0.000000
0.000000
0.000000
0.000000
0.000000
0.000000
0.000000
0.000000
6781.390000
6781.390000
6781.390000
6781.390000
6781.390000
6781.390000
6781.390000
6781.390000
6781.390000
6781.390000
6781.390000
6781.390000
6781.390000
6781.390000
6781.390000
6781.390000
6781.390000
6781.390000
6781.390000
6781.390000
6781.390000
6781.390000
6781.390000
6781.390000
6781.390000
6781.390000
6781.390000
6781.390000
6781.390000
6781.390000
6781.390000
6781.390000
6781.390000
6781.390000
6781.390000
6781.390000
6781.390000
6781.390000
6781.390000
4563.740114
2023.643272
0.000000
0.000000
6781.390000
6781.390000
6781.390000
6781.390000
6781.390000
6781.390000
6781.390000
6781.390000
6781.390000
6781.390000
6781.390000
6781.390000
6781.390000
6781.390000
6781.390000
6781.390000
6781.390000
6781.390000
6781.390000
6781.390000
6781.390000
6781.390000
6781.390000
6781.390000
6781.390000
6781.390000
6781.390000
6781.390000
6781.390000
6781.390000
6781.390000
6781.390000
6781.390000
6781.390000
6781.390000
6781.390000
6781.390000
6781.390000
6781.390000
6781.390000
6781.390000
6781.390000
6781.390000
6781.390000
6781.390000
6781.390000
6781.390000
6781.390000
6781.390000
6781.390000
6781.390000
6781.390000
6781.390000
6781.390000
6781.390000
6781.390000
6781.390000
6781.390000
6781.390000
6781.390000
6781.390000
6781.390000
6781.390000
6781.390000
6781.390000
6781.390000
6781.390000
6781.390000
6781.390000
6781.390000
6781.390000
6781.390000
6781.390000
6781.390000
6781.390000
6781.390000
6781.390000
6781.390000
6781.390000
6781.390000
6781.390000
6781.390000
6781.390000
6781.390000
6781.390000
6781.390000
6781.390000
6781.390000
6781.390000
6781.390000
6781.390000
2388.141344
4077.618929
2126.392034
5800.938182
6323.901381
6781.390000
6781.390000
6781.390000
6781.390000
6781.390000
6781.390000
6781.390000
6781.390000
6781.390000
6781.390000
6781.390000
6781.390000
6781.390000
6781.390000
6781.390000
6781.390000
6781.390000
6781.390000
6781.390000
6781.390000
6781.390000
6781.390000
6781.390000
6781.390000
6781.390000
6781.390000
6781.390000
6781.390000
6781.390000
6781.390000
6781.390000
6781.390000
6781.390000
6781.390000
6781.390000
6781.390000
6781.390000
6781.390000
6781.390000
6781.390000
6781.390000
6781.390000
6781.390000
6781.390000
6781.390000
6781.390000
6781.390000
6781.390000
6781.390000
6781.390000
6781.390000
6781.390000
6781.390000
6781.390000
6781.390000
6781.390000
6781.390000
6781.390000
6781.390000
6781.390000
6781.390000
6781.390000
6781.390000
6781.390000
6781.390000
6781.390000
6781.390000
6781.390000
6781.390000
6781.390000
6781.390000
6781.390000
6781.390000
6781.390000
6781.390000
6781.390000
6781.390000
6781.390000
6781.390000
6781.390000
6781.390000
6781.390000
6781.390000
6781.390000
6781.390000
6781.390000
6781.390000
6781.390000
6781.390000
6781.390000
6781.390000
6781.390000
6781.390000
4773.721165
6781.390000
6781.390000
6781.390000
6781.390000
6781.390000
6781.390000
6781.390000
6781.390000
6781.390000
6781.390000
6781.390000
6781.390000
6781.390000
6781.390000
6781.390000
6781.390000
6781.390000
6781.390000
6781.390000
6781.390000
6781.390000
6781.390000
6781.390000
6781.390000
6781.390000
6781.390000
6781.390000
6781.390000
6781.390000
6781.390000
6781.390000
6781.390000
6781.390000
6781.390000
6781.390000
6781.390000
6781.390000
6781.390000
6781.390000
6781.390000
6781.390000
6781.390000
1310.029772
2258.369840
1776.431908
0.000000
2915.894839
3296.871930
0.000000
0.000000
0.000000
0.000000
0.000000
0.000000
4890.290149
6781.390000
6781.390000
6781.390000
6781.390000
6781.390000
6781.390000
6781.390000
6781.390000
6781.390000
6781.390000
6781.390000
6781.390000
6781.390000
6781.390000
6781.390000
6781.390000
6781.390000
6781.390000
6781.390000
6781.390000
6781.390000
6781.390000
6781.390000
6781.390000
6781.390000
6781.390000
6781.390000
6781.390000
6781.390000
6781.390000
6781.390000
6781.390000
6781.390000
6781.390000
6781.390000
6781.390000
6781.390000
6781.390000
6781.390000
0.000000
0.000000
0.000000
971.890083
2046.992945
1265.670383
2809.331441
2755.144248
6781.390000
6705.079366
6781.390000
6781.390000
6781.390000
6781.390000
6781.390000
6781.390000
6781.390000
6781.390000
6781.390000
6781.390000
6781.390000
6781.390000
6781.390000
6781.390000
6781.390000
6781.390000
6781.390000
6781.390000
6781.390000
6781.390000
6781.390000
6781.390000
6781.390000
6781.390000
6781.390000
6781.390000
6781.390000
6781.390000
6781.390000
6781.390000
6781.390000
6781.390000
6781.390000
6781.390000
6781.390000
6781.390000
6781.390000
6781.390000
4135.422006
918.756829
0.000000
0.000000
1272.820845
1332.839853
0.000000
0.000000
0.000000
109.974562
6781.390000
6781.390000
6781.390000
6781.390000
6781.390000
6781.390000
6781.390000
6781.390000
6781.390000
6781.390000
6781.390000
6781.390000
6781.390000
6781.390000
6781.390000
6781.390000
6781.390000
6781.390000
6781.390000
6781.390000
6781.390000
6781.390000
6781.390000
6781.390000
6781.390000
6781.390000
6781.390000
6781.390000
6781.390000
6781.390000
6781.390000
6781.390000
6781.390000
6781.390000
6781.390000
6781.390000
6781.390000
5048.280740
806.272109
0.000000
0.000000
0.000000
0.000000
0.000000
0.000000
0.000000
0.000000
0.000000
0.000000
0.000000
6781.390000
6781.390000
6781.390000
6781.390000
6781.390000
6781.390000
6781.390000
6781.390000
6781.390000
6781.390000
6781.390000
6781.390000
6781.390000
6781.390000
6781.390000
6781.390000
6781.390000
6781.390000
6781.390000
6781.390000
6781.390000
6781.390000
6781.390000
6781.390000
6781.390000
6781.390000
6781.390000
6781.390000
6781.390000
6781.390000
6781.390000
6781.390000
6781.390000
6781.390000
6781.390000
6781.390000
6781.390000
6781.390000
6781.390000
6781.390000
6781.390000
6781.390000
6781.390000
0.000000
0.000000
0.000000
0.000000
0.000000
6781.390000
6781.390000
6781.390000
6781.390000
6781.390000
6781.390000
6781.390000
6781.390000
6781.390000
6781.390000
6781.390000
6781.390000
6781.390000
6781.390000
6781.390000
6781.390000
6781.390000
6781.390000
6781.390000
6781.390000
6781.390000
6781.390000
6781.390000
6781.390000
6781.390000
6781.390000
6781.390000
6781.390000
6781.390000
6781.390000
6781.390000
6781.390000
6781.390000
6781.390000
6781.390000
6781.390000
6781.390000
6781.390000
3937.094610
4245.310031
3117.101610
3699.818559
2745.361138
0.000000
0.000000
4217.906525
6781.390000
6781.390000
6781.390000
6781.390000
6781.390000
6781.390000
6781.390000
6781.390000
6781.390000
6781.390000
6781.390000
6781.390000
6781.390000
6781.390000
6781.390000
6781.390000
6781.390000
6781.390000
6781.390000
6781.390000
6781.390000
6781.390000
6781.390000
6781.390000
6781.390000
6781.390000
6781.390000
6781.390000
6781.390000
6781.390000
6781.390000
6781.390000
6781.390000
6781.390000
6781.390000
6781.390000
6781.390000
732.979047
1058.244454
0.000000
0.000000
0.000000
0.000000
0.000000
0.000000
0.000000
0.000000
0.000000
4579.168197
6781.390000
6781.390000
6781.390000
6781.390000
6781.390000
6781.390000
6781.390000
6781.390000
6781.390000
6781.390000
6781.390000
6781.390000
6781.390000
6781.390000
6781.390000
6781.390000
6781.390000
6781.390000
6781.390000
6781.390000
6781.390000
6781.390000
6781.390000
6781.390000
6781.390000
6781.390000
6781.390000
6781.390000
6781.390000
6781.390000
6781.390000
4409.556687
5057.775279
0.000000
0.000000
0.000000
0.000000
0.000000
0.000000
0.000000
0.000000
0.000000
0.000000
0.000000
0.000000
4598.972310
6781.390000
6781.390000
6781.390000
6781.390000
6781.390000
6781.390000
6781.390000
6781.390000
6781.390000
6781.390000
6781.390000
6781.390000
6781.390000
6781.390000
6781.390000
6781.390000
6781.390000
6781.390000
6781.390000
6781.390000
6781.390000
6781.390000
6781.390000
6781.390000
6781.390000
6781.390000
6781.390000
6781.390000
6781.390000
6781.390000
6781.390000
6781.390000
6781.390000
6781.390000
6781.390000
6781.390000
6781.390000
2234.243481
2781.417016
6781.390000
6781.390000
6781.390000
6781.390000
6781.390000
6781.390000
6781.390000
6781.390000
6781.390000
6781.390000
6781.390000
6781.390000
6781.390000
6781.390000
6781.390000
6781.390000
6781.390000
6781.390000
6781.390000
6781.390000
6781.390000
6781.390000
6781.390000
6781.390000
6781.390000
6781.390000
6781.390000
6781.390000
6781.390000
6781.390000
6781.390000
6781.390000
6781.390000
6781.390000
6781.390000
6781.390000
6781.390000
6781.390000
6781.390000
6781.390000
6781.390000
6781.390000
6781.390000
6781.390000
6781.390000
6781.390000
6781.390000
2182.203022
799.737389
0.000000
0.000000
0.000000
0.000000
0.000000
0.000000
521.603182
6781.390000
6781.390000
6781.390000
6781.390000
6781.390000
6781.390000
6781.390000
6781.390000
6781.390000
6781.390000
6781.390000
6781.390000
6781.390000
6781.390000
6781.390000
6781.390000
6781.390000
6781.390000
6781.390000
6781.390000
6781.390000
6781.390000
6781.390000
6781.390000
6781.390000
6781.390000
6781.390000
6781.390000
6781.390000
6781.390000
6781.390000
6781.390000
6781.390000
6781.390000
6781.390000
6781.390000
6781.390000
6781.390000
6781.390000
6119.950768
192.968040
0.000000
0.000000
0.000000
0.000000
0.000000
0.000000
0.000000
1756.188060
5150.339029
6781.390000
6781.390000
6781.390000
6781.390000
6781.390000
6781.390000
6781.390000
6781.390000
6781.390000
6781.390000
6781.390000
6781.390000
6781.390000
6781.390000
6781.390000
6781.390000
6781.390000
6781.390000
6781.390000
6781.390000
6781.390000
6781.390000
6781.390000
6781.390000
6781.390000
6781.390000
6781.390000
6781.390000
6781.390000
6781.390000
6781.390000
6781.390000
6781.390000
6781.390000
6781.390000
6781.390000
6781.390000
6781.390000
6781.390000
6781.390000
6781.390000
6781.390000
6781.390000
6781.390000
6781.390000
6781.390000
6781.390000
6781.390000
6781.390000
6781.390000
6781.390000
6781.390000
6781.390000
6781.390000
6781.390000
6781.390000
6781.390000
6781.390000
6781.390000
6781.390000
6781.390000
6781.390000
6781.390000
6781.390000
6781.390000
6781.390000
6781.390000
6781.390000
6781.390000
6781.390000
6781.390000
6781.390000
6781.390000
6781.390000
6781.390000
6781.390000
6781.390000
6781.390000
6781.390000
6781.390000
6781.390000
6781.390000
6152.233649
221.730486
0.000000
0.000000
0.000000
0.000000
0.000000
0.000000
0.000000
0.000000
0.000000
0.000000
0.000000
0.000000
0.000000
0.000000
6781.390000
6781.390000
6781.390000
6781.390000
6781.390000
6781.390000
6781.390000
6781.390000
6781.390000
6781.390000
6781.390000
6781.390000
6781.390000
6781.390000
6781.390000
6781.390000
6781.390000
6781.390000
6781.390000
6781.390000
6781.390000
6781.390000
6781.390000
6781.390000
6781.390000
6781.390000
6781.390000
6781.390000
6781.390000
6781.390000
6781.390000
6440.801124
0.000000
0.000000
0.000000
0.000000
0.000000
0.000000
0.000000
0.000000
0.000000
0.000000
0.000000
0.000000
0.000000
1917.574661
6781.390000
6781.390000
6781.390000
6781.390000
6781.390000
6781.390000
6781.390000
6781.390000
6781.390000
6781.390000
6781.390000
6781.390000
6781.390000
6781.390000
6781.390000
6781.390000
6781.390000
6781.390000
6781.390000
6781.390000
6781.390000
6781.390000
6781.390000
6781.390000
6781.390000
6781.390000
6781.390000
6781.390000
6781.390000
6781.390000
6781.390000
6781.390000
6781.390000
6781.390000
6781.390000
6781.390000
6781.390000
6781.390000
6781.390000
6781.390000
6781.390000
6781.390000
6781.390000
6781.390000
6781.390000
6781.390000
6781.390000
6781.390000
6781.390000
6781.390000
6781.390000
6781.390000
6781.390000
6781.390000
6781.390000
6781.390000
6781.390000
6781.390000
6781.390000
6781.390000
6781.390000
6781.390000
6781.390000
6781.390000
6781.390000
6781.390000
6781.390000
6781.390000
6781.390000
6781.390000
6781.390000
6781.390000
6781.390000
6781.390000
6781.390000
6781.390000
6781.390000
6781.390000
6781.390000
6781.390000
6781.390000
6781.390000
6781.390000
6781.390000
0.000000
0.000000
0.000000
0.000000
0.000000
0.000000
0.000000
0.000000
0.000000
0.000000
0.000000
0.000000
5166.427493
6122.435413
6781.390000
6781.390000
6781.390000
6781.390000
6781.390000
6781.390000
6781.390000
6781.390000
6781.390000
6781.390000
6781.390000
6781.390000
6781.390000
6781.390000
6781.390000
6781.390000
6781.390000
6781.390000
6781.390000
6781.390000
6781.390000
6781.390000
6781.390000
6781.390000
6781.390000
6781.390000
6781.390000
6781.390000
6781.390000
6781.390000
6781.390000
6781.390000
6781.390000
6781.390000
6781.390000
4543.782364
0.000000
0.000000
0.000000
0.000000
0.000000
0.000000
0.000000
0.000000
1119.593929
4983.596073
6781.390000
6781.390000
6781.390000
6781.390000
6781.390000
6781.390000
6781.390000
6781.390000
6781.390000
6781.390000
6781.390000
6781.390000
6781.390000
6781.390000
6781.390000
6781.390000
6781.390000
6781.390000
6781.390000
6781.390000
6781.390000
6781.390000
6781.390000
6781.390000
6781.390000
6781.390000
6781.390000
6781.390000
6781.390000
6781.390000
6781.390000
6781.390000
6757.909109
6781.390000
0.000000
0.000000
0.000000
0.000000
0.000000
0.000000
0.000000
0.000000
0.000000
0.000000
0.000000
0.000000
0.000000
839.545832
6781.390000
6781.390000
6781.390000
6781.390000
6781.390000
6781.390000
6781.390000
6781.390000
6781.390000
6781.390000
6781.390000
6781.390000
6781.390000
6781.390000
6781.390000
6781.390000
6781.390000
6781.390000
6781.390000
6781.390000
6781.390000
6781.390000
6781.390000
6781.390000
6781.390000
6781.390000
6781.390000
6781.390000
6781.390000
6781.390000
6781.390000
6781.390000
6781.390000
6781.390000
6781.390000
6781.390000
6781.390000
3243.605105
0.000000
0.000000
0.000000
0.000000
0.000000
0.000000
0.000000
0.000000
223.270778
0.000000
0.000000
0.000000
6781.390000
6781.390000
6781.390000
6781.390000
6781.390000
6781.390000
6781.390000
6781.390000
6781.390000
6781.390000
6781.390000
6781.390000
6781.390000
6781.390000
6781.390000
6781.390000
6781.390000
6781.390000
6781.390000
6781.390000
6781.390000
6781.390000
6781.390000
6781.390000
6781.390000
6781.390000
6781.390000
6781.390000
6781.390000
6781.390000
6781.390000
6781.390000
6781.390000
6781.390000
6781.390000
6781.390000
3267.493084
643.539535
2079.888013
2514.126067
1248.444707
1933.238824
6781.390000
6781.390000
6781.390000
6781.390000
6781.390000
6781.390000
6781.390000
6781.390000
6781.390000
6781.390000
6781.390000
6781.390000
6781.390000
6781.390000
6781.390000
6781.390000
6781.390000
6781.390000
6781.390000
6781.390000
6781.390000
6781.390000
6781.390000
6781.390000
6781.390000
6781.390000
6781.390000
6781.390000
6781.390000
6781.390000
6781.390000
6781.390000
6781.390000
6781.390000
6781.390000
6781.390000
6781.390000
6781.390000
6781.390000
6781.390000
6781.390000
6781.390000
6781.390000
5309.036672
0.000000
0.000000
0.000000
0.000000
0.000000
126.267846
4603.741046
6075.519644
6781.390000
6781.390000
6781.390000
6781.390000
6781.390000
6781.390000
6781.390000
6781.390000
6781.390000
6781.390000
6781.390000
6781.390000
6781.390000
6781.390000
6781.390000
6781.390000
6781.390000
6781.390000
6781.390000
6781.390000
6781.390000
6781.390000
6781.390000
6781.390000
6781.390000
6781.390000
6781.390000
6781.390000
6781.390000
6781.390000
6781.390000
6781.390000
1931.739053
1925.963992
0.000000
0.000000
0.000000
0.000000
0.000000
0.000000
0.000000
960.915194
2133.436220
1434.205524
6454.771881
6198.587275
6781.390000
0.000000
4956.942947
5646.033716
6781.390000
6781.390000
6781.390000
6781.390000
6781.390000
6781.390000
6781.390000
6781.390000
6781.390000
6781.390000
6781.390000
6781.390000
6781.390000
6781.390000
6781.390000
6781.390000
6781.390000
6781.390000
6781.390000
6781.390000
6781.390000
6781.390000
6781.390000
6781.390000
6781.390000
6781.390000
6781.390000
6781.390000
6781.390000
6781.390000
6781.390000
6781.390000
0.000000
0.000000
0.000000
0.000000
0.000000
0.000000
2417.616867
4277.768083
6781.390000
6471.945063
6781.390000
6421.600780
6781.390000
6781.390000
6781.390000
6781.390000
6781.390000
6781.390000
6781.390000
6781.390000
6781.390000
6781.390000
6781.390000
6781.390000
6781.390000
6781.390000
6781.390000
6781.390000
6781.390000
6781.390000
6781.390000
6781.390000
6781.390000
6781.390000
6781.390000
6781.390000
6781.390000
6781.390000
6781.390000
6781.390000
6781.390000
6781.390000
6781.390000
6781.390000
6781.390000
6781.390000
6781.390000
6781.390000
6781.390000
6781.390000
6781.390000
6781.390000
6781.390000
6781.390000
6781.390000
6781.390000
6781.390000
6781.390000
6781.390000
6781.390000
6781.390000
6781.390000
6781.390000
6781.390000
6781.390000
6781.390000
6781.390000
6781.390000
6781.390000
6781.390000
6781.390000
6781.390000
6781.390000
6781.390000
6781.390000
6781.390000
6781.390000
6781.390000
6781.390000
6781.390000
6781.390000
6781.390000
6781.390000
6781.390000
6781.390000
6781.390000
6781.390000
6781.390000
6781.390000
6781.390000
6781.390000
6781.390000
6781.390000
6781.390000
6781.390000
6781.390000
6781.390000
6781.390000
6781.390000
6781.390000
6781.390000
6781.390000
6781.390000
6781.390000
6781.390000
6781.390000
6781.390000
6781.390000
6781.390000
6781.390000
6781.390000
6781.390000
6781.390000
6781.390000
6781.390000
6781.390000
6781.390000
6781.390000
6781.390000
6781.390000
6781.390000
6781.390000
6781.390000
6781.390000
6781.390000
6781.390000
6781.390000
6781.390000
6781.390000
6781.390000
6781.390000
6781.390000
6781.390000
6781.390000
6781.390000
6781.390000
6781.390000
6781.390000
6781.390000
6781.390000
6781.390000
6781.390000
6781.390000
6781.390000
6781.390000
6781.390000
6781.390000
6781.390000
6781.390000
6781.390000
6781.390000
6781.390000
6781.390000
6781.390000
6781.390000
6781.390000
6781.390000
6781.390000
6781.390000
6781.390000
6781.390000
6781.390000
6781.390000
6781.390000
6781.390000
6781.390000
6781.390000
6781.390000
6781.390000
6781.390000
6781.390000
6781.390000
6781.390000
6781.390000
6781.390000
6781.390000
6781.390000
6781.390000
6781.390000
6781.390000
6781.390000
6781.390000
6781.390000
6781.390000
6781.390000
6781.390000
6781.390000
6781.390000
6781.390000
6781.390000
6781.390000
6781.390000
6781.390000
6781.390000
6781.390000
6781.390000
5361.957012
3475.865059
6781.390000
6781.390000
5728.955349
6318.931155
6781.390000
6781.390000
6781.390000
6781.390000
6781.390000
6781.390000
6781.390000
6781.390000
6781.390000
6781.390000
6781.390000
6781.390000
6781.390000
6781.390000
6781.390000
6781.390000
6781.390000
6781.390000
6781.390000
6781.390000
6781.390000
6781.390000
6781.390000
6781.390000
6781.390000
6781.390000
6781.390000
6781.390000
6781.390000
6781.390000
6781.390000
6781.390000
6781.390000
6781.390000
6781.390000
6781.390000
6781.390000
6781.390000
2090.937461
2343.094419
283.923702
0.000000
0.000000
0.000000
0.000000
0.000000
0.000000
0.000000
0.000000
0.000000
0.000000
2931.121193
6781.390000
6781.390000
6781.390000
6781.390000
6781.390000
6781.390000
6781.390000
6781.390000
6781.390000
6781.390000
6781.390000
6781.390000
6781.390000
6781.390000
6781.390000
6781.390000
6781.390000
6781.390000
6781.390000
6781.390000
6781.390000
6781.390000
6781.390000
6781.390000
6781.390000
6781.390000
6781.390000
6781.390000
6781.390000
6781.390000
6781.390000
6781.390000
6781.390000
6781.390000
6781.390000
6781.390000
6781.390000
6781.390000
0.000000
0.000000
6781.390000
6781.390000
6781.390000
6781.390000
6781.390000
6781.390000
6781.390000
6078.260977
6781.390000
6781.390000
6781.390000
6781.390000
6781.390000
6781.390000
6781.390000
6781.390000
6781.390000
6781.390000
6781.390000
6781.390000
6781.390000
6781.390000
6781.390000
6781.390000
6781.390000
6781.390000
6781.390000
6781.390000
6781.390000
6781.390000
6781.390000
6781.390000
6781.390000
6781.390000
6781.390000
6781.390000
6781.390000
6781.390000
6781.390000
6781.390000
6781.390000
6781.390000
6781.390000
6781.390000
6781.390000
6781.390000
3325.836682
3833.631845
6230.767318
6781.390000
6781.390000
6781.390000
6781.390000
6781.390000
6781.390000
6781.390000
6781.390000
6781.390000
6781.390000
6781.390000
6781.390000
6781.390000
6781.390000
6781.390000
6781.390000
6781.390000
6781.390000
6781.390000
6781.390000
6781.390000
6781.390000
6781.390000
6781.390000
6781.390000
6781.390000
6781.390000
6781.390000
6781.390000
6781.390000
6781.390000
6781.390000
6781.390000
6781.390000
6781.390000
6781.390000
6781.390000
6781.390000
6781.390000
4785.567596
5402.513048
0.000000
0.000000
0.000000
0.000000
0.000000
0.000000
2709.612345
3069.958593
2848.005811
3567.053081
6781.390000
6781.390000
4465.865227
6781.390000
6781.390000
6781.390000
6781.390000
6781.390000
6781.390000
6781.390000
6781.390000
6781.390000
6781.390000
6781.390000
6781.390000
6781.390000
6781.390000
6781.390000
6781.390000
6781.390000
6781.390000
6781.390000
6781.390000
6781.390000
6781.390000
6781.390000
6781.390000
6781.390000
6781.390000
6781.390000
6781.390000
6781.390000
6781.390000
6781.390000
6781.390000
6781.390000
6781.390000
6781.390000
0.000000
0.000000
0.000000
0.000000
0.000000
0.000000
0.000000
0.000000
0.000000
0.000000
603.584401
1101.062667
6781.390000
6781.390000
6781.390000
6781.390000
6781.390000
6781.390000
6781.390000
6781.390000
6781.390000
6781.390000
6781.390000
6781.390000
6781.390000
6781.390000
6781.390000
6781.390000
6781.390000
6781.390000
6781.390000
6781.390000
6781.390000
6781.390000
6781.390000
6781.390000
6781.390000
6781.390000
6781.390000
6781.390000
6781.390000
6781.390000
6781.390000
6781.390000
6781.390000
6781.390000
0.000000
0.000000
0.000000
0.000000
0.000000
0.000000
0.000000
0.000000
0.000000
0.000000
0.000000
0.000000
0.000000
0.000000
0.000000
6781.390000
6781.390000
6781.390000
6781.390000
6781.390000
6781.390000
6781.390000
6781.390000
6781.390000
6781.390000
6781.390000
6781.390000
6781.390000
6781.390000
6781.390000
6781.390000
6781.390000
6781.390000
6781.390000
6781.390000
6781.390000
6781.390000
6781.390000
6781.390000
6781.390000
6781.390000
6781.390000
6781.390000
6781.390000
6781.390000
6781.390000
6781.390000
6781.390000
0.000000
0.000000
0.000000
0.000000
0.000000
0.000000
0.000000
0.000000
0.000000
0.000000
0.000000
0.000000
0.000000
0.000000
0.000000
1159.349195
6781.390000
6781.390000
6781.390000
6781.390000
6781.390000
6781.390000
6781.390000
6781.390000
6781.390000
6781.390000
6781.390000
6781.390000
6781.390000
6781.390000
6781.390000
6781.390000
6781.390000
6781.390000
6781.390000
6781.390000
6781.390000
6781.390000
6781.390000
6781.390000
6781.390000
6781.390000
6781.390000
6781.390000
6781.390000
6781.390000
6781.390000
6781.390000
6781.390000
6781.390000
5614.293227
6781.390000
4035.219599
0.000000
0.000000
0.000000
0.000000
0.000000
0.000000
0.000000
0.000000
0.000000
0.000000
0.000000
3600.064632
6781.390000
6781.390000
6781.390000
6781.390000
6781.390000
6781.390000
6781.390000
6781.390000
6781.390000
6781.390000
6781.390000
6781.390000
6781.390000
6781.390000
6781.390000
6781.390000
6781.390000
6781.390000
6781.390000
6781.390000
6781.390000
6781.390000
6781.390000
6781.390000
6781.390000
6781.390000
6781.390000
6781.390000
6781.390000
6781.390000
6781.390000
0.000000
0.000000
0.000000
0.000000
0.000000
0.000000
0.000000
0.000000
0.000000
0.000000
0.000000
0.000000
2347.148432
2354.864176
6781.390000
3059.893332
6781.390000
6781.390000
6781.390000
6781.390000
6781.390000
6781.390000
6781.390000
6781.390000
6781.390000
6781.390000
6781.390000
6781.390000
6781.390000
6781.390000
6781.390000
6781.390000
6781.390000
6781.390000
6781.390000
6781.390000
6781.390000
6781.390000
6781.390000
6781.390000
6781.390000
6781.390000
6781.390000
6781.390000
6781.390000
6781.390000
6781.390000
6781.390000
6781.390000
6781.390000
3398.892069
3967.348875
1033.692711
2252.064461
4804.649542
6073.134325
6781.390000
6781.390000
6781.390000
6781.390000
6781.390000
6781.390000
6781.390000
6781.390000
6781.390000
6781.390000
6781.390000
6781.390000
6781.390000
6781.390000
6781.390000
6781.390000
6781.390000
6781.390000
6781.390000
6781.390000
6781.390000
6781.390000
6781.390000
6781.390000
6781.390000
6781.390000
6781.390000
6781.390000
6781.390000
6781.390000
6781.390000
6781.390000
6781.390000
6781.390000
6781.390000
6781.390000
6781.390000
6781.390000
6781.390000
6781.390000
6781.390000
6781.390000
5061.896343
5966.856481
3166.763514
0.000000
0.000000
0.000000
0.000000
0.000000
0.000000
0.000000
0.000000
0.000000
0.000000
6781.390000
6781.390000
6781.390000
6781.390000
6781.390000
6781.390000
6781.390000
6781.390000
6781.390000
6781.390000
6781.390000
6781.390000
6781.390000
6781.390000
6781.390000
6781.390000
6781.390000
6781.390000
6781.390000
6781.390000
6781.390000
6781.390000
6781.390000
6781.390000
6781.390000
6781.390000
6781.390000
6781.390000
6781.390000
6781.390000
6781.390000
6781.390000
6781.390000
6781.390000
6781.390000
6781.390000
6781.390000
3855.155072
0.000000
0.000000
0.000000
0.000000
0.000000
0.000000
0.000000
0.000000
0.000000
6333.465827
0.000000
3011.150077
6421.061274
6781.390000
6781.390000
6781.390000
6781.390000
6781.390000
6781.390000
6781.390000
6781.390000
6781.390000
6781.390000
6781.390000
6781.390000
6781.390000
6781.390000
6781.390000
6781.390000
6781.390000
6781.390000
6781.390000
6781.390000
6781.390000
6781.390000
6781.390000
6781.390000
6781.390000
6781.390000
6781.390000
6781.390000
6781.390000
6781.390000
6781.390000
6781.390000
3841.280249
3926.149263
2590.253214
0.000000
0.000000
0.000000
0.000000
0.000000
0.000000
0.000000
0.000000
0.000000
1363.394263
6781.390000
6781.390000
6781.390000
6781.390000
6781.390000
6781.390000
6781.390000
6781.390000
6781.390000
6781.390000
6781.390000
6781.390000
6781.390000
6781.390000
6781.390000
6781.390000
6781.390000
6781.390000
6781.390000
6781.390000
6781.390000
6781.390000
6781.390000
6781.390000
6781.390000
6781.390000
6781.390000
6781.390000
6781.390000
6781.390000
6781.390000
6781.390000
6781.390000
6781.390000
6781.390000
6781.390000
6781.390000
6781.390000
6781.390000
6781.390000
6781.390000
6781.390000
6781.390000
1882.874068
2784.170691
6781.390000
6781.390000
6781.390000
6781.390000
6781.390000
6781.390000
6781.390000
6781.390000
6781.390000
6781.390000
6781.390000
6781.390000
6781.390000
6781.390000
6781.390000
6781.390000
6781.390000
6781.390000
6781.390000
6781.390000
6781.390000
6781.390000
6781.390000
6781.390000
6781.390000
6781.390000
6781.390000
6781.390000
6781.390000
6781.390000
6781.390000
6781.390000
6781.390000
6781.390000
6781.390000
6781.390000
6781.390000
6781.390000
6781.390000
6781.390000
6781.390000
6781.390000
6781.390000
6781.390000
6781.390000
6781.390000
6781.390000
6781.390000
6781.390000
6781.390000
6781.390000
6781.390000
6781.390000
6781.390000
6781.390000
6781.390000
6781.390000
6781.390000
6781.390000
6781.390000
6781.390000
6781.390000
6781.390000
6781.390000
6781.390000
6781.390000
6781.390000
6781.390000
6781.390000
6781.390000
6781.390000
6781.390000
6781.390000
6781.390000
6781.390000
6781.390000
6781.390000
6781.390000
6781.390000
6781.390000
6781.390000
6781.390000
6781.390000
6781.390000
6781.390000
6781.390000
0.000000
0.000000
0.000000
1197.705680
3468.753643
3073.240421
2198.032524
3763.996890
609.052684
45.516467
1104.696570
620.370143
4147.473397
6781.390000
6781.390000
6781.390000
6781.390000
6781.390000
6781.390000
6781.390000
6781.390000
6781.390000
6781.390000
6781.390000
6781.390000
6781.390000
6781.390000
6781.390000
6781.390000
6781.390000
6781.390000
6781.390000
6781.390000
6781.390000
6781.390000
6781.390000
6781.390000
6781.390000
6781.390000
6781.390000
6781.390000
6781.390000
6781.390000
6781.390000
6781.390000
6781.390000
6781.390000
6781.390000
6781.390000
6781.390000
6781.390000
6781.390000
6781.390000
5205.029322
1268.284457
3094.526713
2258.686490
1332.048783
1715.212256
1327.449834
3370.620871
596.513652
6781.390000
6781.390000
6781.390000
6781.390000
6781.390000
6781.390000
6781.390000
6781.390000
6781.390000
6781.390000
6781.390000
6781.390000
6781.390000
6781.390000
6781.390000
6781.390000
6781.390000
6781.390000
6781.390000
6781.390000
6781.390000
6781.390000
6781.390000
6781.390000
6781.390000
6781.390000
6781.390000
6781.390000
6781.390000
6781.390000
6781.390000
6781.390000
6781.390000
6781.390000
6781.390000
6781.390000
6781.390000
6781.390000
6781.390000
6781.390000
6781.390000
6781.390000
6781.390000
6781.390000
6781.390000
6781.390000
6781.390000
6781.390000
6781.390000
6781.390000
6781.390000
6781.390000
6781.390000
6781.390000
6781.390000
6781.390000
6781.390000
6781.390000
6781.390000
6781.390000
6781.390000
6781.390000
6781.390000
6781.390000
6781.390000
6781.390000
6781.390000
6781.390000
6781.390000
6781.390000
6781.390000
6781.390000
6781.390000
6781.390000
6781.390000
6781.390000
6781.390000
6781.390000
6781.390000
6781.390000
6781.390000
6781.390000
6781.390000
6781.390000
6781.390000
5851.187924
0.000000
0.000000
0.000000
0.000000
0.000000
0.000000
3597.871005
3765.663801
2313.884755
6781.390000
6781.390000
6781.390000
6781.390000
6781.390000
6781.390000
6781.390000
6781.390000
6781.390000
6781.390000
6781.390000
6781.390000
6781.390000
6781.390000
6781.390000
6781.390000
6781.390000
6781.390000
6781.390000
6781.390000
6781.390000
6781.390000
6781.390000
6781.390000
6781.390000
6781.390000
6781.390000
6781.390000
6781.390000
6781.390000
6781.390000
6781.390000
6781.390000
6781.390000
6781.390000
4452.199491
4732.380470
3120.068476
0.000000
0.000000
0.000000
0.000000
0.000000
0.000000
0.000000
0.000000
0.000000
0.000000
0.000000
2927.636735
6781.390000
6781.390000
6781.390000
6781.390000
6781.390000
6781.390000
6781.390000
6781.390000
6781.390000
6781.390000
6781.390000
6781.390000
6781.390000
6781.390000
6781.390000
6781.390000
6781.390000
6781.390000
6781.390000
6781.390000
6781.390000
6781.390000
6781.390000
6781.390000
6781.390000
6781.390000
6781.390000
6781.390000
6781.390000
6781.390000
6781.390000
6781.390000
6781.390000
6781.390000
6781.390000
114.515114
0.000000
0.000000
0.000000
0.000000
0.000000
0.000000
0.000000
0.000000
0.000000
0.000000
0.000000
1535.641291
4850.753022
6781.390000
6781.390000
6781.390000
6781.390000
6781.390000
6781.390000
6781.390000
6781.390000
6781.390000
6781.390000
6781.390000
6781.390000
6781.390000
6781.390000
6781.390000
6781.390000
6781.390000
6781.390000
6781.390000
6781.390000
6781.390000
6781.390000
6781.390000
6781.390000
6781.390000
6781.390000
6781.390000
6781.390000
6781.390000
6781.390000
1182.119279
3414.507785
534.863585
1738.744477
0.000000
0.000000
0.000000
0.000000
0.000000
0.000000
0.000000
0.000000
0.000000
0.000000
0.000000
0.000000
0.000000
0.000000
6781.390000
6781.390000
6781.390000
6781.390000
6781.390000
6781.390000
6781.390000
6781.390000
6781.390000
6781.390000
6781.390000
6781.390000
6781.390000
6781.390000
6781.390000
6781.390000
6781.390000
6781.390000
6781.390000
6781.390000
6781.390000
6781.390000
6781.390000
6781.390000
6781.390000
6781.390000
6781.390000
6781.390000
5699.816477
5528.679168
0.000000
0.000000
0.000000
0.000000
0.000000
0.000000
0.000000
0.000000
3395.493251
5246.467425
6735.153314
5997.607961
6781.390000
6781.390000
6781.390000
0.000000
0.000000
0.000000
6781.390000
6781.390000
6781.390000
6781.390000
6781.390000
6781.390000
6781.390000
6781.390000
6781.390000
6781.390000
6781.390000
6781.390000
6781.390000
6781.390000
6781.390000
6781.390000
6781.390000
6781.390000
6781.390000
6781.390000
6781.390000
6781.390000
6781.390000
6781.390000
6781.390000
6781.390000
6781.390000
6781.390000
6781.390000
6781.390000
0.000000
0.000000
0.000000
0.000000
0.000000
0.000000
1316.242098
2722.769104
1164.871090
3109.314615
0.000000
0.000000
0.000000
0.000000
5365.816443
6781.390000
6781.390000
6781.390000
6781.390000
6781.390000
6781.390000
6781.390000
6781.390000
6781.390000
6781.390000
6781.390000
6781.390000
6781.390000
6781.390000
6781.390000
6781.390000
6781.390000
6781.390000
6781.390000
6781.390000
6781.390000
6781.390000
6781.390000
6781.390000
6781.390000
6781.390000
6781.390000
6781.390000
6781.390000
6781.390000
6781.390000
6781.390000
6781.390000
6781.390000
6781.390000
6781.390000
0.000000
0.000000
0.000000
0.000000
0.000000
0.000000
0.000000
0.000000
0.000000
0.000000
0.000000
0.000000
6781.390000
6781.390000
6781.390000
6781.390000
6781.390000
6781.390000
6781.390000
6781.390000
6781.390000
6781.390000
6781.390000
6781.390000
6781.390000
6781.390000
6781.390000
6781.390000
6781.390000
6781.390000
6781.390000
6781.390000
6781.390000
6781.390000
6781.390000
6781.390000
6781.390000
6781.390000
6781.390000
6781.390000
6781.390000
6781.390000
6781.390000
6781.390000
6781.390000
6781.390000
6781.390000
4630.166903
6599.808432
0.000000
0.000000
0.000000
0.000000
0.000000
0.000000
0.000000
0.000000
0.000000
0.000000
0.000000
0.000000
0.000000
486.591159
6781.390000
6781.390000
6781.390000
6781.390000
6781.390000
6781.390000
6781.390000
6781.390000
6781.390000
6781.390000
6781.390000
6781.390000
6781.390000
6781.390000
6781.390000
6781.390000
6781.390000
6781.390000
6781.390000
6781.390000
6781.390000
6781.390000
6781.390000
6781.390000
6781.390000
6781.390000
6781.390000
6781.390000
6781.390000
6781.390000
0.000000
191.883125
0.000000
0.000000
0.000000
0.000000
0.000000
0.000000
0.000000
0.000000
0.000000
0.000000
0.000000
0.000000
0.000000
6781.390000
3293.261166
6781.390000
6781.390000
6781.390000
6781.390000
6781.390000
6781.390000
6781.390000
6781.390000
6781.390000
6781.390000
6781.390000
6781.390000
6781.390000
6781.390000
6781.390000
6781.390000
6781.390000
6781.390000
6781.390000
6781.390000
6781.390000
6781.390000
6781.390000
6781.390000
6781.390000
6781.390000
6781.390000
6781.390000
6781.390000
6781.390000
6781.390000
0.000000
0.000000
0.000000
0.000000
0.000000
0.000000
0.000000
0.000000
0.000000
0.000000
0.000000
0.000000
0.000000
0.000000
0.000000
0.000000
0.000000
0.000000
6781.390000
6781.390000
6781.390000
6781.390000
6781.390000
6781.390000
6781.390000
6781.390000
6781.390000
6781.390000
6781.390000
6781.390000
6781.390000
6781.390000
6781.390000
6781.390000
6781.390000
6781.390000
6781.390000
6781.390000
6781.390000
6781.390000
6781.390000
6781.390000
6781.390000
6781.390000
6781.390000
6781.390000
6781.390000
6781.390000
2548.947766
3427.865557
6781.390000
6781.390000
115.596587
0.000000
0.000000
0.000000
0.000000
0.000000
4698.349264
5661.236873
1742.298527
2723.384622
6781.390000
0.000000
0.000000
0.000000
6781.390000
6781.390000
6781.390000
6781.390000
6781.390000
6781.390000
6781.390000
6781.390000
6781.390000
6781.390000
6781.390000
6781.390000
6781.390000
6781.390000
6781.390000
6781.390000
6781.390000
6781.390000
6781.390000
6781.390000
6781.390000
6781.390000
6781.390000
6781.390000
6781.390000
6781.390000
6781.390000
6781.390000
6781.390000
6781.390000
0.000000
0.000000
0.000000
0.000000
0.000000
0.000000
0.000000
0.000000
0.000000
0.000000
0.000000
0.000000
0.000000
0.000000
0.000000
5240.359480
6781.390000
6781.390000
6781.390000
6781.390000
6781.390000
6781.390000
6781.390000
6781.390000
6781.390000
6781.390000
6781.390000
6781.390000
6781.390000
6781.390000
6781.390000
6781.390000
6781.390000
6781.390000
6781.390000
6781.390000
6781.390000
6781.390000
6781.390000
6781.390000
6781.390000
6781.390000
6781.390000
6781.390000
6781.390000
6781.390000
6781.390000
6781.390000
1141.119799
1280.936154
0.000000
0.000000
0.000000
0.000000
0.000000
0.000000
0.000000
0.000000
0.000000
0.000000
0.000000
0.000000
0.000000
0.000000
0.000000
0.000000
6781.390000
6781.390000
6781.390000
6781.390000
6781.390000
6781.390000
6781.390000
6781.390000
6781.390000
6781.390000
6781.390000
6781.390000
6781.390000
6781.390000
6781.390000
6781.390000
6781.390000
6781.390000
6781.390000
6781.390000
6781.390000
6781.390000
6781.390000
6781.390000
6781.390000
6781.390000
6781.390000
6781.390000
6781.390000
6781.390000
0.000000
0.000000
0.000000
0.000000
0.000000
0.000000
0.000000
0.000000
0.000000
0.000000
0.000000
0.000000
0.000000
0.000000
0.000000
6781.390000
6781.390000
6781.390000
6781.390000
6781.390000
6781.390000
6781.390000
6781.390000
6781.390000
6781.390000
6781.390000
6781.390000
6781.390000
6781.390000
6781.390000
6781.390000
6781.390000
6781.390000
6781.390000
6781.390000
6781.390000
6781.390000
6781.390000
6781.390000
6781.390000
6781.390000
6781.390000
6781.390000
6781.390000
6781.390000
6781.390000
4414.513843
6781.390000
0.000000
0.000000
0.000000
0.000000
0.000000
0.000000
0.000000
0.000000
0.000000
0.000000
0.000000
0.000000
0.000000
0.000000
0.000000
6781.390000
6781.390000
6781.390000
6781.390000
6781.390000
6781.390000
6781.390000
6781.390000
6781.390000
6781.390000
6781.390000
6781.390000
6781.390000
6781.390000
6781.390000
6781.390000
6781.390000
6781.390000
6781.390000
6781.390000
6781.390000
6781.390000
6781.390000
6781.390000
6781.390000
6781.390000
6781.390000
6781.390000
6781.390000
6781.390000
6781.390000
6781.390000
6781.390000
6781.390000
6781.390000
6531.919196
6781.390000
2044.882429
0.000000
0.000000
0.000000
0.000000
0.000000
0.000000
0.000000
0.000000
0.000000
0.000000
0.000000
0.000000
0.000000
6781.390000
6781.390000
6781.390000
6781.390000
6781.390000
6781.390000
6781.390000
6781.390000
6781.390000
6781.390000
6781.390000
6781.390000
6781.390000
6781.390000
6781.390000
6781.390000
6781.390000
6781.390000
6781.390000
6781.390000
6781.390000
6781.390000
6781.390000
6781.390000
6781.390000
6781.390000
6781.390000
6781.390000
6781.390000
6781.390000
0.000000
0.000000
0.000000
0.000000
0.000000
0.000000
0.000000
0.000000
0.000000
0.000000
0.000000
0.000000
0.000000
0.000000
5174.560000
0.000000
0.000000
0.000000
6781.390000
6781.390000
6781.390000
6781.390000
6781.390000
6781.390000
6781.390000
6781.390000
6781.390000
6781.390000
6781.390000
6781.390000
6781.390000
6781.390000
6781.390000
6781.390000
6781.390000
6781.390000
6781.390000
6781.390000
6781.390000
6781.390000
6781.390000
6781.390000
6781.390000
6781.390000
6781.390000
6781.390000
2854.895115
4909.704925
0.000000
0.000000
3242.264233
4094.197094
4683.153362
232.930473
0.000000
0.000000
1679.839597
1896.334055
1193.860932
2305.199661
4218.172159
5119.543247
6781.390000
4680.790101
6781.390000
6781.390000
6781.390000
6781.390000
6781.390000
6781.390000
6781.390000
6781.390000
6781.390000
6781.390000
6781.390000
6781.390000
6781.390000
6781.390000
6781.390000
6781.390000
6781.390000
6781.390000
6781.390000
6781.390000
6781.390000
6781.390000
6781.390000
6781.390000
6781.390000
6781.390000
6781.390000
6781.390000
6781.390000
6781.390000
6781.390000
6781.390000
0.000000
0.000000
0.000000
0.000000
0.000000
0.000000
0.000000
0.000000
0.000000
0.000000
0.000000
0.000000
0.000000
0.000000
0.000000
6781.390000
6781.390000
6781.390000
6781.390000
6781.390000
6781.390000
6781.390000
6781.390000
6781.390000
6781.390000
6781.390000
6781.390000
6781.390000
6781.390000
6781.390000
6781.390000
6781.390000
6781.390000
6781.390000
6781.390000
6781.390000
6781.390000
6781.390000
6781.390000
6781.390000
6781.390000
6781.390000
6781.390000
6781.390000
6781.390000
6781.390000
6781.390000
6781.390000
0.000000
0.000000
0.000000
0.000000
0.000000
0.000000
0.000000
0.000000
0.000000
0.000000
0.000000
0.000000
0.000000
0.000000
0.000000
0.000000
2658.232743
3279.675915
6781.390000
6781.390000
6781.390000
6781.390000
6781.390000
6781.390000
6781.390000
6781.390000
6781.390000
6781.390000
6781.390000
6781.390000
6781.390000
6781.390000
6781.390000
6781.390000
6781.390000
6781.390000
6781.390000
6781.390000
6781.390000
6781.390000
6781.390000
6781.390000
6781.390000
6781.390000
6781.390000
6781.390000
6781.390000
6781.390000
2126.390699
2927.528527
6781.390000
6781.390000
6781.390000
6781.390000
4181.877498
2882.295421
4307.724050
4574.245209
6781.390000
6781.390000
6184.748908
6781.390000
6781.390000
6781.390000
6781.390000
6781.390000
6781.390000
6781.390000
6781.390000
6781.390000
6781.390000
6781.390000
6781.390000
6781.390000
6781.390000
6781.390000
6781.390000
6781.390000
6781.390000
6781.390000
6781.390000
6781.390000
6781.390000
6781.390000
6781.390000
6781.390000
6781.390000
6781.390000
6781.390000
6781.390000
6781.390000
6781.390000
6781.390000
6781.390000
6781.390000
6781.390000
0.000000
0.000000
0.000000
0.000000
0.000000
0.000000
0.000000
0.000000
0.000000
0.000000
0.000000
0.000000
0.000000
0.000000
0.000000
6781.390000
6781.390000
6781.390000
6781.390000
6781.390000
6781.390000
6781.390000
6781.390000
6781.390000
6781.390000
6781.390000
6781.390000
6781.390000
6781.390000
6781.390000
6781.390000
6781.390000
6781.390000
6781.390000
6781.390000
6781.390000
6781.390000
6781.390000
6781.390000
6781.390000
6781.390000
6781.390000
6781.390000
6781.390000
6781.390000
6781.390000
0.000000
0.000000
0.000000
0.000000
0.000000
0.000000
0.000000
0.000000
0.000000
0.000000
0.000000
0.000000
0.000000
0.000000
0.000000
0.000000
0.000000
6431.798874
5997.882090
6781.390000
6781.390000
6781.390000
6781.390000
6781.390000
6781.390000
6781.390000
6781.390000
6781.390000
6781.390000
6781.390000
6781.390000
6781.390000
6781.390000
6781.390000
6781.390000
6781.390000
6781.390000
6781.390000
6781.390000
6781.390000
6781.390000
6781.390000
6781.390000
6781.390000
6781.390000
6781.390000
6781.390000
6781.390000
3612.860082
6659.028803
0.000000
0.000000
0.000000
0.000000
0.000000
0.000000
0.000000
0.000000
0.000000
0.000000
0.000000
0.000000
0.000000
0.000000
158.540206
5834.688560
6781.390000
6781.390000
6781.390000
6781.390000
6781.390000
6781.390000
6781.390000
6781.390000
6781.390000
6781.390000
6781.390000
6781.390000
6781.390000
6781.390000
6781.390000
6781.390000
6781.390000
6781.390000
6781.390000
6781.390000
6781.390000
6781.390000
6781.390000
6781.390000
6781.390000
6781.390000
6781.390000
6781.390000
6781.390000
6781.390000
6781.390000
6781.390000
1756.288226
2760.660237
3580.538017
374.111810
6781.390000
6781.390000
0.000000
0.000000
0.000000
0.000000
0.000000
0.000000
0.000000
0.000000
893.040345
0.000000
2501.230059
4964.591964
6781.390000
6781.390000
6781.390000
6781.390000
6781.390000
6781.390000
6781.390000
6781.390000
6781.390000
6781.390000
6781.390000
6781.390000
6781.390000
6781.390000
6781.390000
6781.390000
6781.390000
6781.390000
6781.390000
6781.390000
6781.390000
6781.390000
6781.390000
6781.390000
6781.390000
6781.390000
6781.390000
6781.390000
6781.390000
6781.390000
6781.390000
6781.390000
2910.811826
4413.413180
6781.390000
6781.390000
5450.891331
6646.594646
6781.390000
6781.390000
6781.390000
6781.390000
6781.390000
6781.390000
6781.390000
6781.390000
6781.390000
6781.390000
6781.390000
6781.390000
6781.390000
6781.390000
6781.390000
6781.390000
6781.390000
6781.390000
6781.390000
6781.390000
6781.390000
6781.390000
6781.390000
6781.390000
6781.390000
6781.390000
6781.390000
6781.390000
6781.390000
6781.390000
6781.390000
6781.390000
6781.390000
6781.390000
6781.390000
6781.390000
6781.390000
6781.390000
6781.390000
6781.390000
6023.836023
6712.934999
6781.390000
6781.390000
6781.390000
6781.390000
2968.739936
4380.745738
0.000000
0.000000
4839.389742
4862.018030
6781.390000
6781.390000
6781.390000
6781.390000
6781.390000
6781.390000
6781.390000
6781.390000
6781.390000
6781.390000
6781.390000
6781.390000
6781.390000
6781.390000
6781.390000
6781.390000
6781.390000
6781.390000
6781.390000
6781.390000
6781.390000
6781.390000
6781.390000
6781.390000
6781.390000
6781.390000
6781.390000
6781.390000
6781.390000
6781.390000
6781.390000
6781.390000
6781.390000
6781.390000
6781.390000
6781.390000
0.000000
0.000000
0.000000
0.000000
0.000000
0.000000
0.000000
0.000000
0.000000
0.000000
0.000000
0.000000
0.000000
0.000000
0.000000
0.000000
0.000000
0.000000
6781.390000
6781.390000
6781.390000
6781.390000
6781.390000
6781.390000
6781.390000
6781.390000
6781.390000
6781.390000
6781.390000
6781.390000
6781.390000
6781.390000
6781.390000
6781.390000
6781.390000
6781.390000
6781.390000
6781.390000
6781.390000
6781.390000
6781.390000
6781.390000
6781.390000
6781.390000
6781.390000
6781.390000
0.000000
0.000000
0.000000
0.000000
0.000000
0.000000
0.000000
0.000000
0.000000
0.000000
0.000000
0.000000
0.000000
0.000000
0.000000
0.000000
0.000000
0.000000
0.000000
0.000000
6394.361556
6781.390000
6781.390000
6781.390000
6781.390000
6781.390000
6781.390000
6781.390000
6781.390000
6781.390000
6781.390000
6781.390000
6781.390000
6781.390000
6781.390000
6781.390000
6781.390000
6781.390000
6781.390000
6781.390000
6781.390000
6781.390000
6781.390000
6781.390000
6781.390000
6781.390000
6781.390000
6781.390000
0.000000
0.000000
0.000000
0.000000
0.000000
0.000000
0.000000
0.000000
0.000000
0.000000
0.000000
0.000000
0.000000
0.000000
0.000000
0.000000
0.000000
2686.441258
6781.390000
6781.390000
6781.390000
6781.390000
6781.390000
6781.390000
6781.390000
6781.390000
6781.390000
6781.390000
6781.390000
6781.390000
6781.390000
6781.390000
6781.390000
6781.390000
6781.390000
6781.390000
6781.390000
6781.390000
6781.390000
6781.390000
6781.390000
6781.390000
6781.390000
6781.390000
6781.390000
6781.390000
6781.390000
6781.390000
0.000000
0.000000
0.000000
0.000000
0.000000
0.000000
0.000000
0.000000
0.000000
0.000000
0.000000
0.000000
0.000000
0.000000
0.000000
1397.511928
0.000000
0.000000
6781.390000
6781.390000
6781.390000
6781.390000
6781.390000
6781.390000
6781.390000
6781.390000
6781.390000
6781.390000
6781.390000
6781.390000
6781.390000
6781.390000
6781.390000
6781.390000
6781.390000
6781.390000
6781.390000
6781.390000
6781.390000
6781.390000
6781.390000
6781.390000
6781.390000
6781.390000
6781.390000
6781.390000
6781.390000
6781.390000
6781.390000
6781.390000
6781.390000
6781.390000
6781.390000
6781.390000
6781.390000
6781.390000
6781.390000
6781.390000
6781.390000
6781.390000
6781.390000
6781.390000
6781.390000
6781.390000
6781.390000
6781.390000
6781.390000
6781.390000
6781.390000
6781.390000
6781.390000
6781.390000
6781.390000
6781.390000
6781.390000
6781.390000
6781.390000
6781.390000
6781.390000
6781.390000
6781.390000
6781.390000
6781.390000
6781.390000
6781.390000
6781.390000
6781.390000
6781.390000
6781.390000
6781.390000
6781.390000
6781.390000
6781.390000
6781.390000
6781.390000
6781.390000
0.000000
0.000000
0.000000
0.000000
0.000000
0.000000
0.000000
0.000000
1066.787599
2613.409108
3079.900058
3019.915089
4192.020632
3745.139231
6079.858274
6781.390000
6781.390000
6781.390000
6781.390000
6781.390000
6781.390000
6781.390000
6781.390000
6781.390000
6781.390000
6781.390000
6781.390000
6781.390000
6781.390000
6781.390000
6781.390000
6781.390000
6781.390000
6781.390000
6781.390000
6781.390000
6781.390000
6781.390000
6781.390000
6781.390000
6781.390000
6781.390000
6781.390000
6781.390000
6781.390000
6781.390000
6781.390000
6781.390000
0.000000
0.000000
0.000000
0.000000
0.000000
0.000000
0.000000
0.000000
0.000000
0.000000
0.000000
0.000000
686.589622
356.209337
2304.699872
3637.761340
5015.089819
6781.390000
6781.390000
6781.390000
6781.390000
6781.390000
6781.390000
6781.390000
6781.390000
6781.390000
6781.390000
6781.390000
6781.390000
6781.390000
6781.390000
6781.390000
6781.390000
6781.390000
6781.390000
6781.390000
6781.390000
6781.390000
6781.390000
6781.390000
6781.390000
6781.390000
6781.390000
6781.390000
6781.390000
6781.390000
6781.390000
6781.390000
0.000000
0.000000
0.000000
0.000000
0.000000
0.000000
0.000000
0.000000
0.000000
0.000000
0.000000
0.000000
0.000000
0.000000
2012.002342
4449.855645
6781.390000
6781.390000
6781.390000
6781.390000
6781.390000
6781.390000
6781.390000
6781.390000
6781.390000
6781.390000
6781.390000
6781.390000
6781.390000
6781.390000
6781.390000
6781.390000
6781.390000
6781.390000
6781.390000
6781.390000
6781.390000
6781.390000
6781.390000
6781.390000
6781.390000
6781.390000
6781.390000
6781.390000
6781.390000
6781.390000
6781.390000
6781.390000
5854.412420
6781.390000
1953.361034
3951.406114
3025.568949
269.752584
0.000000
0.000000
0.000000
0.000000
1642.188285
2347.050729
1738.348641
2929.748678
6781.390000
6781.390000
6781.390000
6781.390000
6781.390000
6781.390000
6781.390000
6781.390000
6781.390000
6781.390000
6781.390000
6781.390000
6781.390000
6781.390000
6781.390000
6781.390000
6781.390000
6781.390000
6781.390000
6781.390000
6781.390000
6781.390000
6781.390000
6781.390000
6781.390000
6781.390000
6781.390000
6781.390000
6781.390000
6781.390000
6781.390000
6781.390000
6781.390000
6781.390000
0.000000
100.896182
0.000000
0.000000
0.000000
0.000000
0.000000
0.000000
0.000000
0.000000
0.000000
0.000000
6781.390000
6781.390000
6781.390000
6781.390000
6781.390000
6781.390000
6781.390000
6781.390000
6781.390000
6781.390000
6781.390000
6781.390000
6781.390000
6781.390000
6781.390000
6781.390000
6781.390000
6781.390000
6781.390000
6781.390000
6781.390000
6781.390000
6781.390000
6781.390000
6781.390000
6781.390000
6781.390000
6781.390000
6781.390000
6781.390000
6781.390000
6781.390000
6781.390000
6781.390000
6781.390000
6781.390000
6781.390000
6781.390000
6781.390000
6781.390000
0.000000
0.000000
6781.390000
4803.703896
0.000000
0.000000
0.000000
0.000000
1340.338672
2079.659068
2903.062635
5169.706038
6781.390000
6781.390000
6781.390000
6781.390000
6781.390000
6781.390000
6781.390000
6781.390000
6781.390000
6781.390000
6781.390000
6781.390000
6781.390000
6781.390000
6781.390000
6781.390000
6781.390000
6781.390000
6781.390000
6781.390000
6781.390000
6781.390000
6781.390000
6781.390000
6781.390000
6781.390000
6781.390000
6781.390000
6781.390000
6781.390000
6781.390000
6781.390000
1299.656875
4503.657326
0.000000
0.000000
0.000000
0.000000
5311.270028
3131.908681
51.124840
0.000000
2109.977352
2873.115118
531.287554
985.328973
475.290401
2478.537971
5595.796429
4896.160467
6781.390000
6781.390000
6781.390000
6781.390000
6781.390000
6781.390000
6781.390000
6781.390000
6781.390000
6781.390000
6781.390000
6781.390000
6781.390000
6781.390000
6781.390000
6781.390000
6781.390000
6781.390000
6781.390000
6781.390000
6781.390000
6781.390000
6781.390000
6781.390000
6781.390000
6781.390000
6781.390000
6781.390000
6781.390000
6781.390000
0.000000
0.000000
0.000000
0.000000
0.000000
0.000000
443.319518
2095.118873
3378.652168
4813.835720
5503.952547
5429.836417
3455.303587
2927.745174
3436.081008
4438.307258
5302.249486
490.301356
4936.535111
6781.390000
6781.390000
6781.390000
6781.390000
6781.390000
6781.390000
6781.390000
6781.390000
6781.390000
6781.390000
6781.390000
6781.390000
6781.390000
6781.390000
6781.390000
6781.390000
6781.390000
6781.390000
6781.390000
6781.390000
6781.390000
6781.390000
6781.390000
6781.390000
6781.390000
6781.390000
6781.390000
6781.390000
6781.390000
6781.390000
6781.390000
6781.390000
6781.390000
6781.390000
6781.390000
6781.390000
6781.390000
6781.390000
6781.390000
6781.390000
6781.390000
6781.390000
6781.390000
6781.390000
6781.390000
6781.390000
6781.390000
6781.390000
6781.390000
6781.390000
6781.390000
6781.390000
6781.390000
6781.390000
6781.390000
6781.390000
6781.390000
6781.390000
6781.390000
6781.390000
6781.390000
6781.390000
6781.390000
6781.390000
6781.390000
6781.390000
6781.390000
6781.390000
6781.390000
6781.390000
6781.390000
6781.390000
6781.390000
6781.390000
6781.390000
6781.390000
6781.390000
6781.390000
6781.390000
6781.390000
6781.390000
6781.390000
6781.390000
6781.390000
6781.390000
6781.390000
6781.390000
6781.390000
6781.390000
6781.390000
6781.390000
6781.390000
6781.390000
6781.390000
6781.390000
6781.390000
6781.390000
6781.390000
6781.390000
6781.390000
6781.390000
6781.390000
6781.390000
6781.390000
6781.390000
6781.390000
6781.390000
6781.390000
6781.390000
6781.390000
6781.390000
6781.390000
6781.390000
6781.390000
6781.390000
6781.390000
6781.390000
6781.390000
6781.390000
6781.390000
6781.390000
6781.390000
6781.390000
6781.390000
6781.390000
6781.390000
6781.390000
6781.390000
6781.390000
6781.390000
6781.390000
6781.390000
6781.390000
6781.390000
6781.390000
6781.390000
6781.390000
6781.390000
6781.390000
6781.390000
6781.390000
6781.390000
6781.390000
6781.390000
6781.390000
6781.390000
6781.390000
6781.390000
6781.390000
6781.390000
6781.390000
6781.390000
6781.390000
6781.390000
6781.390000
6781.390000
6781.390000
6781.390000
6781.390000
6781.390000
6781.390000
6781.390000
6781.390000
6781.390000
6781.390000
6781.390000
6781.390000
6781.390000
6781.390000
6781.390000
6781.390000
6781.390000
6781.390000
6781.390000
6781.390000
6781.390000
6781.390000
6781.390000
6781.390000
6781.390000
6781.390000
6781.390000
6781.390000
6781.390000
6781.390000
6781.390000
6781.390000
6781.390000
6781.390000
6781.390000
6781.390000
6781.390000
6781.390000
6781.390000
6781.390000
6781.390000
6781.390000
6781.390000
6781.390000
6781.390000
6781.390000
6781.390000
6781.390000
6781.390000
6781.390000
6781.390000
6781.390000
6781.390000
6781.390000
6781.390000
6781.390000
6781.390000
6781.390000
6781.390000
6781.390000
6781.390000
6781.390000
6781.390000
6781.390000
6781.390000
6781.390000
6774.522546
6781.390000
1863.595445
3166.191628
5973.110207
3330.225296
6781.390000
6781.390000
5840.768184
5807.671743
4776.653195
5247.030428
6781.390000
6781.390000
6781.390000
6781.390000
6781.390000
6781.390000
6781.390000
6781.390000
6781.390000
6781.390000
6781.390000
6781.390000
6781.390000
6781.390000
6781.390000
6781.390000
6781.390000
6781.390000
6781.390000
6781.390000
6781.390000
6781.390000
6781.390000
6781.390000
6781.390000
6781.390000
6781.390000
6781.390000
6781.390000
6781.390000
6781.390000
6781.390000
6781.390000
6781.390000
6781.390000
6781.390000
6781.390000
6781.390000
0.000000
0.000000
0.000000
0.000000
0.000000
0.000000
0.000000
0.000000
6472.000356
6781.390000
6781.390000
6781.390000
6781.390000
6781.390000
6781.390000
6781.390000
6781.390000
6781.390000
6781.390000
6781.390000
6781.390000
6781.390000
6781.390000
6781.390000
6781.390000
6781.390000
6781.390000
6781.390000
6781.390000
6781.390000
6781.390000
6781.390000
6781.390000
6781.390000
6781.390000
6781.390000
6781.390000
6781.390000
6781.390000
6781.390000
6781.390000
6781.390000
6781.390000
6781.390000
6781.390000
6781.390000
0.000000
0.000000
0.000000
0.000000
0.000000
0.000000
0.000000
0.000000
0.000000
0.000000
0.000000
0.000000
0.000000
0.000000
1901.934218
3049.970316
3272.082464
6781.390000
6781.390000
6781.390000
6781.390000
6781.390000
6781.390000
6781.390000
6781.390000
6781.390000
6781.390000
6781.390000
6781.390000
6781.390000
6781.390000
6781.390000
6781.390000
6781.390000
6781.390000
6781.390000
6781.390000
6781.390000
6781.390000
6781.390000
6781.390000
6781.390000
6781.390000
6781.390000
6781.390000
6781.390000
6781.390000
6781.390000
0.000000
0.000000
0.000000
0.000000
0.000000
0.000000
0.000000
0.000000
0.000000
0.000000
0.000000
0.000000
6781.390000
6781.390000
6781.390000
6781.390000
6781.390000
6781.390000
358.487035
4383.163039
6781.390000
6781.390000
6781.390000
6781.390000
6781.390000
6781.390000
6781.390000
6781.390000
6781.390000
6781.390000
6781.390000
6781.390000
6781.390000
6781.390000
6781.390000
6781.390000
6781.390000
6781.390000
6781.390000
6781.390000
6781.390000
6781.390000
6781.390000
6781.390000
6781.390000
6781.390000
6781.390000
6781.390000
4202.051959
6586.364971
0.000000
1557.838662
1570.094638
0.000000
0.000000
0.000000
0.000000
0.000000
0.000000
0.000000
0.000000
0.000000
0.000000
0.000000
1080.280488
2938.285605
6781.390000
6781.390000
6781.390000
6781.390000
6781.390000
6781.390000
6781.390000
6781.390000
6781.390000
6781.390000
6781.390000
6781.390000
6781.390000
6781.390000
6781.390000
6781.390000
6781.390000
6781.390000
6781.390000
6781.390000
6781.390000
6781.390000
6781.390000
6781.390000
6781.390000
6781.390000
6781.390000
6781.390000
6781.390000
6781.390000
5347.494087
6781.390000
0.000000
0.000000
0.000000
0.000000
0.000000
0.000000
0.000000
0.000000
0.000000
0.000000
5348.588853
5526.859242
6695.705471
6781.390000
6781.390000
6131.889920
6781.390000
6781.390000
6781.390000
6781.390000
6781.390000
6781.390000
6781.390000
6781.390000
6781.390000
6781.390000
6781.390000
6781.390000
6781.390000
6781.390000
6781.390000
6781.390000
6781.390000
6781.390000
6781.390000
6781.390000
6781.390000
6781.390000
6781.390000
6781.390000
6781.390000
6781.390000
6781.390000
6781.390000
6781.390000
6781.390000
736.947742
2811.079537
0.000000
0.000000
0.000000
0.000000
0.000000
0.000000
0.000000
0.000000
0.000000
0.000000
3832.577363
4375.159318
6781.390000
6781.390000
6781.390000
6781.390000
6781.390000
6781.390000
6781.390000
6781.390000
6781.390000
6781.390000
6781.390000
6781.390000
6781.390000
6781.390000
6781.390000
6781.390000
6781.390000
6781.390000
6781.390000
6781.390000
6781.390000
6781.390000
6781.390000
6781.390000
6781.390000
6781.390000
6781.390000
6781.390000
6781.390000
6781.390000
6781.390000
6781.390000
6781.390000
6781.390000
4232.512718
6687.617969
1352.177644
2805.777212
6781.390000
6781.390000
5913.569365
4048.176544
2155.114618
2400.485110
4164.679259
4788.254784
6781.390000
6781.390000
6781.390000
6781.390000
6781.390000
6781.390000
6781.390000
6781.390000
6781.390000
6781.390000
6781.390000
6781.390000
6781.390000
6781.390000
6781.390000
6781.390000
6781.390000
6781.390000
6781.390000
6781.390000
6781.390000
6781.390000
6781.390000
6781.390000
6781.390000
6781.390000
6781.390000
6781.390000
6781.390000
6781.390000
6781.390000
6781.390000
6781.390000
6781.390000
6781.390000
6781.390000
6781.390000
6781.390000
6781.390000
6781.390000
6781.390000
6781.390000
6781.390000
6781.390000
4515.045789
4888.412008
4679.421500
5620.265468
6781.390000
6781.390000
6781.390000
6781.390000
6781.390000
6781.390000
6781.390000
6781.390000
6781.390000
6781.390000
6781.390000
6781.390000
6781.390000
6781.390000
6781.390000
6781.390000
6781.390000
6781.390000
6781.390000
6781.390000
6781.390000
6781.390000
6781.390000
6781.390000
6781.390000
6781.390000
6781.390000
6781.390000
6781.390000
6781.390000
6781.390000
6781.390000
6781.390000
6781.390000
6781.390000
6781.390000
6781.390000
6781.390000
5570.456978
6429.643174
5429.300283
6781.390000
0.000000
48.012862
0.000000
1848.804897
0.000000
0.000000
1209.243353
813.505630
6781.390000
6781.390000
5313.922143
3839.072615
6781.390000
6781.390000
6781.390000
6781.390000
6781.390000
6781.390000
6781.390000
6781.390000
6781.390000
6781.390000
6781.390000
6781.390000
6781.390000
6781.390000
6781.390000
6781.390000
6781.390000
6781.390000
6781.390000
6781.390000
6781.390000
6781.390000
6781.390000
6781.390000
6781.390000
6781.390000
6781.390000
6781.390000
6781.390000
6781.390000
6781.390000
6781.390000
6781.390000
6781.390000
6781.390000
6781.390000
6781.390000
6781.390000
6781.390000
6781.390000
6781.390000
6781.390000
6781.390000
6781.390000
6781.390000
6781.390000
6781.390000
6781.390000
6781.390000
6781.390000
6781.390000
6781.390000
6781.390000
6781.390000
6781.390000
6781.390000
6781.390000
6781.390000
6781.390000
6781.390000
6781.390000
6781.390000
6781.390000
6781.390000
6781.390000
6781.390000
6781.390000
6781.390000
6781.390000
6781.390000
6781.390000
6781.390000
6781.390000
6781.390000
6781.390000
6781.390000
6781.390000
6781.390000
6781.390000
6781.390000
2973.555857
5030.430727
774.338858
0.000000
0.000000
0.000000
1730.464667
2001.216066
0.000000
0.000000
0.000000
191.219006
6781.390000
6781.390000
6781.390000
6781.390000
6781.390000
6781.390000
6781.390000
6781.390000
6781.390000
6781.390000
6781.390000
6781.390000
6781.390000
6781.390000
6781.390000
6781.390000
6781.390000
6781.390000
6781.390000
6781.390000
6781.390000
6781.390000
6781.390000
6781.390000
6781.390000
6781.390000
6781.390000
6781.390000
6781.390000
6781.390000
6781.390000
6781.390000
6781.390000
6781.390000
6781.390000
6781.390000
6781.390000
6781.390000
6781.390000
6781.390000
6781.390000
6781.390000
6781.390000
6781.390000
6781.390000
6781.390000
6781.390000
6781.390000
6781.390000
6781.390000
6781.390000
6781.390000
6781.390000
6781.390000
6781.390000
6781.390000
6781.390000
6781.390000
6781.390000
6781.390000
6781.390000
6781.390000
6781.390000
6781.390000
6781.390000
6781.390000
6781.390000
6781.390000
6781.390000
6781.390000
6781.390000
6781.390000
6781.390000
6781.390000
6781.390000
6781.390000
6781.390000
6781.390000
6781.390000
6781.390000
6781.390000
6781.390000
6781.390000
6781.390000
6781.390000
6781.390000
6781.390000
6781.390000
6781.390000
6781.390000
6781.390000
6781.390000
5853.397042
6715.236872
6781.390000
6781.390000
5980.110856
6781.390000
6781.390000
6781.390000
6781.390000
6781.390000
6781.390000
6781.390000
6781.390000
6781.390000
6781.390000
6781.390000
6781.390000
6781.390000
6781.390000
6781.390000
6781.390000
6781.390000
6781.390000
6781.390000
6781.390000
6781.390000
6781.390000
6781.390000
6781.390000
6781.390000
6781.390000
6781.390000
6781.390000
6781.390000
6781.390000
6781.390000
6781.390000
6781.390000
6781.390000
6781.390000
6781.390000
6781.390000
6781.390000
6781.390000
6781.390000
6781.390000
6781.390000
6781.390000
6781.390000
6781.390000
6781.390000
6781.390000
6781.390000
6781.390000
6781.390000
6781.390000
6781.390000
6781.390000
6781.390000
6781.390000
6781.390000
6781.390000
6781.390000
6781.390000
6781.390000
6781.390000
6781.390000
6781.390000
6781.390000
6781.390000
6781.390000
6781.390000
6781.390000
6781.390000
6781.390000
6781.390000
6781.390000
6781.390000
6781.390000
6781.390000
6781.390000
6781.390000
6781.390000
6781.390000
6781.390000
6781.390000
6781.390000
6781.390000
6781.390000
6781.390000
6781.390000
6781.390000
6781.390000
6781.390000
6781.390000
6781.390000
6781.390000
6781.390000
6781.390000
6781.390000
6781.390000
6781.390000
6781.390000
6781.390000
6781.390000
6781.390000
6781.390000
6781.390000
6781.390000
6781.390000
6781.390000
6781.390000
6781.390000
6781.390000
6781.390000
6781.390000
6781.390000
6781.390000
6781.390000
6781.390000
6781.390000
6781.390000
6781.390000
6781.390000
6781.390000
6781.390000
6781.390000
6781.390000
6781.390000
6781.390000
6781.390000
6781.390000
6781.390000
6781.390000
6781.390000
6781.390000
6781.390000
6781.390000
6781.390000
6781.390000
6781.390000
6781.390000
6781.390000
6781.390000
6781.390000
6781.390000
6781.390000
6781.390000
6781.390000
6781.390000
6781.390000
6781.390000
6781.390000
6781.390000
6781.390000
6781.390000
6781.390000
6781.390000
6781.390000
6781.390000
6781.390000
6781.390000
6781.390000
6781.390000
6781.390000
6781.390000
6781.390000
6781.390000
6781.390000
6781.390000
6781.390000
6781.390000
6781.390000
6781.390000
6781.390000
6781.390000
6781.390000
6781.390000
6781.390000
6781.390000
6781.390000
6781.390000
6781.390000
6781.390000
6781.390000
6781.390000
6781.390000
6781.390000
6781.390000
6781.390000
6781.390000
6781.390000
6781.390000
6781.390000
6781.390000
6781.390000
6781.390000
6781.390000
6781.390000
6781.390000
6781.390000
6781.390000
6781.390000
6781.390000
6781.390000
6781.390000
6781.390000
6781.390000
6781.390000
6781.390000
6781.390000
6781.390000
6781.390000
6781.390000
6781.390000
6781.390000
6781.390000
6781.390000
6781.390000
6781.390000
6781.390000
6781.390000
6781.390000
6781.390000
6781.390000
6781.390000
6781.390000
6781.390000
6781.390000
6781.390000
6781.390000
6781.390000
6781.390000
6781.390000
6781.390000
6781.390000
6781.390000
5567.782928
6499.007996
6652.151631
6781.390000
6781.390000
6781.390000
6781.390000
6781.390000
6781.390000
6781.390000
6781.390000
6781.390000
6781.390000
6781.390000
6781.390000
6781.390000
6781.390000
6781.390000
6781.390000
6781.390000
6781.390000
6781.390000
6781.390000
6781.390000
6781.390000
6781.390000
6781.390000
6781.390000
6781.390000
6781.390000
6781.390000
6781.390000
6781.390000
6781.390000
6781.390000
6781.390000
6781.390000
6781.390000
6781.390000
6781.390000
6781.390000
6781.390000
6781.390000
6781.390000
6781.390000
6781.390000
6781.390000
6781.390000
6781.390000
6781.390000
6781.390000
6781.390000
0.000000
0.000000
0.000000
4716.197264
6781.390000
6781.390000
6781.390000
6781.390000
6781.390000
6781.390000
6781.390000
6781.390000
6781.390000
6781.390000
6781.390000
6781.390000
6781.390000
6781.390000
6781.390000
6781.390000
6781.390000
6781.390000
6781.390000
6781.390000
6781.390000
6781.390000
6781.390000
6781.390000
6781.390000
6781.390000
6781.390000
6781.390000
6781.390000
6781.390000
6781.390000
6781.390000
6781.390000
6781.390000
6781.390000
6781.390000
6781.390000
6781.390000
6781.390000
6781.390000
0.000000
0.000000
0.000000
0.000000
0.000000
383.641578
1116.062524
5387.734427
6781.390000
6781.390000
6781.390000
6781.390000
6781.390000
6781.390000
6781.390000
6781.390000
6781.390000
6781.390000
6781.390000
6781.390000
6781.390000
6781.390000
6781.390000
6781.390000
6781.390000
6781.390000
6781.390000
6781.390000
6781.390000
6781.390000
6781.390000
6781.390000
6781.390000
6781.390000
6781.390000
6781.390000
6781.390000
6781.390000
6781.390000
6781.390000
6781.390000
6781.390000
6781.390000
6781.390000
6781.390000
6781.390000
6781.390000
0.000000
0.000000
0.000000
0.000000
0.000000
0.000000
2887.847091
3692.225933
6781.390000
6781.390000
6781.390000
6781.390000
6781.390000
6781.390000
6781.390000
6781.390000
6781.390000
6781.390000
6781.390000
6781.390000
6781.390000
6781.390000
6781.390000
6781.390000
6781.390000
6781.390000
6781.390000
6781.390000
6781.390000
6781.390000
6781.390000
6781.390000
6781.390000
6781.390000
6781.390000
6781.390000
6781.390000
6781.390000
6781.390000
6781.390000
6781.390000
6781.390000
1762.079289
5320.352335
5320.709740
6781.390000
6781.390000
6781.390000
6781.390000
6781.390000
6781.390000
6781.390000
6781.390000
6781.390000
6781.390000
6781.390000
6781.390000
6781.390000
6781.390000
6781.390000
6781.390000
6781.390000
6781.390000
6781.390000
6781.390000
6781.390000
6781.390000
6781.390000
6781.390000
6781.390000
6781.390000
6781.390000
6781.390000
6781.390000
6781.390000
6781.390000
6781.390000
6781.390000
6781.390000
6781.390000
6781.390000
6781.390000
6781.390000
6781.390000
6781.390000
6781.390000
6781.390000
6781.390000
6781.390000
6781.390000
6781.390000
6781.390000
897.439337
2077.708913
6781.390000
6781.390000
6781.390000
6781.390000
6781.390000
6781.390000
6781.390000
6781.390000
6781.390000
6781.390000
6781.390000
6781.390000
6781.390000
6781.390000
6781.390000
6781.390000
6781.390000
6781.390000
6781.390000
6781.390000
6781.390000
6781.390000
6781.390000
6781.390000
6781.390000
6781.390000
6781.390000
6781.390000
6781.390000
6781.390000
6781.390000
6781.390000
6781.390000
6781.390000
6781.390000
6781.390000
6781.390000
6781.390000
6781.390000
6781.390000
6781.390000
6781.390000
6781.390000
6781.390000
6781.390000
6781.390000
6781.390000
6781.390000
0.000000
0.000000
0.000000
0.000000
1324.894653
3276.986381
6781.390000
6781.390000
6781.390000
6781.390000
6781.390000
6781.390000
6781.390000
6781.390000
6781.390000
6781.390000
6781.390000
6781.390000
6781.390000
6781.390000
6781.390000
6781.390000
6781.390000
6781.390000
6781.390000
6781.390000
6781.390000
6781.390000
6781.390000
6781.390000
6781.390000
6781.390000
6781.390000
6781.390000
6781.390000
6781.390000
6781.390000
6781.390000
6781.390000
6781.390000
6781.390000
6781.390000
6781.390000
6781.390000
6781.390000
6781.390000
6781.390000
6781.390000
6781.390000
6781.390000
6781.390000
6781.390000
6781.390000
6781.390000
6781.390000
6781.390000
6618.756130
6781.390000
6781.390000
6781.390000
6781.390000
6781.390000
6781.390000
6781.390000
6781.390000
6781.390000
6781.390000
6781.390000
6781.390000
6781.390000
6781.390000
6781.390000
6781.390000
6781.390000
6781.390000
6781.390000
6781.390000
6781.390000
6781.390000
6781.390000
6781.390000
6781.390000
6781.390000
6781.390000
6781.390000
6781.390000
6781.390000
6781.390000
6781.390000
6781.390000
6781.390000
6781.390000
6781.390000
6781.390000
6781.390000
6781.390000
6781.390000
6650.758730
6347.930794
4036.672482
6781.390000
6781.390000
6781.390000
6781.390000
6781.390000
6781.390000
6781.390000
6781.390000
6781.390000
6781.390000
6781.390000
6781.390000
6781.390000
6781.390000
6781.390000
6781.390000
6781.390000
6781.390000
6781.390000
6781.390000
6781.390000
6781.390000
6781.390000
6781.390000
6781.390000
6781.390000
6781.390000
6781.390000
6781.390000
6781.390000
6781.390000
6781.390000
6781.390000
6781.390000
6781.390000
6781.390000
6781.390000
6781.390000
6781.390000
6781.390000
0.000000
0.000000
0.000000
0.000000
0.000000
0.000000
0.000000
0.000000
0.000000
0.000000
2112.041636
2911.473062
6781.390000
6781.390000
6781.390000
6781.390000
6781.390000
6781.390000
6781.390000
6781.390000
6781.390000
6781.390000
6781.390000
6781.390000
6781.390000
6781.390000
6781.390000
6781.390000
6781.390000
6781.390000
6781.390000
6781.390000
6781.390000
6781.390000
6781.390000
6781.390000
6781.390000
6781.390000
6781.390000
6781.390000
6781.390000
6781.390000
6781.390000
6781.390000
6781.390000
6781.390000
6781.390000
6781.390000
2657.639068
5557.791520
0.000000
697.488313
4406.335024
2014.717798
0.000000
0.000000
0.000000
0.000000
656.641258
1553.604398
6781.390000
6781.390000
6781.390000
6781.390000
6781.390000
6781.390000
6781.390000
6781.390000
6781.390000
6781.390000
6781.390000
6781.390000
6781.390000
6781.390000
6781.390000
6781.390000
6781.390000
6781.390000
6781.390000
6781.390000
6781.390000
6781.390000
6781.390000
6781.390000
6781.390000
6781.390000
6781.390000
6781.390000
6781.390000
6781.390000
6781.390000
6781.390000
6781.390000
6781.390000
6781.390000
6781.390000
6781.390000
6781.390000
6781.390000
6781.390000
6781.390000
6781.390000
6781.390000
6781.390000
6781.390000
6781.390000
6781.390000
6781.390000
6781.390000
6781.390000
6781.390000
6781.390000
6781.390000
6781.390000
6781.390000
6781.390000
6781.390000
6781.390000
6781.390000
6781.390000
6781.390000
6781.390000
6781.390000
6781.390000
6781.390000
6781.390000
6781.390000
6781.390000
6781.390000
6781.390000
6781.390000
6781.390000
6781.390000
6781.390000
6781.390000
6781.390000
6781.390000
6781.390000
6781.390000
6781.390000
6781.390000
6781.390000
6781.390000
6781.390000
6781.390000
6781.390000
6781.390000
6781.390000
6781.390000
6781.390000
6781.390000
6781.390000
6781.390000
6781.390000
6781.390000
6781.390000
6781.390000
6781.390000
6781.390000
6781.390000
6781.390000
6781.390000
6781.390000
6781.390000
6781.390000
6781.390000
6781.390000
6781.390000
6781.390000
6781.390000
6781.390000
6781.390000
6781.390000
6781.390000
6781.390000
6781.390000
6781.390000
6781.390000
6781.390000
6781.390000
6781.390000
6781.390000
6781.390000
6781.390000
6781.390000
6781.390000
6781.390000
6781.390000
6781.390000
6781.390000
6781.390000
6781.390000
0.000000
0.000000
0.000000
0.000000
0.000000
0.000000
0.000000
0.000000
0.000000
0.000000
3578.771907
3591.194539
6781.390000
6781.390000
6781.390000
6781.390000
6781.390000
6781.390000
6781.390000
6781.390000
6781.390000
6781.390000
6781.390000
6781.390000
6781.390000
6781.390000
6781.390000
6781.390000
6781.390000
6781.390000
6781.390000
6781.390000
6781.390000
6781.390000
6781.390000
6781.390000
6781.390000
6781.390000
6781.390000
6781.390000
6781.390000
6781.390000
6781.390000
6781.390000
6781.390000
6781.390000
6781.390000
6781.390000
0.000000
0.000000
0.000000
0.000000
0.000000
0.000000
0.000000
0.000000
3183.706227
3331.295017
6781.390000
6781.390000
6781.390000
6781.390000
6781.390000
6781.390000
6781.390000
6781.390000
6781.390000
6781.390000
6781.390000
6781.390000
6781.390000
6781.390000
6781.390000
6781.390000
6781.390000
6781.390000
6781.390000
6781.390000
6781.390000
6781.390000
6781.390000
6781.390000
6781.390000
6781.390000
6781.390000
6781.390000
6781.390000
6781.390000
6781.390000
6781.390000
6781.390000
6781.390000
6781.390000
6781.390000
6781.390000
6781.390000
6781.390000
6781.390000
6781.390000
6781.390000
6781.390000
6781.390000
6781.390000
6781.390000
6781.390000
6781.390000
6781.390000
6781.390000
6781.390000
6781.390000
6781.390000
6781.390000
6781.390000
6781.390000
6781.390000
6781.390000
6781.390000
6781.390000
6781.390000
6781.390000
6781.390000
6781.390000
6781.390000
6781.390000
6781.390000
6781.390000
6781.390000
6781.390000
6781.390000
6781.390000
6781.390000
6781.390000
6781.390000
6781.390000
6781.390000
6781.390000
6781.390000
6781.390000
6781.390000
6781.390000
6781.390000
6781.390000
6781.390000
6781.390000
6781.390000
6781.390000
6781.390000
6781.390000
6781.390000
6781.390000
6781.390000
6781.390000
6781.390000
6781.390000
1907.756064
2903.127179
6781.390000
6781.390000
6228.947713
6781.390000
6781.390000
6781.390000
6781.390000
6781.390000
6781.390000
6781.390000
6781.390000
6781.390000
6781.390000
6781.390000
6781.390000
6781.390000
6781.390000
6781.390000
6781.390000
6781.390000
6781.390000
6781.390000
6781.390000
6781.390000
6781.390000
6781.390000
6781.390000
6781.390000
6781.390000
6781.390000
6781.390000
6781.390000
6781.390000
6781.390000
6781.390000
6781.390000
6781.390000
6781.390000
6781.390000
6781.390000
6781.390000
6781.390000
6781.390000
6781.390000
5116.763400
5387.917193
0.000000
0.000000
0.000000
0.000000
0.000000
324.285247
5184.565328
6781.390000
6781.390000
6781.390000
6781.390000
6781.390000
6781.390000
6781.390000
6781.390000
6781.390000
6781.390000
6781.390000
6781.390000
6781.390000
6781.390000
6781.390000
6781.390000
6781.390000
6781.390000
6781.390000
6781.390000
6781.390000
6781.390000
6781.390000
6781.390000
6781.390000
6781.390000
6781.390000
6781.390000
6781.390000
4227.176767
6781.390000
0.000000
0.000000
0.000000
0.000000
0.000000
0.000000
0.000000
0.000000
0.000000
0.000000
0.000000
0.000000
0.000000
0.000000
0.000000
0.000000
0.000000
0.000000
0.000000
0.000000
2707.875112
5115.718851
6781.390000
6781.390000
6781.390000
6781.390000
6781.390000
6781.390000
6781.390000
6781.390000
6781.390000
6781.390000
6781.390000
6781.390000
6781.390000
6781.390000
6781.390000
6781.390000
6781.390000
6781.390000
6781.390000
6781.390000
6781.390000
6781.390000
6781.390000
6781.390000
6781.390000
6781.390000
0.000000
0.000000
0.000000
0.000000
0.000000
0.000000
0.000000
0.000000
0.000000
0.000000
6781.390000
6781.390000
6781.390000
6781.390000
6781.390000
6781.390000
6781.390000
4433.681739
6781.390000
6781.390000
6781.390000
6781.390000
6781.390000
6781.390000
6781.390000
6781.390000
6781.390000
6781.390000
6781.390000
6781.390000
6781.390000
6781.390000
6781.390000
6781.390000
6781.390000
6781.390000
6781.390000
6781.390000
6781.390000
6781.390000
6781.390000
6781.390000
6781.390000
6781.390000
6781.390000
6781.390000
6781.390000
6781.390000
0.000000
0.000000
0.000000
0.000000
0.000000
0.000000
0.000000
0.000000
3946.887372
5841.065113
6781.390000
6781.390000
6781.390000
6781.390000
6781.390000
6781.390000
6781.390000
6781.390000
6781.390000
6781.390000
6781.390000
6781.390000
6781.390000
6781.390000
6781.390000
6781.390000
6781.390000
6781.390000
6781.390000
6781.390000
6781.390000
6781.390000
6781.390000
6781.390000
6781.390000
6781.390000
6781.390000
6781.390000
6781.390000
6781.390000
6781.390000
6781.390000
6781.390000
6781.390000
6781.390000
6781.390000
6781.390000
6781.390000
5094.458809
6781.390000
2725.115271
5079.617332
3078.736354
1345.445710
875.509133
0.000000
6396.245953
6781.390000
3948.589927
4879.238140
2348.660933
2761.763943
6781.390000
6781.390000
6781.390000
6781.390000
6781.390000
6781.390000
6781.390000
6781.390000
6781.390000
6781.390000
6781.390000
6781.390000
6781.390000
6781.390000
6781.390000
6781.390000
6781.390000
6781.390000
6781.390000
6781.390000
6781.390000
6781.390000
6781.390000
6781.390000
6781.390000
6781.390000
6781.390000
6781.390000
6781.390000
6781.390000
6781.390000
6781.390000
6781.390000
6781.390000
6781.390000
6781.390000
6781.390000
6781.390000
6781.390000
6781.390000
6781.390000
6781.390000
6781.390000
6781.390000
6781.390000
6781.390000
6781.390000
6781.390000
6781.390000
6781.390000
6781.390000
6781.390000
6781.390000
6781.390000
6781.390000
6781.390000
6781.390000
6781.390000
6781.390000
6781.390000
6781.390000
6781.390000
6781.390000
6781.390000
6781.390000
6781.390000
6781.390000
6781.390000
6781.390000
6781.390000
6781.390000
6781.390000
6781.390000
6781.390000
6781.390000
6781.390000
6781.390000
6781.390000
6781.390000
6781.390000
6781.390000
6781.390000
6781.390000
6781.390000
6781.390000
6781.390000
6781.390000
6781.390000
6781.390000
6781.390000
6781.390000
6781.390000
6781.390000
6781.390000
6781.390000
6781.390000
6781.390000
6781.390000
6781.390000
6781.390000
6781.390000
6781.390000
6781.390000
6781.390000
6781.390000
6781.390000
6781.390000
6781.390000
6781.390000
6781.390000
6781.390000
6781.390000
6781.390000
6781.390000
6781.390000
6781.390000
6781.390000
6781.390000
6781.390000
6781.390000
6781.390000
6781.390000
6781.390000
6781.390000
6781.390000
6781.390000
6781.390000
6781.390000
6781.390000
6781.390000
6781.390000
6781.390000
6781.390000
6781.390000
6781.390000
6781.390000
6781.390000
6781.390000
6781.390000
6781.390000
6781.390000
6781.390000
6781.390000
6781.390000
6781.390000
6781.390000
6781.390000
6781.390000
6781.390000
6781.390000
6781.390000
6781.390000
6781.390000
6781.390000
6781.390000
6781.390000
6781.390000
6781.390000
6781.390000
6781.390000
6781.390000
6781.390000
6781.390000
6781.390000
6781.390000
6781.390000
6781.390000
6781.390000
6781.390000
6781.390000
6781.390000
6781.390000
6781.390000
6781.390000
6781.390000
6781.390000
6781.390000
6781.390000
6781.390000
6781.390000
6781.390000
6781.390000
6781.390000
6781.390000
6781.390000
6781.390000
6781.390000
6781.390000
6781.390000
6781.390000
6781.390000
6781.390000
6781.390000
6781.390000
6781.390000
6781.390000
6781.390000
6781.390000
6781.390000
6781.390000
6781.390000
6781.390000
6781.390000
6781.390000
6781.390000
6781.390000
6781.390000
6781.390000
6781.390000
6781.390000
6781.390000
6781.390000
6781.390000
6781.390000
6781.390000
6781.390000
6781.390000
6781.390000
6781.390000
6781.390000
6781.390000
6781.390000
6781.390000
6781.390000
6781.390000
6781.390000
6781.390000
6781.390000
291.198180
1320.024943
0.000000
487.013521
2113.371666
3384.950886
6781.390000
6781.390000
6781.390000
6781.390000
6781.390000
6781.390000
6781.390000
6781.390000
6781.390000
6781.390000
6781.390000
6781.390000
6781.390000
6781.390000
6781.390000
6781.390000
6781.390000
6781.390000
6781.390000
6781.390000
6781.390000
6781.390000
6781.390000
6781.390000
6781.390000
6781.390000
6781.390000
6781.390000
6781.390000
6781.390000
6781.390000
6781.390000
6781.390000
6781.390000
6781.390000
6781.390000
6781.390000
6781.390000
6781.390000
6781.390000
3844.700198
4468.456436
0.000000
0.000000
0.000000
0.000000
2188.472618
3749.497684
6781.390000
6781.390000
6781.390000
6781.390000
6781.390000
6781.390000
6781.390000
6781.390000
6781.390000
6781.390000
6781.390000
6781.390000
6781.390000
6781.390000
6781.390000
6781.390000
6781.390000
6781.390000
6781.390000
6781.390000
6781.390000
6781.390000
6781.390000
6781.390000
6781.390000
6781.390000
6781.390000
6781.390000
6781.390000
6781.390000
6781.390000
6781.390000
6781.390000
6781.390000
6781.390000
6781.390000
6781.390000
6781.390000
6781.390000
6781.390000
6781.390000
6781.390000
1938.603029
4180.589032
4369.831442
2324.168134
263.252840
0.000000
6781.390000
6781.390000
6781.390000
6781.390000
6781.390000
6781.390000
6781.390000
6781.390000
6781.390000
6781.390000
6781.390000
6781.390000
6781.390000
6781.390000
6781.390000
6781.390000
6781.390000
6781.390000
6781.390000
6781.390000
6781.390000
6781.390000
6781.390000
6781.390000
6781.390000
6781.390000
6781.390000
6781.390000
6781.390000
6781.390000
6781.390000
6781.390000
6781.390000
6781.390000
6781.390000
6781.390000
6781.390000
6781.390000
6781.390000
6781.390000
6781.390000
6781.390000
0.000000
0.000000
0.000000
0.000000
0.000000
0.000000
6735.044330
6599.242797
3393.838075
3744.161527
6781.390000
6781.390000
6781.390000
6781.390000
6781.390000
6781.390000
6781.390000
6781.390000
6781.390000
6781.390000
6781.390000
6781.390000
6781.390000
6781.390000
6781.390000
6781.390000
6781.390000
6781.390000
6781.390000
6781.390000
6781.390000
6781.390000
6781.390000
6781.390000
6781.390000
6781.390000
6781.390000
6781.390000
6781.390000
6781.390000
6781.390000
6781.390000
6781.390000
6781.390000
6781.390000
6781.390000
1814.059642
4484.433234
0.000000
858.485502
0.000000
0.000000
0.000000
0.000000
1711.547175
1575.367152
6781.390000
6781.390000
6781.390000
6781.390000
6781.390000
6781.390000
6781.390000
6781.390000
6781.390000
6781.390000
6781.390000
6781.390000
6781.390000
6781.390000
6781.390000
6781.390000
6781.390000
6781.390000
6781.390000
6781.390000
6781.390000
6781.390000
6781.390000
6781.390000
6781.390000
6781.390000
6781.390000
6781.390000
6781.390000
6781.390000
6781.390000
6781.390000
6781.390000
6781.390000
6781.390000
6781.390000
6781.390000
6781.390000
0.000000
0.000000
0.000000
0.000000
0.000000
0.000000
0.000000
0.000000
0.000000
0.000000
0.000000
0.000000
0.000000
0.000000
5013.669978
6781.390000
6781.390000
6781.390000
6781.390000
6781.390000
6781.390000
6781.390000
6781.390000
6781.390000
6781.390000
6781.390000
6781.390000
6781.390000
6781.390000
6781.390000
6781.390000
6781.390000
6781.390000
6781.390000
6781.390000
6781.390000
6781.390000
6781.390000
6781.390000
6781.390000
6781.390000
6781.390000
6781.390000
6781.390000
6781.390000
6781.390000
6781.390000
6781.390000
0.000000
0.000000
0.000000
0.000000
0.000000
0.000000
0.000000
0.000000
0.000000
0.000000
0.000000
0.000000
0.000000
0.000000
6781.390000
6781.390000
6781.390000
6781.390000
6781.390000
6781.390000
6781.390000
6781.390000
6781.390000
6781.390000
6781.390000
6781.390000
6781.390000
6781.390000
6781.390000
6781.390000
6781.390000
6781.390000
6781.390000
6781.390000
6781.390000
6781.390000
6781.390000
6781.390000
6781.390000
6781.390000
6781.390000
6781.390000
6781.390000
6781.390000
6781.390000
6781.390000
6781.390000
6781.390000
1326.666942
2119.847058
0.000000
0.000000
0.000000
0.000000
1674.727395
3259.325390
5592.547064
6781.390000
6781.390000
6781.390000
6781.390000
6781.390000
6781.390000
6781.390000
6781.390000
6781.390000
6781.390000
6781.390000
6781.390000
6781.390000
6781.390000
6781.390000
6781.390000
6781.390000
6781.390000
6781.390000
6781.390000
6781.390000
6781.390000
6781.390000
6781.390000
6781.390000
6781.390000
6781.390000
6781.390000
6781.390000
6781.390000
6781.390000
6781.390000
6781.390000
6781.390000
6781.390000
6781.390000
6781.390000
6781.390000
6781.390000
0.000000
0.000000
0.000000
0.000000
0.000000
0.000000
0.000000
0.000000
0.000000
0.000000
0.000000
0.000000
0.000000
0.000000
0.000000
0.000000
3421.191955
6781.390000
6781.390000
6781.390000
6781.390000
6781.390000
6781.390000
6781.390000
6781.390000
6781.390000
6781.390000
6781.390000
6781.390000
6781.390000
6781.390000
6781.390000
6781.390000
6781.390000
6781.390000
6781.390000
6781.390000
6781.390000
6781.390000
6781.390000
6781.390000
6781.390000
6781.390000
6781.390000
6781.390000
6781.390000
6781.390000
6781.390000
6362.167425
6781.390000
0.000000
0.000000
0.000000
0.000000
0.000000
0.000000
0.000000
0.000000
1333.960797
2177.202148
6781.390000
6781.390000
6781.390000
6781.390000
6781.390000
0.000000
6781.390000
6781.390000
6781.390000
6781.390000
6781.390000
6781.390000
6781.390000
6781.390000
6781.390000
6781.390000
6781.390000
6781.390000
6781.390000
6781.390000
6781.390000
6781.390000
6781.390000
6781.390000
6781.390000
6781.390000
6781.390000
6781.390000
6781.390000
6781.390000
6781.390000
6781.390000
6781.390000
6781.390000
6781.390000
6781.390000
6781.390000
6781.390000
6781.390000
6781.390000
6781.390000
6781.390000
6781.390000
6781.390000
6781.390000
6781.390000
6781.390000
6781.390000
6781.390000
6781.390000
6781.390000
6781.390000
6781.390000
6781.390000
6781.390000
6781.390000
6781.390000
6781.390000
6781.390000
6781.390000
6781.390000
6781.390000
6781.390000
6781.390000
6781.390000
6781.390000
6781.390000
6781.390000
6781.390000
6781.390000
6781.390000
6781.390000
6781.390000
6781.390000
6781.390000
6781.390000
6781.390000
6781.390000
6781.390000
6781.390000
6781.390000
6781.390000
6781.390000
6781.390000
6781.390000
6781.390000
6781.390000
6781.390000
0.000000
1589.918546
6781.390000
6781.390000
6781.390000
6781.390000
6781.390000
6781.390000
6781.390000
6781.390000
6781.390000
6781.390000
6781.390000
6781.390000
6781.390000
6781.390000
6781.390000
6781.390000
6781.390000
6781.390000
6781.390000
6781.390000
6781.390000
6781.390000
6781.390000
6781.390000
6781.390000
6781.390000
6781.390000
6781.390000
6781.390000
6781.390000
6781.390000
6781.390000
6781.390000
6781.390000
6781.390000
6781.390000
6781.390000
6781.390000
6781.390000
6781.390000
6781.390000
6781.390000
0.000000
0.000000
0.000000
0.000000
0.000000
0.000000
0.000000
0.000000
0.000000
0.000000
0.000000
0.000000
0.000000
0.000000
5087.271843
6781.390000
6781.390000
6781.390000
6781.390000
6781.390000
6781.390000
6781.390000
6781.390000
6781.390000
6781.390000
6781.390000
6781.390000
6781.390000
6781.390000
6781.390000
6781.390000
6781.390000
6781.390000
6781.390000
6781.390000
6781.390000
6781.390000
6781.390000
6781.390000
6781.390000
6781.390000
6781.390000
6781.390000
6781.390000
6781.390000
6781.390000
6781.390000
6781.390000
6781.390000
6781.390000
6781.390000
6781.390000
6781.390000
6781.390000
6781.390000
6781.390000
6781.390000
6781.390000
6781.390000
6781.390000
6781.390000
6781.390000
6781.390000
6781.390000
6781.390000
6781.390000
6781.390000
6781.390000
6781.390000
6781.390000
6781.390000
6781.390000
6781.390000
6781.390000
6781.390000
6781.390000
6781.390000
6781.390000
6781.390000
6781.390000
6781.390000
6781.390000
6781.390000
6781.390000
6781.390000
6781.390000
6781.390000
6781.390000
6781.390000
6781.390000
6781.390000
6781.390000
6781.390000
6781.390000
6781.390000
6781.390000
6781.390000
6781.390000
4295.437265
5306.313355
0.000000
673.613855
2167.661673
3894.231302
6781.390000
6781.390000
6781.390000
6781.390000
6781.390000
6781.390000
6781.390000
6781.390000
6781.390000
6781.390000
6781.390000
6781.390000
6781.390000
6781.390000
6781.390000
6781.390000
6781.390000
6781.390000
6781.390000
6781.390000
6781.390000
6781.390000
6781.390000
6781.390000
6781.390000
6781.390000
6781.390000
6781.390000
6781.390000
6781.390000
6781.390000
6781.390000
6781.390000
6781.390000
6781.390000
6781.390000
6781.390000
6781.390000
6781.390000
6781.390000
6781.390000
6781.390000
0.000000
0.000000
0.000000
0.000000
0.000000
0.000000
0.000000
0.000000
857.504835
1024.152185
4362.482254
4060.283656
4918.926674
5909.372596
6781.390000
6781.390000
6781.390000
6781.390000
6781.390000
6781.390000
6781.390000
6781.390000
6781.390000
6781.390000
6781.390000
6781.390000
6781.390000
6781.390000
6781.390000
6781.390000
6781.390000
6781.390000
6781.390000
6781.390000
6781.390000
6781.390000
6781.390000
6781.390000
6781.390000
6781.390000
6781.390000
6781.390000
6781.390000
6781.390000
6781.390000
6781.390000
6781.390000
6781.390000
6781.390000
6781.390000
6781.390000
5494.970308
5200.196402
2887.345171
6781.390000
6737.919683
6781.390000
6781.390000
6781.390000
6781.390000
6781.390000
6781.390000
6781.390000
6781.390000
6781.390000
6781.390000
6781.390000
6781.390000
6781.390000
6781.390000
6781.390000
6781.390000
6781.390000
6781.390000
6781.390000
6781.390000
6781.390000
6781.390000
6781.390000
6781.390000
6781.390000
6781.390000
6781.390000
